chr	end	Reference_Allele	Tumor_Seq_Allele2	mut.count	WT.count	subclonal.CN	mutation.copy.number	subclonal.fraction	no.chrs.bearing.mut
1	9802	A	T	23	26	2	1	1	1
1	828932	A	T	14	35	2	1	1	1
1	609485	A	T	17	32	2	1	1	1
1	910522	A	T	13	36	2	1	1	1
1	897857	A	T	17	32	2	1	1	1
1	62797	A	T	20	29	2	1	1	1
1	467221	A	T	8	41	2	1	1	1
1	613307	A	T	22	27	2	1	1	1
1	382090	A	T	15	34	2	1	1	1
1	84881	A	T	12	37	2	1	1	1
1	866474	A	T	23	26	2	1	1	1
1	980660	A	T	18	31	2	1	1	1
1	638704	A	T	9	40	2	1	1	1
1	277696	A	T	17	32	2	1	1	1
1	369584	A	T	15	34	2	1	1	1
1	755411	A	T	14	35	2	1	1	1
1	981777	A	T	22	27	2	1	1	1
1	131667	A	T	17	32	2	1	1	1
1	380315	A	T	13	36	2	1	1	1
1	655012	A	T	17	32	2	1	1	1
1	948290	A	T	19	30	2	1	1	1
1	822452	A	T	24	25	2	1	1	1
1	784448	A	T	11	38	2	1	1	1
1	381583	A	T	18	31	2	1	1	1
1	918601	A	T	15	34	2	1	1	1
1	477479	A	T	9	40	2	1	1	1
1	603173	A	T	11	38	2	1	1	1
1	163985	A	T	11	38	2	1	1	1
1	946877	A	T	14	35	2	1	1	1
1	600509	A	T	21	28	2	1	1	1
1	776843	A	T	5	44	2	1	1	1
1	791975	A	T	12	37	2	1	1	1
1	684887	A	T	11	38	2	1	1	1
1	608083	A	T	13	36	2	1	1	1
1	899988	A	T	17	32	2	1	1	1
1	409307	A	T	12	37	2	1	1	1
1	451130	A	T	10	39	2	1	1	1
1	364406	A	T	11	38	2	1	1	1
1	993951	A	T	17	32	2	1	1	1
1	75208	A	T	15	34	2	1	1	1
1	576798	A	T	18	31	2	1	1	1
1	29710	A	T	10	39	2	1	1	1
1	811880	A	T	15	34	2	1	1	1
1	398891	A	T	16	33	2	1	1	1
1	426962	A	T	18	31	2	1	1	1
1	118941	A	T	18	31	2	1	1	1
1	833674	A	T	13	36	2	1	1	1
1	897379	A	T	21	28	2	1	1	1
1	702644	A	T	16	33	2	1	1	1
1	437384	A	T	13	36	2	1	1	1
1	6347	A	T	11	38	2	1	1	1
1	634621	A	T	15	34	2	1	1	1
1	685487	A	T	20	29	2	1	1	1
1	991028	A	T	14	35	2	1	1	1
1	893738	A	T	13	36	2	1	1	1
1	326939	A	T	10	39	2	1	1	1
1	745592	A	T	16	33	2	1	1	1
1	75982	A	T	21	28	2	1	1	1
1	775258	A	T	15	34	2	1	1	1
1	519738	A	T	22	27	2	1	1	1
1	829008	A	T	9	40	2	1	1	1
1	72217	A	T	18	31	2	1	1	1
1	180919	A	T	23	26	2	1	1	1
1	699538	A	T	15	34	2	1	1	1
1	925563	A	T	24	25	2	1	1	1
1	955860	A	T	21	28	2	1	1	1
1	753012	A	T	20	29	2	1	1	1
1	78970	A	T	6	43	2	1	1	1
1	935656	A	T	20	29	2	1	1	1
1	151103	A	T	17	32	2	1	1	1
1	90730	A	T	15	34	2	1	1	1
1	91577	A	T	12	37	2	1	1	1
1	767017	A	T	17	32	2	1	1	1
1	936766	A	T	15	34	2	1	1	1
1	111778	A	T	17	32	2	1	1	1
1	134520	A	T	9	40	2	1	1	1
1	784293	A	T	17	32	2	1	1	1
1	402583	A	T	19	30	2	1	1	1
1	424497	A	T	19	30	2	1	1	1
1	780068	A	T	5	44	2	1	1	1
1	487804	A	T	11	38	2	1	1	1
1	931965	A	T	18	31	2	1	1	1
1	514596	A	T	11	38	2	1	1	1
1	141623	A	T	18	31	2	1	1	1
1	655878	A	T	13	36	2	1	1	1
1	790932	A	T	11	38	2	1	1	1
1	423839	A	T	12	37	2	1	1	1
1	299927	A	T	18	31	2	1	1	1
1	384965	A	T	17	32	2	1	1	1
1	704342	A	T	13	36	2	1	1	1
1	905342	A	T	15	34	2	1	1	1
1	122004	A	T	9	40	2	1	1	1
1	925724	A	T	17	32	2	1	1	1
1	813898	A	T	17	32	2	1	1	1
1	413401	A	T	17	32	2	1	1	1
1	924330	A	T	10	39	2	1	1	1
1	351250	A	T	10	39	2	1	1	1
1	956127	A	T	16	33	2	1	1	1
1	637050	A	T	15	34	2	1	1	1
1	717417	A	T	20	29	2	1	1	1
1	435132	A	T	18	31	2	1	1	1
1	296649	A	T	21	28	2	1	1	1
1	757835	A	T	17	32	2	1	1	1
1	318828	A	T	13	36	2	1	1	1
1	834350	A	T	15	34	2	1	1	1
1	347878	A	T	14	35	2	1	1	1
1	870883	A	T	10	39	2	1	1	1
1	756574	A	T	10	39	2	1	1	1
1	524047	A	T	8	41	2	1	1	1
1	194907	A	T	20	29	2	1	1	1
1	477710	A	T	11	38	2	1	1	1
1	200625	A	T	17	32	2	1	1	1
1	155249	A	T	20	29	2	1	1	1
1	762972	A	T	20	29	2	1	1	1
1	339009	A	T	18	31	2	1	1	1
1	724949	A	T	20	29	2	1	1	1
1	827994	A	T	18	31	2	1	1	1
1	585299	A	T	9	40	2	1	1	1
1	711219	A	T	10	39	2	1	1	1
1	55800	A	T	25	24	2	1	1	1
1	352026	A	T	4	45	2	1	1	1
1	129311	A	T	13	36	2	1	1	1
1	721825	A	T	15	34	2	1	1	1
1	979045	A	T	18	31	2	1	1	1
1	563084	A	T	23	26	2	1	1	1
1	666908	A	T	22	27	2	1	1	1
1	31005	A	T	16	33	2	1	1	1
1	745611	A	T	16	33	2	1	1	1
1	858519	A	T	6	43	2	1	1	1
1	340027	A	T	18	31	2	1	1	1
1	195900	A	T	17	32	2	1	1	1
1	142681	A	T	15	34	2	1	1	1
1	995841	A	T	12	37	2	1	1	1
1	292418	A	T	15	34	2	1	1	1
1	970406	A	T	17	32	2	1	1	1
1	18420	A	T	13	36	2	1	1	1
1	275504	A	T	18	31	2	1	1	1
1	616895	A	T	19	30	2	1	1	1
1	676947	A	T	11	38	2	1	1	1
1	530241	A	T	16	33	2	1	1	1
1	460437	A	T	20	29	2	1	1	1
1	237584	A	T	8	41	2	1	1	1
1	427574	A	T	18	31	2	1	1	1
1	663711	A	T	9	40	2	1	1	1
1	409950	A	T	15	34	2	1	1	1
1	534702	A	T	24	25	2	1	1	1
1	89661	A	T	13	36	2	1	1	1
1	545343	A	T	17	32	2	1	1	1
1	682108	A	T	13	36	2	1	1	1
1	602135	A	T	16	33	2	1	1	1
1	98952	A	T	17	32	2	1	1	1
1	368946	A	T	14	35	2	1	1	1
1	555886	A	T	19	30	2	1	1	1
1	872244	A	T	14	35	2	1	1	1
1	130233	A	T	15	34	2	1	1	1
1	590834	A	T	4	45	2	1	1	1
1	269041	A	T	14	35	2	1	1	1
1	140820	A	T	27	22	2	1	1	1
1	184429	A	T	13	36	2	1	1	1
1	153959	A	T	17	32	2	1	1	1
1	870477	A	T	20	29	2	1	1	1
1	160500	A	T	16	33	2	1	1	1
1	403896	A	T	21	28	2	1	1	1
1	248687	A	T	8	41	2	1	1	1
1	400980	A	T	16	33	2	1	1	1
1	353907	A	T	12	37	2	1	1	1
1	867901	A	T	18	31	2	1	1	1
1	276887	A	T	17	32	2	1	1	1
1	770083	A	T	19	30	2	1	1	1
1	512198	A	T	18	31	2	1	1	1
1	954425	A	T	14	35	2	1	1	1
1	221925	A	T	16	33	2	1	1	1
1	598949	A	T	23	26	2	1	1	1
1	676156	A	T	17	32	2	1	1	1
1	911988	A	T	21	28	2	1	1	1
1	539305	A	T	25	24	2	1	1	1
1	652602	A	T	18	31	2	1	1	1
1	589768	A	T	15	34	2	1	1	1
1	966097	A	T	15	34	2	1	1	1
1	184844	A	T	15	34	2	1	1	1
1	698193	A	T	16	33	2	1	1	1
1	911819	A	T	21	28	2	1	1	1
1	821181	A	T	10	39	2	1	1	1
1	620684	A	T	20	29	2	1	1	1
1	3677	A	T	14	35	2	1	1	1
1	714826	A	T	13	36	2	1	1	1
1	125733	A	T	24	25	2	1	1	1
1	835700	A	T	26	23	2	1	1	1
1	798282	A	T	11	38	2	1	1	1
1	839444	A	T	13	36	2	1	1	1
1	783031	A	T	16	33	2	1	1	1
1	110329	A	T	13	36	2	1	1	1
1	452201	A	T	23	26	2	1	1	1
1	849473	A	T	17	32	2	1	1	1
1	516638	A	T	13	36	2	1	1	1
1	144182	A	T	11	38	2	1	1	1
1	783343	A	T	20	29	2	1	1	1
1	205561	A	T	17	32	2	1	1	1
1	177549	A	T	11	38	2	1	1	1
1	174621	A	T	21	28	2	1	1	1
1	328388	A	T	20	29	2	1	1	1
1	296931	A	T	16	33	2	1	1	1
1	966614	A	T	15	34	2	1	1	1
1	96606	A	T	12	37	2	1	1	1
1	115436	A	T	17	32	2	1	1	1
1	985374	A	T	24	25	2	1	1	1
1	53677	A	T	18	31	2	1	1	1
1	388018	A	T	8	41	2	1	1	1
1	331577	A	T	16	33	2	1	1	1
1	450744	A	T	8	41	2	1	1	1
1	9023	A	T	16	33	2	1	1	1
1	941631	A	T	18	31	2	1	1	1
1	229283	A	T	17	32	2	1	1	1
1	227016	A	T	24	25	2	1	1	1
1	292651	A	T	20	29	2	1	1	1
1	704882	A	T	8	41	2	1	1	1
1	454592	A	T	17	32	2	1	1	1
1	608345	A	T	10	39	2	1	1	1
1	915056	A	T	15	34	2	1	1	1
1	826181	A	T	13	36	2	1	1	1
1	954352	A	T	15	34	2	1	1	1
1	290510	A	T	13	36	2	1	1	1
1	427308	A	T	9	40	2	1	1	1
1	140675	A	T	15	34	2	1	1	1
1	381116	A	T	19	30	2	1	1	1
1	772342	A	T	10	39	2	1	1	1
1	986672	A	T	11	38	2	1	1	1
1	447907	A	T	14	35	2	1	1	1
1	23055	A	T	11	38	2	1	1	1
1	327874	A	T	18	31	2	1	1	1
1	310007	A	T	17	32	2	1	1	1
1	916648	A	T	13	36	2	1	1	1
1	434324	A	T	20	29	2	1	1	1
1	282562	A	T	14	35	2	1	1	1
1	19848	A	T	15	34	2	1	1	1
1	852566	A	T	16	33	2	1	1	1
1	21419	A	T	18	31	2	1	1	1
1	199519	A	T	17	32	2	1	1	1
1	233100	A	T	17	32	2	1	1	1
1	285223	A	T	23	26	2	1	1	1
1	424347	A	T	18	31	2	1	1	1
1	495997	A	T	19	30	2	1	1	1
1	502580	A	T	8	41	2	1	1	1
1	330561	A	T	12	37	2	1	1	1
1	342311	A	T	12	37	2	1	1	1
1	839524	A	T	14	35	2	1	1	1
1	901048	A	T	19	30	2	1	1	1
1	885734	A	T	12	37	2	1	1	1
1	524780	A	T	9	40	2	1	1	1
1	220361	A	T	19	30	2	1	1	1
1	526493	A	T	13	36	2	1	1	1
1	194482	A	T	9	40	2	1	1	1
1	306377	A	T	13	36	2	1	1	1
1	7608	A	T	12	37	2	1	1	1
1	295962	A	T	17	32	2	1	1	1
1	104961	A	T	14	35	2	1	1	1
1	913316	A	T	8	41	2	1	1	1
1	84984	A	T	13	36	2	1	1	1
1	276308	A	T	18	31	2	1	1	1
1	473102	A	T	15	34	2	1	1	1
1	375257	A	T	21	28	2	1	1	1
1	602569	A	T	16	33	2	1	1	1
1	383470	A	T	14	35	2	1	1	1
1	328351	A	T	13	36	2	1	1	1
1	561092	A	T	17	32	2	1	1	1
1	687804	A	T	16	33	2	1	1	1
1	177884	A	T	16	33	2	1	1	1
1	41484	A	T	20	29	2	1	1	1
1	639510	A	T	16	33	2	1	1	1
1	560719	A	T	12	37	2	1	1	1
1	696411	A	T	20	29	2	1	1	1
1	66209	A	T	18	31	2	1	1	1
1	84448	A	T	15	34	2	1	1	1
1	764924	A	T	25	24	2	1	1	1
1	477033	A	T	19	30	2	1	1	1
1	260543	A	T	6	43	2	1	1	1
1	135291	A	T	18	31	2	1	1	1
1	680294	A	T	15	34	2	1	1	1
1	142977	A	T	8	41	2	1	1	1
1	192393	A	T	21	28	2	1	1	1
1	792429	A	T	15	34	2	1	1	1
1	945504	A	T	16	33	2	1	1	1
1	566748	A	T	20	29	2	1	1	1
1	13545	A	T	21	28	2	1	1	1
1	400443	A	T	21	28	2	1	1	1
1	319145	A	T	15	34	2	1	1	1
1	722585	A	T	12	37	2	1	1	1
1	208265	A	T	18	31	2	1	1	1
1	543739	A	T	11	38	2	1	1	1
1	213429	A	T	20	29	2	1	1	1
1	629902	A	T	11	38	2	1	1	1
1	85856	A	T	16	33	2	1	1	1
1	704019	A	T	10	39	2	1	1	1
1	477586	A	T	17	32	2	1	1	1
1	440152	A	T	12	37	2	1	1	1
1	862277	A	T	25	24	2	1	1	1
1	252579	A	T	13	36	2	1	1	1
1	686153	A	T	17	32	2	1	1	1
1	960412	A	T	15	34	2	1	1	1
1	23629	A	T	24	25	2	1	1	1
1	746492	A	T	11	38	2	1	1	1
1	604406	A	T	17	32	2	1	1	1
1	809290	A	T	23	26	2	1	1	1
1	653430	A	T	19	30	2	1	1	1
1	548495	A	T	10	39	2	1	1	1
1	3115	A	T	16	33	2	1	1	1
1	705658	A	T	13	36	2	1	1	1
1	237585	A	T	18	31	2	1	1	1
1	229427	A	T	14	35	2	1	1	1
1	389897	A	T	9	40	2	1	1	1
1	461710	A	T	22	27	2	1	1	1
1	275678	A	T	22	27	2	1	1	1
1	622641	A	T	28	21	2	1	1	1
1	620337	A	T	23	26	2	1	1	1
1	714298	A	T	13	36	2	1	1	1
1	703419	A	T	20	29	2	1	1	1
1	140111	A	T	8	41	2	1	1	1
1	585141	A	T	21	28	2	1	1	1
1	723371	A	T	20	29	2	1	1	1
1	295881	A	T	22	27	2	1	1	1
1	552156	A	T	13	36	2	1	1	1
1	518057	A	T	18	31	2	1	1	1
1	294604	A	T	19	30	2	1	1	1
1	851350	A	T	21	28	2	1	1	1
1	967337	A	T	16	33	2	1	1	1
1	356363	A	T	13	36	2	1	1	1
1	543890	A	T	14	35	2	1	1	1
1	799183	A	T	13	36	2	1	1	1
1	603213	A	T	10	39	2	1	1	1
1	536254	A	T	17	32	2	1	1	1
1	449276	A	T	21	28	2	1	1	1
1	777306	A	T	16	33	2	1	1	1
1	297819	A	T	15	34	2	1	1	1
1	733914	A	T	12	37	2	1	1	1
1	959470	A	T	12	37	2	1	1	1
1	688192	A	T	21	28	2	1	1	1
1	689224	A	T	17	32	2	1	1	1
1	703761	A	T	17	32	2	1	1	1
1	749920	A	T	17	32	2	1	1	1
1	737945	A	T	10	39	2	1	1	1
1	515483	A	T	16	33	2	1	1	1
1	870808	A	T	18	31	2	1	1	1
1	456333	A	T	15	34	2	1	1	1
1	347878	A	T	15	34	2	1	1	1
1	937686	A	T	19	30	2	1	1	1
1	882972	A	T	15	34	2	1	1	1
1	154875	A	T	14	35	2	1	1	1
1	248580	A	T	18	31	2	1	1	1
1	583344	A	T	9	40	2	1	1	1
1	510543	A	T	19	30	2	1	1	1
1	33321	A	T	18	31	2	1	1	1
1	293404	A	T	11	38	2	1	1	1
1	604362	A	T	30	19	2	1	1	1
1	673358	A	T	23	26	2	1	1	1
1	149418	A	T	8	41	2	1	1	1
1	4341	A	T	10	39	2	1	1	1
1	839980	A	T	18	31	2	1	1	1
1	204564	A	T	14	35	2	1	1	1
1	769694	A	T	19	30	2	1	1	1
1	813917	A	T	12	37	2	1	1	1
1	457197	A	T	8	41	2	1	1	1
1	78706	A	T	23	26	2	1	1	1
1	994590	A	T	16	33	2	1	1	1
1	356128	A	T	15	34	2	1	1	1
1	426805	A	T	20	29	2	1	1	1
1	214536	A	T	10	39	2	1	1	1
1	467899	A	T	11	38	2	1	1	1
1	128840	A	T	19	30	2	1	1	1
1	631595	A	T	14	35	2	1	1	1
1	735948	A	T	19	30	2	1	1	1
1	374181	A	T	20	29	2	1	1	1
1	573974	A	T	18	31	2	1	1	1
1	527195	A	T	16	33	2	1	1	1
1	458419	A	T	16	33	2	1	1	1
1	144650	A	T	17	32	2	1	1	1
1	480330	A	T	22	27	2	1	1	1
1	329575	A	T	15	34	2	1	1	1
1	757382	A	T	18	31	2	1	1	1
1	780961	A	T	18	31	2	1	1	1
1	477435	A	T	11	38	2	1	1	1
1	649660	A	T	13	36	2	1	1	1
1	652699	A	T	16	33	2	1	1	1
1	273526	A	T	16	33	2	1	1	1
1	995743	A	T	22	27	2	1	1	1
1	208853	A	T	18	31	2	1	1	1
1	947984	A	T	14	35	2	1	1	1
1	182499	A	T	19	30	2	1	1	1
1	358570	A	T	15	34	2	1	1	1
1	581402	A	T	15	34	2	1	1	1
1	492384	A	T	18	31	2	1	1	1
1	910420	A	T	8	41	2	1	1	1
1	190901	A	T	10	39	2	1	1	1
1	405760	A	T	18	31	2	1	1	1
1	467088	A	T	21	28	2	1	1	1
1	649812	A	T	9	40	2	1	1	1
1	584465	A	T	9	40	2	1	1	1
1	155623	A	T	15	34	2	1	1	1
1	920886	A	T	20	29	2	1	1	1
1	335106	A	T	11	38	2	1	1	1
1	703295	A	T	14	35	2	1	1	1
1	722691	A	T	15	34	2	1	1	1
1	464466	A	T	26	23	2	1	1	1
1	519235	A	T	18	31	2	1	1	1
1	53406	A	T	13	36	2	1	1	1
1	641856	A	T	22	27	2	1	1	1
1	765431	A	T	11	38	2	1	1	1
1	19513	A	T	19	30	2	1	1	1
1	119716	A	T	15	34	2	1	1	1
1	402073	A	T	15	34	2	1	1	1
1	638811	A	T	21	28	2	1	1	1
1	4064	A	T	16	33	2	1	1	1
1	109391	A	T	15	34	2	1	1	1
1	620848	A	T	13	36	2	1	1	1
1	86532	A	T	18	31	2	1	1	1
1	887394	A	T	9	40	2	1	1	1
1	105432	A	T	16	33	2	1	1	1
1	295621	A	T	16	33	2	1	1	1
1	449111	A	T	16	33	2	1	1	1
1	500921	A	T	12	37	2	1	1	1
1	191039	A	T	15	34	2	1	1	1
1	163926	A	T	18	31	2	1	1	1
1	9108	A	T	18	31	2	1	1	1
1	350049	A	T	17	32	2	1	1	1
1	404930	A	T	13	36	2	1	1	1
1	319351	A	T	17	32	2	1	1	1
1	724210	A	T	9	40	2	1	1	1
1	220551	A	T	18	31	2	1	1	1
1	655488	A	T	16	33	2	1	1	1
1	104663	A	T	14	35	2	1	1	1
1	925815	A	T	11	38	2	1	1	1
1	477562	A	T	8	41	2	1	1	1
1	717210	A	T	13	36	2	1	1	1
1	11025	A	T	17	32	2	1	1	1
1	830156	A	T	21	28	2	1	1	1
1	950985	A	T	20	29	2	1	1	1
1	952231	A	T	15	34	2	1	1	1
1	508133	A	T	21	28	2	1	1	1
1	765051	A	T	15	34	2	1	1	1
1	266081	A	T	14	35	2	1	1	1
1	216613	A	T	9	40	2	1	1	1
1	432959	A	T	18	31	2	1	1	1
1	227668	A	T	21	28	2	1	1	1
1	619088	A	T	17	32	2	1	1	1
1	187288	A	T	19	30	2	1	1	1
1	364358	A	T	21	28	2	1	1	1
1	106592	A	T	13	36	2	1	1	1
1	434639	A	T	18	31	2	1	1	1
1	248561	A	T	18	31	2	1	1	1
1	294349	A	T	16	33	2	1	1	1
1	275056	A	T	18	31	2	1	1	1
1	726779	A	T	16	33	2	1	1	1
1	84544	A	T	13	36	2	1	1	1
1	896779	A	T	16	33	2	1	1	1
1	178878	A	T	21	28	2	1	1	1
1	617650	A	T	13	36	2	1	1	1
1	664804	A	T	13	36	2	1	1	1
1	61770	A	T	16	33	2	1	1	1
1	436441	A	T	20	29	2	1	1	1
1	359593	A	T	12	37	2	1	1	1
1	199489	A	T	11	38	2	1	1	1
1	63680	A	T	11	38	2	1	1	1
1	274410	A	T	16	33	2	1	1	1
1	245862	A	T	18	31	2	1	1	1
1	731967	A	T	15	34	2	1	1	1
1	221190	A	T	15	34	2	1	1	1
1	511581	A	T	10	39	2	1	1	1
1	454256	A	T	19	30	2	1	1	1
1	280214	A	T	10	39	2	1	1	1
1	466650	A	T	24	25	2	1	1	1
1	277413	A	T	27	22	2	1	1	1
1	344119	A	T	19	30	2	1	1	1
1	411834	A	T	19	30	2	1	1	1
1	131824	A	T	20	29	2	1	1	1
1	811858	A	T	12	37	2	1	1	1
1	992200	A	T	12	37	2	1	1	1
1	216006	A	T	9	40	2	1	1	1
1	49330	A	T	20	29	2	1	1	1
1	298593	A	T	12	37	2	1	1	1
1	933762	A	T	7	42	2	1	1	1
1	944796	A	T	12	37	2	1	1	1
1	535598	A	T	10	39	2	1	1	1
1	729593	A	T	19	30	2	1	1	1
1	833137	A	T	13	36	2	1	1	1
1	252986	A	T	14	35	2	1	1	1
1	92986	A	T	23	26	2	1	1	1
1	327980	A	T	14	35	2	1	1	1
1	180633	A	T	24	25	2	1	1	1
1	811617	A	T	11	38	2	1	1	1
1	658463	A	T	12	37	2	1	1	1
1	744033	A	T	21	28	2	1	1	1
1	469341	A	T	23	26	2	1	1	1
1	133068	A	T	13	36	2	1	1	1
1	909783	A	T	22	27	2	1	1	1
1	367723	A	T	12	37	2	1	1	1
1	468392	A	T	22	27	2	1	1	1
1	367193	A	T	29	20	2	1	1	1
1	785108	A	T	17	32	2	1	1	1
1	327533	A	T	7	42	2	1	1	1
1	708464	A	T	9	40	2	1	1	1
1	535743	A	T	14	35	2	1	1	1
1	353431	A	T	13	36	2	1	1	1
1	850005	A	T	19	30	2	1	1	1
1	406962	A	T	18	31	2	1	1	1
1	305294	A	T	14	35	2	1	1	1
1	99929	A	T	18	31	2	1	1	1
1	271963	A	T	11	38	2	1	1	1
1	463017	A	T	14	35	2	1	1	1
1	842673	A	T	18	31	2	1	1	1
1	960757	A	T	13	36	2	1	1	1
1	729049	A	T	20	29	2	1	1	1
1	477983	A	T	12	37	2	1	1	1
1	563657	A	T	20	29	2	1	1	1
1	117503	A	T	13	36	2	1	1	1
1	49080	A	T	14	35	2	1	1	1
1	983769	A	T	14	35	2	1	1	1
1	309543	A	T	14	35	2	1	1	1
1	425494	A	T	12	37	2	1	1	1
1	445524	A	T	15	34	2	1	1	1
1	276919	A	T	13	36	2	1	1	1
1	299314	A	T	17	32	2	1	1	1
1	474784	A	T	16	33	2	1	1	1
1	188487	A	T	15	34	2	1	1	1
1	488250	A	T	17	32	2	1	1	1
1	331866	A	T	10	39	2	1	1	1
1	681129	A	T	16	33	2	1	1	1
1	208231	A	T	10	39	2	1	1	1
1	693521	A	T	18	31	2	1	1	1
1	755487	A	T	15	34	2	1	1	1
1	345113	A	T	17	32	2	1	1	1
1	372858	A	T	13	36	2	1	1	1
1	315035	A	T	12	37	2	1	1	1
1	450248	A	T	17	32	2	1	1	1
1	649139	A	T	20	29	2	1	1	1
1	817437	A	T	11	38	2	1	1	1
1	293253	A	T	18	31	2	1	1	1
1	294094	A	T	15	34	2	1	1	1
1	153068	A	T	18	31	2	1	1	1
1	20361	A	T	14	35	2	1	1	1
1	609941	A	T	9	40	2	1	1	1
1	143395	A	T	9	40	2	1	1	1
1	195176	A	T	18	31	2	1	1	1
1	822115	A	T	17	32	2	1	1	1
1	115045	A	T	12	37	2	1	1	1
1	845771	A	T	16	33	2	1	1	1
1	77742	A	T	13	36	2	1	1	1
1	76640	A	T	15	34	2	1	1	1
1	998025	A	T	23	26	2	1	1	1
1	478627	A	T	15	34	2	1	1	1
1	922458	A	T	21	28	2	1	1	1
1	234565	A	T	15	34	2	1	1	1
