chr	end	Reference_Allele	Tumor_Seq_Allele2	mut.count	WT.count	subclonal.CN	mutation.copy.number	subclonal.fraction	no.chrs.bearing.mut
1	589539	A	T	15	35	2	1	1	1
1	648350	A	T	17	33	2	1	1	1
1	415174	A	T	13	37	2	1	1	1
1	345132	A	T	29	21	2	1	1	1
1	404024	A	T	16	34	2	1	1	1
1	422217	A	T	19	31	2	1	1	1
1	766457	A	T	12	38	2	1	1	1
1	649165	A	T	16	34	2	1	1	1
1	475224	A	T	18	32	2	1	1	1
1	470285	A	T	16	34	2	1	1	1
1	676344	A	T	19	31	2	1	1	1
1	190100	A	T	17	33	2	1	1	1
1	203207	A	T	11	39	2	1	1	1
1	355694	A	T	10	40	2	1	1	1
1	374106	A	T	17	33	2	1	1	1
1	821514	A	T	11	39	2	1	1	1
1	814231	A	T	18	32	2	1	1	1
1	751155	A	T	19	31	2	1	1	1
1	567384	A	T	19	31	2	1	1	1
1	646061	A	T	18	32	2	1	1	1
1	456474	A	T	16	34	2	1	1	1
1	517475	A	T	19	31	2	1	1	1
1	109832	A	T	14	36	2	1	1	1
1	348446	A	T	13	37	2	1	1	1
1	706928	A	T	22	28	2	1	1	1
1	241173	A	T	17	33	2	1	1	1
1	457242	A	T	17	33	2	1	1	1
1	943094	A	T	23	27	2	1	1	1
1	463878	A	T	14	36	2	1	1	1
1	672327	A	T	15	35	2	1	1	1
1	669808	A	T	16	34	2	1	1	1
1	644659	A	T	15	35	2	1	1	1
1	116334	A	T	12	38	2	1	1	1
1	386905	A	T	17	33	2	1	1	1
1	660822	A	T	22	28	2	1	1	1
1	992782	A	T	12	38	2	1	1	1
1	800728	A	T	21	29	2	1	1	1
1	215840	A	T	13	37	2	1	1	1
1	366541	A	T	16	34	2	1	1	1
1	445339	A	T	20	30	2	1	1	1
1	278140	A	T	25	25	2	1	1	1
1	546759	A	T	19	31	2	1	1	1
1	213661	A	T	23	27	2	1	1	1
1	873756	A	T	20	30	2	1	1	1
1	813113	A	T	16	34	2	1	1	1
1	17183	A	T	22	28	2	1	1	1
1	36402	A	T	14	36	2	1	1	1
1	291526	A	T	15	35	2	1	1	1
1	833675	A	T	10	40	2	1	1	1
1	528811	A	T	17	33	2	1	1	1
1	5056	A	T	14	36	2	1	1	1
1	349300	A	T	20	30	2	1	1	1
1	637615	A	T	14	36	2	1	1	1
1	499105	A	T	14	36	2	1	1	1
1	562977	A	T	18	32	2	1	1	1
1	345929	A	T	32	18	2	1	1	1
1	310200	A	T	22	28	2	1	1	1
1	755003	A	T	17	33	2	1	1	1
1	724361	A	T	18	32	2	1	1	1
1	457319	A	T	10	40	2	1	1	1
1	623097	A	T	16	34	2	1	1	1
1	894281	A	T	12	38	2	1	1	1
1	668105	A	T	17	33	2	1	1	1
1	530805	A	T	10	40	2	1	1	1
1	874180	A	T	11	39	2	1	1	1
1	895648	A	T	21	29	2	1	1	1
1	507293	A	T	19	31	2	1	1	1
1	332100	A	T	12	38	2	1	1	1
1	941377	A	T	15	35	2	1	1	1
1	839743	A	T	13	37	2	1	1	1
1	884963	A	T	17	33	2	1	1	1
1	729932	A	T	18	32	2	1	1	1
1	459553	A	T	19	31	2	1	1	1
1	436942	A	T	10	40	2	1	1	1
1	359993	A	T	9	41	2	1	1	1
1	364499	A	T	8	42	2	1	1	1
1	725140	A	T	20	30	2	1	1	1
1	864803	A	T	21	29	2	1	1	1
1	88356	A	T	22	28	2	1	1	1
1	644225	A	T	17	33	2	1	1	1
1	796942	A	T	11	39	2	1	1	1
1	283051	A	T	12	38	2	1	1	1
1	186457	A	T	29	21	2	1	1	1
1	23234	A	T	19	31	2	1	1	1
1	547507	A	T	12	38	2	1	1	1
1	266628	A	T	13	37	2	1	1	1
1	544211	A	T	14	36	2	1	1	1
1	639229	A	T	22	28	2	1	1	1
1	614298	A	T	10	40	2	1	1	1
1	284980	A	T	15	35	2	1	1	1
1	85518	A	T	8	42	2	1	1	1
1	16284	A	T	11	39	2	1	1	1
1	781393	A	T	18	32	2	1	1	1
1	347705	A	T	15	35	2	1	1	1
1	959909	A	T	22	28	2	1	1	1
1	188299	A	T	18	32	2	1	1	1
1	960725	A	T	11	39	2	1	1	1
1	649206	A	T	20	30	2	1	1	1
1	381249	A	T	11	39	2	1	1	1
1	700255	A	T	19	31	2	1	1	1
1	533019	A	T	15	35	2	1	1	1
1	506338	A	T	14	36	2	1	1	1
1	84409	A	T	18	32	2	1	1	1
1	559537	A	T	9	41	2	1	1	1
1	834137	A	T	21	29	2	1	1	1
1	273173	A	T	13	37	2	1	1	1
1	159215	A	T	15	35	2	1	1	1
1	796479	A	T	22	28	2	1	1	1
1	587202	A	T	15	35	2	1	1	1
1	42837	A	T	16	34	2	1	1	1
1	75212	A	T	22	28	2	1	1	1
1	71499	A	T	18	32	2	1	1	1
1	855292	A	T	17	33	2	1	1	1
1	671508	A	T	16	34	2	1	1	1
1	111381	A	T	25	25	2	1	1	1
1	409564	A	T	16	34	2	1	1	1
1	275824	A	T	15	35	2	1	1	1
1	855595	A	T	14	36	2	1	1	1
1	282394	A	T	10	40	2	1	1	1
1	624805	A	T	10	40	2	1	1	1
1	559554	A	T	26	24	2	1	1	1
1	382656	A	T	18	32	2	1	1	1
1	185600	A	T	14	36	2	1	1	1
1	609939	A	T	15	35	2	1	1	1
1	279253	A	T	17	33	2	1	1	1
1	384575	A	T	20	30	2	1	1	1
1	60549	A	T	19	31	2	1	1	1
1	115244	A	T	8	42	2	1	1	1
1	485478	A	T	16	34	2	1	1	1
1	758412	A	T	21	29	2	1	1	1
1	558005	A	T	13	37	2	1	1	1
1	162887	A	T	14	36	2	1	1	1
1	671516	A	T	15	35	2	1	1	1
1	322087	A	T	18	32	2	1	1	1
1	920994	A	T	9	41	2	1	1	1
1	956664	A	T	11	39	2	1	1	1
1	71050	A	T	16	34	2	1	1	1
1	739743	A	T	10	40	2	1	1	1
1	369089	A	T	12	38	2	1	1	1
1	343726	A	T	20	30	2	1	1	1
1	550075	A	T	17	33	2	1	1	1
1	745055	A	T	10	40	2	1	1	1
1	988682	A	T	21	29	2	1	1	1
1	542871	A	T	19	31	2	1	1	1
1	697302	A	T	10	40	2	1	1	1
1	437590	A	T	20	30	2	1	1	1
1	483960	A	T	16	34	2	1	1	1
1	380074	A	T	25	25	2	1	1	1
1	919719	A	T	16	34	2	1	1	1
1	617872	A	T	22	28	2	1	1	1
1	205508	A	T	15	35	2	1	1	1
1	822305	A	T	17	33	2	1	1	1
1	480900	A	T	17	33	2	1	1	1
1	31270	A	T	22	28	2	1	1	1
1	472681	A	T	18	32	2	1	1	1
1	695407	A	T	15	35	2	1	1	1
1	767355	A	T	16	34	2	1	1	1
1	430290	A	T	16	34	2	1	1	1
1	641521	A	T	20	30	2	1	1	1
1	126289	A	T	17	33	2	1	1	1
1	667658	A	T	20	30	2	1	1	1
1	386173	A	T	16	34	2	1	1	1
1	333566	A	T	19	31	2	1	1	1
1	952948	A	T	14	36	2	1	1	1
1	388073	A	T	13	37	2	1	1	1
1	527534	A	T	9	41	2	1	1	1
1	584644	A	T	23	27	2	1	1	1
1	355835	A	T	26	24	2	1	1	1
1	570305	A	T	13	37	2	1	1	1
1	493363	A	T	13	37	2	1	1	1
1	602214	A	T	14	36	2	1	1	1
1	657786	A	T	18	32	2	1	1	1
1	290768	A	T	18	32	2	1	1	1
1	176525	A	T	24	26	2	1	1	1
1	653509	A	T	23	27	2	1	1	1
1	45672	A	T	13	37	2	1	1	1
1	532442	A	T	10	40	2	1	1	1
1	234857	A	T	12	38	2	1	1	1
1	808335	A	T	16	34	2	1	1	1
1	570199	A	T	20	30	2	1	1	1
1	90666	A	T	15	35	2	1	1	1
1	191995	A	T	20	30	2	1	1	1
1	355291	A	T	13	37	2	1	1	1
1	801063	A	T	17	33	2	1	1	1
1	941861	A	T	13	37	2	1	1	1
1	244233	A	T	21	29	2	1	1	1
1	224955	A	T	15	35	2	1	1	1
1	391576	A	T	18	32	2	1	1	1
1	919340	A	T	16	34	2	1	1	1
1	303768	A	T	19	31	2	1	1	1
1	546765	A	T	18	32	2	1	1	1
1	798871	A	T	18	32	2	1	1	1
1	224919	A	T	11	39	2	1	1	1
1	900895	A	T	17	33	2	1	1	1
1	574881	A	T	17	33	2	1	1	1
1	239928	A	T	14	36	2	1	1	1
1	75783	A	T	22	28	2	1	1	1
1	967324	A	T	20	30	2	1	1	1
1	70640	A	T	20	30	2	1	1	1
1	462437	A	T	19	31	2	1	1	1
1	934958	A	T	15	35	2	1	1	1
1	546239	A	T	22	28	2	1	1	1
1	733447	A	T	11	39	2	1	1	1
1	261654	A	T	21	29	2	1	1	1
1	739830	A	T	17	33	2	1	1	1
1	841485	A	T	16	34	2	1	1	1
1	702784	A	T	19	31	2	1	1	1
1	674808	A	T	15	35	2	1	1	1
1	539395	A	T	18	32	2	1	1	1
1	486984	A	T	17	33	2	1	1	1
1	269431	A	T	13	37	2	1	1	1
1	943835	A	T	7	43	2	1	1	1
1	613826	A	T	22	28	2	1	1	1
1	845486	A	T	10	40	2	1	1	1
1	952749	A	T	20	30	2	1	1	1
1	837711	A	T	18	32	2	1	1	1
1	833603	A	T	15	35	2	1	1	1
1	971547	A	T	17	33	2	1	1	1
1	845455	A	T	17	33	2	1	1	1
1	585509	A	T	20	30	2	1	1	1
1	927783	A	T	15	35	2	1	1	1
1	996623	A	T	12	38	2	1	1	1
1	471680	A	T	13	37	2	1	1	1
1	896224	A	T	14	36	2	1	1	1
1	411131	A	T	7	43	2	1	1	1
1	440412	A	T	12	38	2	1	1	1
1	87528	A	T	17	33	2	1	1	1
1	664120	A	T	19	31	2	1	1	1
1	695929	A	T	15	35	2	1	1	1
1	511264	A	T	21	29	2	1	1	1
1	397084	A	T	23	27	2	1	1	1
1	32171	A	T	12	38	2	1	1	1
1	834504	A	T	16	34	2	1	1	1
1	947801	A	T	14	36	2	1	1	1
1	449660	A	T	17	33	2	1	1	1
1	713195	A	T	20	30	2	1	1	1
1	6645	A	T	20	30	2	1	1	1
1	300926	A	T	10	40	2	1	1	1
1	809278	A	T	14	36	2	1	1	1
1	799683	A	T	17	33	2	1	1	1
1	705660	A	T	20	30	2	1	1	1
1	591128	A	T	10	40	2	1	1	1
1	954445	A	T	9	41	2	1	1	1
1	691819	A	T	22	28	2	1	1	1
1	792978	A	T	15	35	2	1	1	1
1	169187	A	T	14	36	2	1	1	1
1	231439	A	T	5	45	2	1	1	1
1	770413	A	T	13	37	2	1	1	1
1	260357	A	T	23	27	2	1	1	1
1	531277	A	T	20	30	2	1	1	1
1	519079	A	T	20	30	2	1	1	1
1	506840	A	T	17	33	2	1	1	1
1	991194	A	T	23	27	2	1	1	1
1	407292	A	T	14	36	2	1	1	1
1	631241	A	T	15	35	2	1	1	1
1	204045	A	T	24	26	2	1	1	1
1	314316	A	T	16	34	2	1	1	1
1	953385	A	T	20	30	2	1	1	1
1	194534	A	T	19	31	2	1	1	1
1	960621	A	T	7	43	2	1	1	1
1	542279	A	T	14	36	2	1	1	1
1	897928	A	T	22	28	2	1	1	1
1	12892	A	T	15	35	2	1	1	1
1	549514	A	T	13	37	2	1	1	1
1	68779	A	T	20	30	2	1	1	1
1	437800	A	T	15	35	2	1	1	1
1	957646	A	T	16	34	2	1	1	1
1	181265	A	T	24	26	2	1	1	1
1	254100	A	T	20	30	2	1	1	1
1	465591	A	T	27	23	2	1	1	1
1	640123	A	T	13	37	2	1	1	1
1	439093	A	T	20	30	2	1	1	1
1	917640	A	T	20	30	2	1	1	1
1	331558	A	T	21	29	2	1	1	1
1	995462	A	T	12	38	2	1	1	1
1	976457	A	T	17	33	2	1	1	1
1	13825	A	T	13	37	2	1	1	1
1	878757	A	T	11	39	2	1	1	1
1	820447	A	T	17	33	2	1	1	1
1	549835	A	T	13	37	2	1	1	1
1	745831	A	T	13	37	2	1	1	1
1	105747	A	T	23	27	2	1	1	1
1	993777	A	T	12	38	2	1	1	1
1	739096	A	T	13	37	2	1	1	1
1	688898	A	T	19	31	2	1	1	1
1	418246	A	T	20	30	2	1	1	1
1	304084	A	T	18	32	2	1	1	1
1	296526	A	T	17	33	2	1	1	1
1	555669	A	T	10	40	2	1	1	1
1	98708	A	T	22	28	2	1	1	1
1	689717	A	T	18	32	2	1	1	1
1	259535	A	T	17	33	2	1	1	1
1	398133	A	T	7	43	2	1	1	1
1	285445	A	T	23	27	2	1	1	1
1	955615	A	T	22	28	2	1	1	1
1	295384	A	T	16	34	2	1	1	1
1	761119	A	T	15	35	2	1	1	1
1	283779	A	T	22	28	2	1	1	1
1	986548	A	T	13	37	2	1	1	1
1	712466	A	T	19	31	2	1	1	1
1	596238	A	T	16	34	2	1	1	1
1	235796	A	T	16	34	2	1	1	1
1	692740	A	T	11	39	2	1	1	1
1	229013	A	T	22	28	2	1	1	1
1	758986	A	T	23	27	2	1	1	1
1	985594	A	T	23	27	2	1	1	1
1	802458	A	T	14	36	2	1	1	1
1	523903	A	T	14	36	2	1	1	1
1	13783	A	T	15	35	2	1	1	1
1	954961	A	T	16	34	2	1	1	1
1	656300	A	T	12	38	2	1	1	1
1	165714	A	T	15	35	2	1	1	1
1	720090	A	T	12	38	2	1	1	1
1	441082	A	T	14	36	2	1	1	1
1	798637	A	T	9	41	2	1	1	1
1	604934	A	T	5	45	2	1	1	1
1	489383	A	T	14	36	2	1	1	1
1	515337	A	T	14	36	2	1	1	1
1	509200	A	T	12	38	2	1	1	1
1	519822	A	T	18	32	2	1	1	1
1	802240	A	T	18	32	2	1	1	1
1	202812	A	T	17	33	2	1	1	1
1	469476	A	T	15	35	2	1	1	1
1	172346	A	T	11	39	2	1	1	1
1	255760	A	T	13	37	2	1	1	1
1	545507	A	T	20	30	2	1	1	1
1	988205	A	T	20	30	2	1	1	1
1	203308	A	T	21	29	2	1	1	1
1	875355	A	T	20	30	2	1	1	1
1	390386	A	T	21	29	2	1	1	1
1	200569	A	T	14	36	2	1	1	1
1	147559	A	T	11	39	2	1	1	1
1	978351	A	T	19	31	2	1	1	1
1	636660	A	T	18	32	2	1	1	1
1	524565	A	T	15	35	2	1	1	1
1	546783	A	T	20	30	2	1	1	1
1	885719	A	T	13	37	2	1	1	1
1	273021	A	T	21	29	2	1	1	1
1	974278	A	T	12	38	2	1	1	1
1	880109	A	T	13	37	2	1	1	1
1	779111	A	T	15	35	2	1	1	1
1	268685	A	T	23	27	2	1	1	1
1	982627	A	T	18	32	2	1	1	1
1	422335	A	T	16	34	2	1	1	1
1	215900	A	T	19	31	2	1	1	1
1	769581	A	T	23	27	2	1	1	1
1	92996	A	T	14	36	2	1	1	1
1	354113	A	T	27	23	2	1	1	1
1	944029	A	T	14	36	2	1	1	1
1	36451	A	T	12	38	2	1	1	1
1	470874	A	T	18	32	2	1	1	1
1	456484	A	T	14	36	2	1	1	1
1	324810	A	T	10	40	2	1	1	1
1	314674	A	T	14	36	2	1	1	1
1	433710	A	T	20	30	2	1	1	1
1	457563	A	T	29	21	2	1	1	1
1	566783	A	T	11	39	2	1	1	1
1	467237	A	T	19	31	2	1	1	1
1	348678	A	T	15	35	2	1	1	1
1	876824	A	T	17	33	2	1	1	1
1	76411	A	T	12	38	2	1	1	1
1	888092	A	T	17	33	2	1	1	1
1	268274	A	T	14	36	2	1	1	1
1	431460	A	T	19	31	2	1	1	1
1	380441	A	T	15	35	2	1	1	1
1	108163	A	T	19	31	2	1	1	1
1	387086	A	T	19	31	2	1	1	1
1	191841	A	T	11	39	2	1	1	1
1	518173	A	T	19	31	2	1	1	1
1	846930	A	T	15	35	2	1	1	1
1	300234	A	T	24	26	2	1	1	1
1	886514	A	T	18	32	2	1	1	1
1	928776	A	T	15	35	2	1	1	1
1	616573	A	T	15	35	2	1	1	1
1	858471	A	T	16	34	2	1	1	1
1	192135	A	T	11	39	2	1	1	1
1	937116	A	T	24	26	2	1	1	1
1	291504	A	T	9	41	2	1	1	1
1	338895	A	T	21	29	2	1	1	1
1	489013	A	T	17	33	2	1	1	1
1	34655	A	T	22	28	2	1	1	1
1	157503	A	T	15	35	2	1	1	1
1	567599	A	T	13	37	2	1	1	1
1	122733	A	T	14	36	2	1	1	1
1	342647	A	T	19	31	2	1	1	1
1	673596	A	T	19	31	2	1	1	1
1	556308	A	T	11	39	2	1	1	1
1	70110	A	T	21	29	2	1	1	1
1	827219	A	T	16	34	2	1	1	1
1	917433	A	T	13	37	2	1	1	1
1	756992	A	T	6	44	2	1	1	1
1	380683	A	T	16	34	2	1	1	1
1	19818	A	T	17	33	2	1	1	1
1	390618	A	T	16	34	2	1	1	1
1	152101	A	T	15	35	2	1	1	1
1	261520	A	T	13	37	2	1	1	1
1	293544	A	T	14	36	2	1	1	1
1	180150	A	T	12	38	2	1	1	1
1	261877	A	T	16	34	2	1	1	1
1	599308	A	T	17	33	2	1	1	1
1	852221	A	T	10	40	2	1	1	1
1	936536	A	T	12	38	2	1	1	1
1	872095	A	T	18	32	2	1	1	1
1	505530	A	T	19	31	2	1	1	1
1	551933	A	T	10	40	2	1	1	1
1	878489	A	T	14	36	2	1	1	1
1	974402	A	T	15	35	2	1	1	1
1	55961	A	T	15	35	2	1	1	1
1	253855	A	T	13	37	2	1	1	1
1	205889	A	T	15	35	2	1	1	1
1	951591	A	T	18	32	2	1	1	1
1	521716	A	T	25	25	2	1	1	1
1	323728	A	T	20	30	2	1	1	1
1	638961	A	T	17	33	2	1	1	1
1	383697	A	T	8	42	2	1	1	1
1	906611	A	T	20	30	2	1	1	1
1	103965	A	T	16	34	2	1	1	1
1	670661	A	T	21	29	2	1	1	1
1	223759	A	T	16	34	2	1	1	1
1	914345	A	T	20	30	2	1	1	1
1	133489	A	T	13	37	2	1	1	1
1	673652	A	T	15	35	2	1	1	1
1	458660	A	T	18	32	2	1	1	1
1	871102	A	T	16	34	2	1	1	1
1	658812	A	T	24	26	2	1	1	1
1	32938	A	T	20	30	2	1	1	1
1	193931	A	T	16	34	2	1	1	1
1	325423	A	T	18	32	2	1	1	1
1	979532	A	T	15	35	2	1	1	1
1	6636	A	T	20	30	2	1	1	1
1	13719	A	T	18	32	2	1	1	1
1	587380	A	T	15	35	2	1	1	1
1	604957	A	T	19	31	2	1	1	1
1	902225	A	T	17	33	2	1	1	1
1	197851	A	T	16	34	2	1	1	1
1	993751	A	T	17	33	2	1	1	1
1	806853	A	T	24	26	2	1	1	1
1	834142	A	T	10	40	2	1	1	1
1	897602	A	T	17	33	2	1	1	1
1	396085	A	T	21	29	2	1	1	1
1	520102	A	T	22	28	2	1	1	1
1	916841	A	T	21	29	2	1	1	1
1	167715	A	T	20	30	2	1	1	1
1	686595	A	T	22	28	2	1	1	1
1	914902	A	T	16	34	2	1	1	1
1	329261	A	T	20	30	2	1	1	1
1	354085	A	T	15	35	2	1	1	1
1	544823	A	T	14	36	2	1	1	1
1	450205	A	T	22	28	2	1	1	1
1	217428	A	T	31	19	2	1	1	1
1	745066	A	T	14	36	2	1	1	1
1	292520	A	T	16	34	2	1	1	1
1	754362	A	T	13	37	2	1	1	1
1	229837	A	T	11	39	2	1	1	1
1	981097	A	T	17	33	2	1	1	1
1	347150	A	T	11	39	2	1	1	1
1	967066	A	T	15	35	2	1	1	1
1	540197	A	T	25	25	2	1	1	1
1	354874	A	T	23	27	2	1	1	1
1	728379	A	T	24	26	2	1	1	1
1	789649	A	T	17	33	2	1	1	1
1	235048	A	T	25	25	2	1	1	1
1	196473	A	T	15	35	2	1	1	1
1	397024	A	T	24	26	2	1	1	1
1	193801	A	T	14	36	2	1	1	1
1	993814	A	T	26	24	2	1	1	1
1	226310	A	T	14	36	2	1	1	1
1	350662	A	T	12	38	2	1	1	1
1	121332	A	T	21	29	2	1	1	1
1	171036	A	T	15	35	2	1	1	1
1	545366	A	T	16	34	2	1	1	1
1	589707	A	T	23	27	2	1	1	1
1	599396	A	T	15	35	2	1	1	1
1	59318	A	T	15	35	2	1	1	1
1	437734	A	T	26	24	2	1	1	1
1	99670	A	T	20	30	2	1	1	1
1	712247	A	T	14	36	2	1	1	1
1	858478	A	T	16	34	2	1	1	1
1	553038	A	T	14	36	2	1	1	1
1	443967	A	T	20	30	2	1	1	1
1	708538	A	T	13	37	2	1	1	1
1	876279	A	T	20	30	2	1	1	1
1	554647	A	T	13	37	2	1	1	1
1	700514	A	T	18	32	2	1	1	1
1	164784	A	T	14	36	2	1	1	1
1	937769	A	T	25	25	2	1	1	1
1	838040	A	T	15	35	2	1	1	1
1	531055	A	T	19	31	2	1	1	1
1	954006	A	T	7	43	2	1	1	1
1	372823	A	T	26	24	2	1	1	1
1	487719	A	T	15	35	2	1	1	1
1	81185	A	T	9	41	2	1	1	1
1	215226	A	T	15	35	2	1	1	1
1	618393	A	T	20	30	2	1	1	1
1	962492	A	T	15	35	2	1	1	1
1	183657	A	T	18	32	2	1	1	1
1	611232	A	T	16	34	2	1	1	1
1	66712	A	T	17	33	2	1	1	1
1	903689	A	T	22	28	2	1	1	1
1	351875	A	T	15	35	2	1	1	1
1	640056	A	T	18	32	2	1	1	1
1	29808	A	T	18	32	2	1	1	1
1	311780	A	T	15	35	2	1	1	1
1	289077	A	T	15	35	2	1	1	1
1	897698	A	T	17	33	2	1	1	1
1	150468	A	T	22	28	2	1	1	1
1	22098	A	T	9	41	2	1	1	1
1	736902	A	T	18	32	2	1	1	1
1	445037	A	T	13	37	2	1	1	1
1	923446	A	T	17	33	2	1	1	1
1	825062	A	T	11	39	2	1	1	1
1	884140	A	T	20	30	2	1	1	1
1	255469	A	T	19	31	2	1	1	1
1	173896	A	T	14	36	2	1	1	1
1	473471	A	T	18	32	2	1	1	1
1	455668	A	T	14	36	2	1	1	1
1	249706	A	T	15	35	2	1	1	1
1	757334	A	T	24	26	2	1	1	1
1	575512	A	T	15	35	2	1	1	1
1	433507	A	T	17	33	2	1	1	1
1	515151	A	T	17	33	2	1	1	1
1	865150	A	T	8	42	2	1	1	1
1	356018	A	T	21	29	2	1	1	1
1	698618	A	T	20	30	2	1	1	1
1	711943	A	T	11	39	2	1	1	1
1	643808	A	T	10	40	2	1	1	1
1	397739	A	T	16	34	2	1	1	1
1	642432	A	T	14	36	2	1	1	1
1	338928	A	T	19	31	2	1	1	1
1	510615	A	T	22	28	2	1	1	1
1	113116	A	T	30	20	2	1	1	1
1	609153	A	T	18	32	2	1	1	1
1	890182	A	T	16	34	2	1	1	1
1	402635	A	T	19	31	2	1	1	1
1	123833	A	T	15	35	2	1	1	1
1	130304	A	T	13	37	2	1	1	1
1	331778	A	T	13	37	2	1	1	1
1	777175	A	T	23	27	2	1	1	1
1	547414	A	T	19	31	2	1	1	1
1	59284	A	T	22	28	2	1	1	1
1	407920	A	T	16	34	2	1	1	1
1	507258	A	T	14	36	2	1	1	1
1	705040	A	T	19	31	2	1	1	1
1	75170	A	T	21	29	2	1	1	1
1	121693	A	T	24	26	2	1	1	1
1	175990	A	T	13	37	2	1	1	1
1	129767	A	T	20	30	2	1	1	1
1	61061	A	T	23	27	2	1	1	1
1	504001	A	T	19	31	2	1	1	1
1	379798	A	T	19	31	2	1	1	1
1	735960	A	T	12	38	2	1	1	1
1	727240	A	T	17	33	2	1	1	1
1	247551	A	T	18	32	2	1	1	1
1	870290	A	T	13	37	2	1	1	1
1	87612	A	T	14	36	2	1	1	1
1	410292	A	T	22	28	2	1	1	1
1	323678	A	T	22	28	2	1	1	1
1	132953	A	T	16	34	2	1	1	1
1	451068	A	T	18	32	2	1	1	1
1	762571	A	T	23	27	2	1	1	1
1	344291	A	T	25	25	2	1	1	1
1	659482	A	T	15	35	2	1	1	1
1	946839	A	T	13	37	2	1	1	1
1	901220	A	T	9	41	2	1	1	1
1	721517	A	T	15	35	2	1	1	1
1	228911	A	T	12	38	2	1	1	1
1	693195	A	T	18	32	2	1	1	1
1	278553	A	T	17	33	2	1	1	1
1	556430	A	T	9	41	2	1	1	1
1	638759	A	T	21	29	2	1	1	1
1	411954	A	T	20	30	2	1	1	1
1	291843	A	T	14	36	2	1	1	1
1	193808	A	T	15	35	2	1	1	1
1	9451	A	T	13	37	2	1	1	1
1	861067	A	T	20	30	2	1	1	1
1	102417	A	T	23	27	2	1	1	1
1	664148	A	T	13	37	2	1	1	1
