chromosome_index	position	alt_count	ref_count
1	18502748	15	21
1	14029199	19	28
1	37259276	17	30
1	63491329	19	21
1	83612553	21	27
1	73347600	22	19
1	46086611	38	13
1	77870154	31	9
1	64942732	16	25
1	8955070	18	15
1	89332927	22	23
1	45553793	22	29
1	60245711	24	20
1	13707211	23	18
1	48746047	27	22
1	72088985	20	20
1	96640537	20	25
1	13637649	12	29
1	33200210	23	22
1	39088888	20	24
1	45448015	15	34
1	51513183	15	26
1	29584301	17	21
1	75765458	28	21
1	81891802	25	26
1	60497293	40	27
1	24583794	10	24
1	9404621	34	19
1	88549924	22	28
1	44486432	27	18
1	76811863	22	13
1	40861845	31	23
1	56375661	15	22
1	25805780	28	25
1	56109829	29	12
1	21569541	23	15
1	18331087	17	20
1	67998424	20	21
1	1169693	22	27
1	71244011	31	15
1	90964672	18	21
1	26584370	16	22
1	55741024	23	34
1	69630147	24	25
1	28238529	29	33
1	68795235	23	21
1	3656423	21	19
1	11184121	24	17
1	99462770	16	21
1	47884108	23	21
1	26169713	26	20
1	70347896	27	25
1	46685960	42	17
1	4646237	26	18
1	78607473	20	27
1	89585588	22	24
1	9795893	21	25
1	70278360	16	24
1	47483397	13	27
1	45895516	29	36
1	55632880	19	26
1	56376084	25	21
1	29983813	20	19
1	77793681	22	21
1	74134112	30	20
1	69480705	31	18
1	15777403	28	20
1	45956585	27	15
1	11715490	21	25
1	12168785	20	21
1	63096708	30	16
1	47318225	29	27
1	88740739	27	24
1	81678906	15	26
1	39058230	35	26
1	22990906	35	17
1	32753366	25	26
1	1296291	24	25
1	48163459	27	20
1	60866805	15	30
1	70568038	30	19
1	55271989	27	22
1	56183761	30	13
1	62930548	33	26
1	22181280	20	21
1	58606415	24	22
1	52888935	29	18
1	22338588	29	15
1	2122008	22	21
1	72172565	19	21
1	37422102	15	29
1	2519787	24	18
1	24792096	27	23
1	21982803	13	23
1	83668394	19	20
1	27027672	17	27
1	16518231	25	18
1	40056643	19	20
1	13463397	20	24
1	84715544	23	23
1	55953428	30	20
1	62368345	24	22
1	81102509	31	10
1	6332659	18	22
1	80179926	18	27
1	44946693	12	20
1	86930856	16	21
1	97629996	11	19
1	71505036	19	23
1	37999704	26	24
1	83015002	23	22
1	91619812	21	24
1	4677153	22	20
1	60511216	22	32
1	70513424	26	23
1	8839966	19	25
1	20646983	24	24
1	3820695	19	28
1	77027775	29	27
1	52024870	25	21
1	58660055	24	24
1	96129078	27	20
1	33132446	22	20
1	49491386	26	18
1	27346849	23	21
1	97179002	19	42
1	74592839	20	29
1	19294827	25	23
1	39060364	28	15
1	20878403	23	16
1	68750735	20	22
1	84919865	16	36
1	74613247	17	21
1	8271043	24	19
1	14722860	17	30
1	54623718	33	16
1	7225780	37	19
1	41622291	21	23
1	18963002	18	24
1	14148376	28	15
1	45964072	21	19
1	25362106	20	22
1	92990488	15	32
1	79801810	16	17
1	22359624	22	15
1	84797965	29	26
1	92423199	25	24
1	93241857	22	27
1	19744512	23	22
1	86444760	18	24
1	1942052	20	27
1	26616636	29	22
1	32091690	26	32
1	62958391	33	19
1	13269182	24	17
1	45568983	18	18
1	81099775	17	24
1	80776730	20	16
1	78044088	35	13
1	66540911	25	34
1	8033506	28	20
1	36846735	30	19
1	41933864	18	20
1	5120794	18	27
1	39722194	26	16
1	24538654	23	26
1	67718216	30	16
1	65854519	26	23
1	45904762	15	32
1	54321086	23	27
1	75253005	26	31
1	81279713	32	20
1	4372852	18	27
1	28906418	14	23
1	52272359	23	30
1	29994858	13	23
1	83698886	19	15
1	83570628	24	17
1	31928680	25	18
1	63162049	12	28
1	50549717	29	26
1	66578078	30	16
1	42984646	22	30
1	35453299	20	25
1	36897966	24	21
1	99717880	33	14
1	6711064	17	15
1	15490022	40	24
1	38728666	26	23
1	99376804	15	25
1	96709291	19	14
1	96688250	26	17
1	43905866	14	24
1	72310078	24	19
1	74188555	15	31
1	40807308	16	25
1	20762612	22	21
1	5465609	19	26
1	65183246	23	25
1	90271994	13	32
1	96056211	20	27
1	67758442	16	21
1	31631797	23	25
1	29339465	17	21
1	81762133	27	27
1	41201335	21	26
1	47327662	18	28
1	18032203	24	22
1	59151855	20	27
1	96631961	34	18
1	90139413	25	23
1	82956657	28	21
1	68691086	18	19
1	66953063	30	25
1	55492206	25	21
1	5327503	37	13
1	75984718	13	22
1	24143395	27	24
1	3852152	28	14
1	11013062	21	29
1	75224525	17	16
1	41854991	20	20
1	89225864	19	31
1	27619606	35	27
1	79585527	28	19
1	23752607	28	17
1	97691922	26	20
1	53514368	23	16
1	78509408	24	27
1	66623555	28	30
1	40636196	15	25
1	77687356	24	14
1	95759262	16	28
1	84646249	23	24
1	26698192	15	23
1	42217821	25	27
1	57801577	29	23
1	14675984	24	22
1	26347521	19	15
1	24422882	21	18
1	68566512	26	17
1	90146297	22	21
1	15445248	24	27
1	88269982	31	28
1	85522468	21	16
1	88744542	28	20
1	12258722	20	28
1	58059596	18	19
1	91114730	15	23
1	14200530	19	24
1	26113860	21	18
1	45396931	25	15
1	11873611	11	24
1	85526700	26	16
1	87000863	18	26
1	89485954	19	14
1	25677333	21	21
1	1731830	31	24
1	79925764	27	19
1	59854846	20	26
1	21981946	25	21
1	54690521	23	28
1	21160505	21	30
1	41995290	17	25
1	9395999	21	24
1	91461636	21	20
1	41106418	17	36
1	22642311	28	22
1	54590448	22	26
1	95804076	24	20
1	86976098	19	26
1	40007135	13	19
1	16386194	23	23
1	85834834	27	24
1	27585327	21	20
1	79665473	14	27
1	29024038	13	24
1	83378754	26	14
1	4387737	19	24
1	49591032	22	17
1	47647787	14	22
1	70877422	25	26
1	63800618	18	34
1	64688045	20	25
1	76408734	19	33
1	11236986	24	32
1	88705638	30	19
1	65782725	29	17
1	1920624	14	30
1	81533725	14	22
1	7598179	14	20
1	47950400	25	33
1	22851018	23	14
1	1898604	30	14
1	3870606	16	42
1	79144724	25	26
1	59885790	29	28
1	43141560	21	23
1	62201445	24	19
1	47507493	20	21
1	4106789	16	13
1	68642595	26	21
1	45882321	26	18
1	66147990	26	34
1	6590505	25	15
1	75948927	31	31
1	69995795	23	26
1	72724570	21	30
1	16070805	31	22
1	33608456	22	32
1	49328290	28	18
1	77839623	30	17
1	46538119	16	30
1	68481557	22	24
1	99780903	21	25
1	48658528	18	23
1	42633212	19	32
1	16093364	26	21
1	49011755	18	16
1	83280954	25	17
1	31997048	24	35
1	78965992	21	32
1	67628777	22	26
1	6461277	24	24
1	17269727	23	22
1	53356258	15	23
1	47756380	25	27
1	61581827	21	20
1	47721708	22	16
1	67057324	20	23
1	38115639	21	18
1	41271146	19	18
1	2150230	27	23
1	81829813	24	20
1	6740344	25	17
1	99017779	20	20
1	92262823	20	23
1	52346346	29	15
1	68165130	26	24
1	5298793	38	17
1	38075364	25	23
1	30962976	16	23
1	38981188	12	24
1	98313597	20	19
1	24000675	21	25
1	96884769	27	22
1	89363640	21	24
1	49201548	29	26
1	77173188	24	21
1	86845495	21	15
1	58029201	30	26
1	85643518	18	25
1	95816412	25	18
1	83798208	23	31
1	90667642	28	31
1	36883284	27	18
1	21996396	34	19
1	87073332	21	20
1	78467925	12	24
1	21662816	15	31
1	84652698	25	15
1	36192659	29	17
1	44745837	22	16
1	62200312	12	18
1	22872642	24	22
1	90764735	24	18
1	53457407	19	28
1	74790390	26	26
1	62202830	26	17
1	45038234	23	21
1	45619694	16	16
1	83117436	30	20
1	56349924	24	16
1	86565046	26	13
1	29613228	15	29
1	55896844	33	24
1	35418041	23	22
1	34199346	16	23
1	19698618	16	24
1	13704556	22	14
1	1088999	32	28
1	97117393	15	31
1	14990413	21	24
1	84148501	25	20
1	51466146	28	18
1	95763370	21	25
1	24400275	27	22
1	20292632	19	26
1	16635543	17	20
1	6393528	25	23
1	2592038	15	26
1	32149144	14	19
1	35357658	15	22
1	88098589	17	27
1	39352812	27	23
1	64391310	19	15
1	89065068	17	29
1	8745140	35	31
1	46891776	30	29
1	58071025	25	15
1	64419798	26	24
1	5729447	19	16
1	4005974	25	15
1	17597361	19	18
1	56613748	28	19
1	33928773	30	23
1	72697855	28	28
1	41955128	27	24
1	33404403	16	20
1	58529386	28	15
1	7652660	16	20
1	46696194	25	18
1	29335003	15	19
1	19619102	20	21
1	29553346	27	17
1	92843120	21	16
1	28652912	31	27
1	5401434	22	20
1	19348629	15	27
1	15360417	22	28
1	67840321	24	30
1	29592141	18	22
1	18392334	26	27
1	40366471	21	33
1	73432417	21	23
1	63638827	17	36
1	34510020	27	18
1	24106622	15	25
1	42972572	27	25
1	56072954	18	22
1	75508862	16	28
1	97968054	28	18
1	60640454	23	23
1	10253742	26	23
1	48737485	21	22
1	21584018	35	20
1	50704853	25	22
1	33568938	15	21
1	42350900	21	18
1	23722062	22	20
1	74521194	27	16
1	22965381	28	34
1	54216335	20	22
1	19803291	23	21
1	24034350	24	17
1	40372948	18	18
1	84690572	24	22
1	53392539	23	26
1	25496729	25	24
1	14636720	19	16
1	97605237	16	16
1	30494144	26	14
1	96894136	15	29
1	14443801	26	16
1	49966037	10	15
1	25308756	23	19
1	64155197	19	21
1	70376182	28	23
1	61129165	16	27
1	5635720	15	21
1	9924221	23	31
1	9847888	12	27
1	10953590	18	21
1	41862018	22	16
1	70290962	22	24
1	86760010	31	21
1	91426814	29	15
1	93707069	18	22
1	32110547	24	15
1	15153141	16	19
1	38890224	23	19
1	56914027	14	23
1	59758018	18	30
1	79068487	18	29
1	49327616	23	21
1	12167078	21	27
1	68745337	21	19
1	36679414	16	24
1	5113824	24	19
1	66763022	26	16
1	57757579	23	18
1	91814796	22	25
1	53293094	24	27
1	33738574	22	23
1	74644630	21	20
1	73110090	30	16
1	66827279	15	26
1	58893234	12	26
1	30627044	20	22
1	75115608	19	14
1	44203632	35	17
1	82760822	24	25
1	54096672	22	16
1	99679138	23	31
1	82502034	15	22
1	12652019	17	21
1	21689271	18	27
1	63540996	19	29
1	65173036	23	22
1	86232427	18	17
1	67116441	21	18
1	17710559	20	26
1	75582600	19	20
1	25612058	25	12
1	76239824	28	19
1	72387230	19	19
1	13548028	24	18
1	23872510	19	37
1	61526318	19	20
1	3793600	27	16
1	50605726	19	25
1	47410612	28	25
1	41685642	16	28
1	56071815	27	25
1	66225050	28	16
1	82453106	18	29
1	16392101	25	21
1	45761070	22	25
1	55788723	17	30
1	23086288	26	21
1	68633321	26	23
1	98293037	28	23
1	279984	32	18
1	24342427	30	14
1	13891337	18	19
1	81820316	34	19
1	87649705	26	28
1	18318905	24	24
1	84377098	27	20
1	56543056	23	28
1	85262213	17	19
1	94343304	19	29
1	82373971	24	19
1	74116130	18	28
1	91862528	25	26
1	16104790	15	28
1	9110819	27	17
1	54779902	24	24
1	11976451	21	15
1	69638240	25	24
1	36661945	17	27
1	6448186	19	9
1	12927280	24	16
1	76000090	13	28
1	99047479	26	29
1	55340004	21	15
1	65824718	29	21
1	17531466	22	27
1	24041953	30	21
1	87962104	19	23
1	12501499	19	27
1	6611296	21	21
1	71883193	27	21
1	78824094	21	26
1	12708818	16	27
1	68166076	18	30
1	65331520	21	15
1	77992311	28	11
1	15080931	33	15
1	38383320	27	29
1	89509244	21	32
1	59184343	29	32
1	37956597	24	22
1	74416735	19	27
1	34371857	27	25
1	60452197	34	20
1	67627370	17	16
1	25780114	23	22
1	83053192	22	18
1	8994109	22	17
1	43307192	36	14
1	9410870	15	36
1	21960968	23	25
1	81697969	29	25
1	57872997	15	28
1	75949416	11	25
1	81251972	14	18
1	87762470	26	21
1	85080859	26	12
1	95420839	17	15
1	29773100	35	21
1	70815663	31	23
1	54157862	17	24
1	64071747	28	15
1	80726653	21	24
1	78589392	30	20
1	33688438	22	16
1	99575275	18	26
1	64869786	26	30
1	36876237	12	19
1	25327800	27	28
1	52307906	22	19
1	88333583	14	31
1	37673333	25	15
1	26806257	28	19
1	50268638	25	19
1	19489631	15	21
1	44033327	19	33
1	22947998	19	33
1	83194878	34	19
1	47482141	14	28
1	90083500	23	17
1	91891840	23	31
1	10846945	31	11
1	43898168	24	12
1	57041124	30	19
1	25181678	19	24
1	50389504	40	20
1	11892480	21	17
1	90601865	32	18
1	68371641	15	22
1	21867358	19	26
1	21345761	28	17
1	29167829	21	29
1	13590640	22	22
1	29604033	28	17
1	82199095	32	21
1	33158058	27	18
1	82616213	19	20
1	94699907	17	30
1	13325328	28	21
1	3531822	24	17
1	2396543	17	20
1	13079358	21	19
1	20951664	21	18
1	67466383	28	15
1	10675042	17	16
1	66869465	24	20
1	49321839	20	22
1	46538243	15	25
1	81336432	18	45
1	72856061	9	29
1	32362933	14	26
1	1436829	22	25
1	43036642	25	18
1	84094470	20	16
1	26410673	23	23
1	55915122	18	14
1	91079384	20	35
1	41334279	19	22
1	2955637	18	17
1	56187959	27	17
1	49297697	22	21
1	32660802	23	26
1	27896636	31	24
1	17045707	27	25
1	79229049	23	22
1	50635574	16	26
1	25971141	31	21
1	88377340	18	23
1	17553776	24	24
1	87287496	32	23
1	1358391	20	23
1	49653628	20	27
1	29871744	26	33
1	26290995	24	18
1	20746420	33	15
1	31333332	27	26
1	37486032	22	22
1	26174747	11	26
1	31924668	19	24
1	67338309	25	20
1	59162740	23	21
1	33935806	20	21
1	83647668	36	16
1	47404568	25	12
1	2457924	21	17
1	48292774	33	22
1	3630923	20	18
1	67625193	22	22
1	72212620	20	21
1	96714369	28	28
1	89329413	28	27
1	92500011	16	23
1	38849490	22	18
1	16743115	15	23
1	80187601	22	30
1	91210704	32	28
1	37476420	18	28
1	86597453	20	21
1	37134184	21	16
1	6534398	21	24
1	43774202	22	20
1	58382687	17	23
1	35932376	17	18
1	67448628	25	23
1	89747671	25	23
1	98224851	18	23
1	8776527	21	23
1	43855581	31	17
1	86908890	21	13
1	42666568	24	23
1	11961202	22	16
1	38289160	29	17
1	62215949	13	29
1	94745916	20	20
1	84829826	24	17
1	50384020	23	23
1	48726257	21	18
1	38740219	24	20
1	69663420	26	23
1	2828122	22	24
1	98871913	33	11
1	61650372	16	15
1	46043341	23	27
1	84681640	18	24
1	16174688	19	24
1	32583869	24	22
1	56564470	23	11
1	912584	20	27
1	38356146	28	22
1	50064780	27	21
1	67542650	22	17
1	71807389	14	27
1	4915875	16	26
1	25883266	29	22
1	13098152	32	25
1	15176058	28	23
1	20194939	19	13
1	76470555	26	20
1	78440632	21	24
1	11383104	35	17
1	85767818	22	28
1	56467442	27	17
1	13625379	22	22
1	19771784	21	14
1	82260144	26	24
1	88001579	32	13
1	16954762	24	20
1	63848572	23	31
1	84420425	13	37
1	39878725	39	21
1	12678497	26	19
1	1614380	18	18
1	81838912	22	20
1	62197997	14	33
1	62381353	19	21
1	85854454	13	29
1	79669292	24	16
1	55396088	33	24
1	18897323	20	13
1	8118918	18	24
1	72502172	25	16
1	53342676	18	23
1	91914581	23	23
1	87658677	23	17
1	9649166	20	25
1	82191762	20	17
1	14600256	12	24
1	57329906	29	31
1	15114167	36	19
1	40568993	25	29
1	69933396	25	24
1	41042147	16	25
1	92676097	24	24
1	88415696	22	14
1	40966998	24	25
1	63027021	22	23
1	11535526	26	21
1	67295029	28	22
1	29017551	29	9
1	61807363	18	19
1	22377052	18	20
1	44948336	34	13
1	36674585	26	28
1	35948437	20	31
1	78432793	26	19
1	12502290	30	20
1	63334747	26	18
1	98966759	21	31
1	19886316	24	29
1	83031067	27	9
1	73232250	26	17
1	9267811	22	25
1	89200736	27	17
1	29192021	25	31
1	36391789	16	15
1	9190311	21	15
1	30937218	21	30
1	54806950	26	18
1	93244219	6	20
1	21010472	33	14
1	11418244	29	20
1	85796579	11	23
1	7450290	23	22
1	88191383	37	24
1	45695797	21	25
1	20024018	17	21
1	7502230	19	24
1	74797835	23	29
1	53016210	27	23
1	23414763	19	27
1	80371723	24	21
1	56193698	19	29
1	52960656	21	30
1	62924286	31	22
1	58065694	27	13
1	61883913	17	31
1	61621639	25	21
1	51239305	16	30
1	15547588	23	28
1	87763755	23	20
1	34191769	23	23
1	15523149	20	18
1	7010342	29	16
1	77892985	20	27
1	25960525	44	15
1	36526314	24	24
1	7944639	30	20
1	52644457	26	16
1	90312719	22	17
1	39605910	10	24
1	75858212	20	11
1	93726631	12	20
1	28763775	17	22
1	16748650	17	23
1	95759909	20	21
1	78826453	27	28
1	79641885	19	17
1	44308202	22	19
1	38046445	19	26
1	58198827	23	19
1	5304618	22	21
1	3540738	20	22
1	92289948	28	17
1	42018318	16	23
1	52795312	24	34
1	44259444	20	22
1	26460242	15	27
1	6990820	31	12
1	71324071	27	25
1	7352911	26	20
1	56890136	19	27
1	14359506	24	21
1	84781490	18	22
1	29282104	24	15
1	75581442	29	28
1	82000848	9	31
1	10262342	18	23
1	9416212	14	22
1	44890790	25	19
1	78198052	28	25
1	84376712	21	23
1	39471442	18	15
1	62844771	16	27
1	72474624	26	29
1	63699496	29	22
1	67553102	23	24
1	26511610	21	27
1	76774659	18	27
1	37975053	24	21
1	62579970	21	10
1	28773561	24	21
1	39035181	23	16
1	14416032	32	12
1	63763903	27	23
1	23121505	22	23
1	51723913	25	24
1	88319847	23	19
1	90804084	27	14
1	67074319	22	27
1	20580123	29	17
1	73273446	22	24
1	50271339	19	29
1	90255343	19	24
1	49314004	20	18
1	93279392	23	29
1	49096322	18	28
1	32709421	19	26
1	45792268	13	25
1	81877791	21	21
1	97929384	28	17
1	74872787	21	29
1	99837463	23	24
1	77825444	17	23
1	37386125	20	25
1	91653437	19	28
1	31334927	38	33
1	88060872	17	30
1	32163292	33	22
1	8649108	24	20
1	45472993	26	21
1	29066658	29	15
1	61900060	24	35
1	37360354	32	21
1	3005790	26	17
1	14774742	26	18
1	99857850	21	23
1	16710225	18	27
1	8525838	20	21
1	74604785	22	28
1	48771282	16	19
1	32308613	18	32
1	40706665	18	31
1	2800375	20	21
1	93420375	19	21
1	81808930	20	23
1	17934795	17	21
1	477955	17	26
1	68552387	29	26
1	37197690	23	28
1	73284124	21	25
1	2109906	32	17
1	12321325	35	23
1	78618243	30	16
1	26880383	15	31
1	40086561	35	19
1	89166723	19	29
1	47876927	19	10
1	29246042	19	19
1	25096118	18	26
1	54842441	23	20
1	67523413	28	21
1	78925418	20	18
1	69601704	23	24
1	26328211	25	22
1	9763434	25	30
1	8395947	18	28
1	13760238	25	24
1	81897397	21	31
1	16824879	20	22
1	47055741	23	26
1	28918841	21	26
1	39380214	24	32
1	4280376	15	30
1	95521693	27	38
1	50969287	17	30
1	90908997	29	14
1	64956813	24	21
1	22782791	34	31
1	23586701	19	20
1	70222654	19	19
1	96859529	28	16
1	10736368	21	17
1	63438910	25	22
1	49824454	21	23
1	76377537	28	22
1	92003717	26	31
1	74718607	29	22
1	44605721	19	21
1	88996529	23	24
1	172131	15	33
1	95485333	18	27
1	56120251	26	14
1	54195372	24	18
1	87367930	18	26
1	6742327	29	30
1	56876977	27	28
1	81390352	18	18
1	76497518	22	23
1	9683334	23	21
1	67803012	24	19
1	8757815	34	17
1	53263875	22	15
1	96772746	26	18
1	33960635	22	16
1	12231698	22	25
1	99886653	17	20
1	10420464	20	28
1	11854027	31	27
1	53150027	25	11
1	63433013	32	21
1	81242552	20	8
1	10073590	16	23
1	76194132	18	21
1	98111073	16	25
1	10584572	23	22
1	2125196	23	15
1	20355636	13	34
1	46677560	16	22
1	48296776	20	23
1	19000589	23	16
1	17896200	31	22
1	61113071	17	30
1	18369392	15	20
1	204563	36	24
1	83847193	29	21
1	43309663	17	17
1	2124155	33	21
1	51771116	27	22
1	45773366	22	18
1	61625649	19	26
1	41251458	24	25
1	87299245	14	24
1	20799011	18	27
1	58256014	19	34
1	9382860	21	24
1	34693851	25	30
1	78828207	21	17
1	74827022	28	26
1	24037882	28	21
1	28577715	27	26
1	20958319	23	29
1	83346151	25	16
1	2671875	20	18
1	4454542	25	20
1	62654439	9	29
1	50593193	21	29
1	9118562	17	27
1	50521379	14	26
1	59011996	32	19
1	60750066	26	24
1	11148102	22	27
1	60444967	22	25
1	68443620	26	27
1	44460918	24	24
1	65102226	28	31
1	18572173	26	21
1	59368457	23	20
1	22815977	18	24
1	4057350	23	20
1	23602357	23	23
1	75045792	16	19
1	61044204	20	14
1	74559518	29	20
1	21666911	17	25
1	7969066	19	25
1	5449575	15	15
1	82451654	27	17
1	64639099	21	29
1	61459064	16	23
1	77346751	14	15
1	19232076	15	21
1	72245210	26	15
1	87130545	32	22
1	61942145	28	21
1	95020630	21	12
1	44033729	28	26
1	81384039	19	26
1	70376576	26	21
1	56840469	15	21
1	50801941	30	17
1	59141909	15	19
1	42891728	22	22
1	93463739	14	28
1	20047420	24	26
1	96878946	20	25
1	60156752	33	27
1	85737193	20	19
1	91338967	23	19
1	21736913	23	14
1	59931272	23	30
1	41500972	32	21
1	78013896	23	20
1	48757274	12	19
1	47541237	15	25
1	45653624	23	21
1	16262054	24	31
1	7388888	28	17
1	44716377	15	23
1	51062848	22	15
1	60946238	26	19
1	69848243	19	30
1	77268126	23	9
1	38376578	13	27
1	97596827	19	24
1	37122904	13	36
1	39935211	24	27
1	59940215	31	25
1	54147862	29	21
1	84049066	23	23
1	85343361	19	24
1	11468409	29	18
1	30049315	15	19
1	98794647	20	24
1	19450590	28	17
1	66412607	19	24
1	11765513	28	17
1	33724247	9	22
1	51278278	26	14
1	6090624	12	29
1	82671237	20	21
1	14052406	26	19
1	60097924	30	14
1	66655066	21	19
1	51328160	13	26
1	82654162	31	18
1	8228949	28	22
1	58447109	17	34
1	52624056	22	28
1	14376624	17	25
1	72697164	18	26
1	82125025	16	23
1	32162117	25	22
1	80799863	33	20
1	43483528	16	24
1	27476647	26	13
1	60707662	27	16
1	78663055	31	14
1	73633780	21	23
1	86390974	28	25
1	77034553	31	14
1	25860133	23	22
1	27581456	23	17
1	96636195	27	23
1	60946552	19	28
1	97942130	21	26
1	64897240	22	13
1	62783652	26	21
1	91510847	27	20
1	32334225	24	22
1	97070706	24	21
1	18104327	32	23
1	86641699	25	22
1	23672406	24	30
1	78704113	25	23
1	78558153	20	28
1	47243866	20	21
1	2345893	31	21
1	37840353	25	21
1	71234819	20	24
1	50729428	30	21
1	76361698	21	34
1	96236730	27	17
1	86999831	19	25
1	28394761	24	19
1	89502442	13	32
1	30129037	26	22
1	59996215	32	24
1	81830304	14	24
1	36144458	33	19
1	25416009	25	22
1	77342354	20	25
1	16393597	20	14
1	88925853	28	20
1	37341978	27	12
1	79652513	31	18
1	972787	19	19
1	7601863	21	31
1	42646328	22	26
1	31916734	20	21
1	40083491	25	25
1	80993478	28	19
1	51221443	13	29
1	94799503	16	39
1	6357391	25	27
1	79181762	37	12
1	86282743	36	21
1	57089315	22	22
1	58827574	22	21
1	30337466	28	23
1	61328736	14	23
1	26314996	22	18
1	15273005	30	18
1	36051643	26	19
1	17743461	22	23
1	9824086	24	21
1	7971833	24	20
1	97638932	32	20
1	43004194	24	18
1	67505596	24	32
1	80824552	27	18
1	99007318	22	23
1	18872824	20	26
1	53665498	30	19
1	8969201	17	33
1	807959	15	16
1	3223016	10	32
1	54517900	18	25
1	99296497	26	20
1	39704062	23	27
1	45449185	29	15
1	68267628	30	25
1	33681780	28	20
1	66176347	21	13
1	63141477	22	23
1	8665138	15	29
1	79896039	18	23
1	76825954	13	19
1	70043374	15	25
1	95515922	20	20
1	68969376	14	19
1	97490142	20	31
1	39337268	23	25
1	49693338	21	25
1	83776052	10	24
1	89945419	18	24
1	22368154	31	17
1	80632006	20	18
1	28028642	18	28
1	51732493	23	21
1	76145143	8	34
1	23792208	16	26
1	53354480	17	30
1	67439559	31	18
1	34981074	24	14
1	94979084	17	23
1	73374996	25	27
1	41561209	25	26
1	15376115	20	12
1	70609260	14	30
1	24210204	20	11
1	7202051	29	24
1	67790656	24	32
1	29748656	27	21
1	11510951	17	25
1	43206975	19	22
1	56339464	18	22
1	48648799	25	16
1	79250663	24	35
1	58218997	28	22
1	28193217	26	21
1	52841300	22	24
1	61683165	14	23
1	48119288	27	23
1	71107149	18	19
1	47233665	24	14
1	4441807	27	22
1	93424454	16	26
1	45105716	24	26
1	57328111	32	21
1	89116168	22	29
1	28811171	17	21
1	52342970	35	29
1	16079807	22	22
1	52022322	18	26
1	57487622	23	23
1	48460419	18	28
1	46767909	11	39
1	23209541	24	20
1	90001087	15	24
1	74544996	14	22
1	64522267	25	20
1	76267599	31	23
1	68613706	22	26
1	23024105	37	20
1	44288802	20	32
1	24597289	30	27
1	97849524	18	17
1	64847853	16	23
1	72457362	23	19
1	58486060	29	25
1	5542474	20	22
1	40803082	25	16
1	72932360	24	17
1	28305034	16	24
1	58552149	22	33
1	18434345	17	26
1	66895540	11	20
1	28727741	33	31
1	7709693	21	30
1	22911247	24	29
1	57774823	22	10
1	66236434	15	17
1	49917231	19	28
1	60274722	27	22
1	86982123	16	32
1	32364531	17	25
1	57601281	23	13
1	80860537	24	28
1	32167683	15	16
1	43660496	25	16
1	78951816	20	23
1	20441308	23	31
1	60110314	18	32
1	1797980	18	21
1	74327026	17	19
1	91748533	18	28
1	40926886	29	12
1	87277809	31	17
1	30043729	19	23
1	58090821	20	32
1	70913902	24	16
1	49198697	27	21
1	89573957	27	33
1	82927922	19	15
1	54169574	30	30
1	46862313	27	18
1	35252571	34	26
1	53099433	25	18
1	48645412	19	23
1	74415656	13	14
1	38752874	26	17
1	21511717	12	19
1	41141753	20	21
1	3996468	30	24
1	29244013	18	28
1	83541203	29	18
1	47201691	18	33
1	26290892	23	13
1	79031366	17	22
1	66066239	26	20
1	68872656	25	18
1	89847367	14	25
1	69613161	24	14
1	14215727	11	31
1	48723541	24	32
1	56521161	20	27
1	68807362	24	20
1	12581020	20	17
1	64904811	19	24
1	91692327	20	24
1	54555211	18	21
1	94323540	16	22
1	71274589	19	27
1	69411275	21	30
1	27060473	13	23
1	21649888	22	17
1	36317580	15	19
1	60938456	25	24
1	3813200	31	15
1	68343266	34	19
1	47199505	27	21
1	17977629	19	22
1	23018324	20	18
1	1680978	34	14
1	77256050	20	18
1	3783325	24	23
1	33426947	18	23
1	47282571	32	22
1	67738656	23	18
1	21746230	12	21
1	28665909	26	28
1	75022564	14	29
1	48127217	19	23
1	52378194	25	28
1	77322318	20	16
1	35805358	28	20
1	65711466	25	32
1	38165658	23	23
1	19575478	29	19
1	40429916	23	21
1	45175241	29	28
1	42702023	32	13
1	27653355	20	27
1	39724201	21	28
1	65761031	18	31
1	55646077	16	17
1	90020916	15	24
1	33907876	24	20
1	66136560	16	16
1	6438855	30	13
1	16058710	29	29
1	20668550	17	33
1	66706986	19	24
1	38857393	24	18
1	48719849	25	22
1	18427615	26	23
1	43403788	18	23
1	79640499	15	21
1	40134348	26	18
1	71047377	22	15
1	901671	23	17
1	79564312	37	21
1	38648496	30	20
1	59567173	23	20
1	38026670	21	23
1	50322079	27	15
1	75108784	28	28
1	38298193	16	22
1	91567459	24	21
1	96612490	24	22
1	84773245	23	15
1	48110087	15	21
1	22345222	10	14
1	35625838	28	25
1	28175179	20	14
1	50356926	24	21
1	94570671	15	28
1	23406517	19	14
1	89215326	29	21
1	20789457	21	27
1	72110769	24	23
1	2528017	15	16
1	58360449	23	30
1	24320521	24	19
1	61157148	22	26
1	89984777	25	25
1	39071245	26	16
1	80388747	23	27
1	33782475	31	20
1	56201221	21	22
1	41427172	22	24
1	98853559	28	25
1	48200726	26	19
1	24343576	23	25
1	40774344	24	17
1	630039	27	21
1	44042235	20	22
1	65737618	24	15
1	34791713	23	20
1	79281380	11	20
1	39526089	21	27
1	35241559	30	21
1	13589559	25	31
1	51778593	36	15
1	24311863	29	16
1	77938086	18	24
1	9739754	20	14
1	59974464	33	21
1	75140913	24	14
1	73729320	24	19
1	49409391	19	19
1	67392546	24	20
1	46598649	18	28
1	46349971	13	26
1	28334770	16	31
1	30511189	36	17
1	44638274	20	19
1	85063063	26	28
1	84191260	8	40
1	45894414	23	18
1	70416537	14	32
1	82539403	17	24
1	1771550	13	27
1	37338438	26	23
1	53792694	23	31
1	32959615	20	15
1	11349093	17	22
1	26069362	22	17
1	14321125	22	17
1	89060487	16	26
1	43140739	30	29
1	87809265	17	19
1	17488031	21	19
1	2600569	21	23
1	59015981	23	28
1	50856806	16	14
1	45176635	19	21
1	97268944	26	25
1	38971406	33	25
1	41071152	20	18
1	47805918	27	22
1	84730538	26	26
1	48545549	18	26
1	50452533	24	21
1	50156561	20	22
1	24674429	19	24
1	80334064	32	28
1	66367223	34	23
1	18363848	24	20
1	39517014	17	22
1	52620913	23	14
1	74764298	29	19
1	59089867	23	26
1	21842636	23	21
1	28534025	16	30
1	77954619	17	24
1	82714561	23	18
1	54194698	27	31
1	38303387	22	26
1	68157063	20	31
1	67667765	26	28
1	67190724	16	28
1	99312995	16	17
1	77669884	35	18
1	4346048	26	24
1	4642373	20	30
1	5459902	19	9
1	84264556	24	27
1	74510623	18	33
1	1785403	24	26
1	96418875	23	20
1	78226740	28	23
1	2867074	23	18
1	33313566	25	19
1	77122357	28	22
1	97698587	20	22
1	94932660	16	28
1	16824158	22	23
1	12887969	23	24
1	36781326	20	17
1	63710144	12	25
1	14586903	20	28
1	80177793	23	20
1	90087710	14	18
1	37834100	25	19
1	97948775	20	17
1	41596453	28	30
1	13524172	17	20
1	77399429	16	27
1	17709400	25	26
1	86171105	17	24
1	62733678	21	20
1	56789110	30	12
1	29480844	20	28
1	60322985	21	22
1	99599142	19	15
1	48040697	19	19
1	51878486	16	24
1	56249688	28	32
1	71280307	11	29
1	44780034	26	18
1	98635013	25	19
1	24805959	30	12
1	28436768	18	22
1	42879808	38	18
1	83837724	28	19
1	73332888	30	30
1	69380639	14	22
1	33111922	9	20
1	51404661	29	28
1	74867319	28	19
1	67349533	26	19
1	43101530	35	17
1	35425870	12	27
1	41720590	23	30
1	27049852	23	15
1	924507	22	23
1	69735625	27	14
1	1034517	34	27
1	79449567	23	22
1	91425148	24	28
1	12002917	19	23
1	24271953	10	27
1	57763689	14	21
1	83557669	20	20
1	54582235	20	29
1	64933262	19	24
1	59161440	18	20
1	14116344	27	23
1	46785388	30	19
1	96895989	23	26
1	82209502	14	24
1	44068273	31	26
1	88748053	31	25
1	93850186	14	28
1	86269162	32	12
1	89545736	22	22
1	82463519	22	17
1	91034678	26	15
1	27259546	17	27
1	5816851	27	25
1	45876266	11	26
1	73751673	25	17
1	12906193	30	12
1	75270853	31	13
1	76114571	16	24
1	47610964	17	23
1	28540481	22	28
1	41516347	12	20
1	63800312	31	14
1	25385067	15	27
1	43629927	31	15
1	35068698	31	19
1	19117658	26	25
1	58765216	33	16
1	88034150	23	24
1	226693	18	36
1	94547294	22	34
1	14908258	16	30
1	6394212	22	21
1	10756164	21	24
1	10209343	35	12
1	68814942	28	12
1	12783949	33	19
1	54991648	26	21
1	71154058	24	13
1	50093809	19	27
1	10441553	18	26
1	83116671	30	18
1	39403187	18	24
1	81317732	21	30
1	28448741	31	15
1	70606523	21	18
1	36104489	20	29
1	5015913	23	23
1	33462037	25	18
1	30971916	16	27
1	52267989	20	15
1	91953402	23	23
1	36839777	33	21
1	45581019	19	16
1	87420354	22	31
1	58190462	25	28
1	83717557	15	21
1	33049770	24	19
1	7934709	26	20
1	37635245	21	24
1	24896004	17	28
1	94517654	19	31
1	94578366	19	25
1	88186792	22	16
1	18240887	24	29
1	44364569	18	19
1	36167101	18	14
1	20027728	23	12
1	74772595	18	16
1	52849665	21	30
1	87223961	25	27
1	37435158	22	21
1	95135868	23	28
1	16395174	29	39
1	97429793	18	29
1	50087891	14	22
1	24325421	20	21
1	94941053	34	31
1	23326929	23	25
1	69243456	20	22
1	76630981	28	24
1	87095914	22	23
1	34183243	24	25
1	55338959	24	21
1	8799133	17	25
1	22236945	28	21
1	85919690	29	20
1	49054922	22	18
1	18169356	11	30
1	4549691	12	25
1	20975656	27	20
1	2753081	21	22
1	97131813	12	18
1	15566712	17	20
1	33602639	24	25
1	37682638	23	21
1	30087788	27	21
1	10593619	29	24
1	4470510	25	25
1	67559867	19	19
1	92898519	21	20
1	22602049	26	14
1	52072769	14	33
1	85604712	19	18
1	19988494	24	16
1	46471279	24	23
1	52533839	27	18
1	20434948	21	15
1	25529093	20	19
1	61172056	31	18
1	33757820	30	19
1	27392942	17	27
1	91938953	19	20
1	74276613	21	16
1	88146255	32	18
1	93853167	30	24
1	77280613	22	23
1	24077327	27	20
1	4103522	17	26
1	3837873	29	17
1	6885558	29	28
1	23630515	13	33
1	36130176	26	27
1	2058311	22	24
1	89917644	19	16
1	79408030	22	22
1	96274538	19	29
1	15380022	18	29
1	83681621	35	20
1	25162684	25	25
1	8266852	21	26
1	73871666	21	22
1	59971019	28	15
1	57577488	23	26
1	35526095	24	18
1	54962743	21	18
1	34165347	24	24
1	47040236	19	34
1	40151817	21	31
1	66352109	30	14
1	17497672	17	27
1	88223351	19	18
1	23827972	21	25
1	33993347	19	28
1	87448521	15	36
1	20222681	24	17
1	47255547	40	17
1	44910529	19	22
1	62561039	31	15
1	17501574	16	19
1	11811712	27	27
1	84230974	26	26
1	19628334	26	17
1	21163305	22	10
1	16869171	17	22
1	95461010	20	30
1	93906440	21	14
1	53493308	20	34
1	86595977	19	33
1	12119597	27	23
1	92109570	24	11
1	81174642	30	19
1	50911038	19	27
1	48435529	26	23
1	4980151	26	15
1	22080005	17	20
1	76476871	22	18
1	68718863	24	26
1	55261943	13	23
1	62138393	15	26
1	1848944	24	21
1	32585597	23	18
1	66194389	16	27
1	54098422	13	24
1	36443338	23	27
1	58243730	21	35
1	51850217	19	20
1	93367734	24	19
1	56826088	21	22
1	9297258	19	20
1	51254058	25	31
1	90430571	32	11
1	94173592	25	26
1	30369631	22	17
1	37356597	19	17
1	34847978	18	19
1	27859223	13	16
1	97694470	22	24
1	29828073	17	22
1	30735220	17	20
1	99197407	17	16
1	68102052	32	25
1	70767220	28	22
1	86526495	27	19
1	90714140	26	22
1	44937584	16	27
1	14115650	17	24
1	42369485	31	24
1	83462787	17	28
1	5449609	16	44
1	64158087	25	23
1	47791463	24	19
1	93440231	15	17
1	95795181	18	10
1	86146860	35	14
1	47641224	25	27
1	58343428	30	22
1	77285440	22	28
1	36296052	27	24
1	40366416	33	19
1	83349976	21	19
1	15405613	25	23
1	58005481	18	19
1	3110590	30	29
1	15253363	20	16
1	35312286	10	26
1	20543423	13	32
1	13422495	14	32
1	99033131	25	19
1	24192066	31	28
1	39316591	18	23
1	41432674	22	23
1	30054100	20	30
1	14506412	22	21
1	47261134	20	20
1	95753730	19	23
1	54896237	33	22
1	91880224	36	22
1	92142143	22	33
1	51799384	23	34
1	64703338	21	15
1	88822132	27	33
1	87217390	15	23
1	94451448	16	30
1	58890521	17	27
1	54678373	21	20
1	20569078	22	21
1	17362738	27	21
1	88020725	26	18
1	35973969	41	24
1	18191215	31	23
1	17456290	25	31
1	92493471	31	22
1	35057425	27	38
1	89624135	21	23
1	22278896	21	29
1	71673676	18	20
1	86738607	24	19
1	72815178	22	25
1	32716100	15	18
1	75202074	14	29
1	9193676	20	41
1	28411040	21	34
1	17124674	25	21
1	95282092	27	17
1	11445500	26	22
1	92237036	15	28
1	47904784	28	27
1	9013368	18	20
1	57119487	24	24
1	47990364	24	29
1	89651320	23	23
1	20470161	28	24
1	55052996	27	26
1	98379396	22	14
1	74442968	22	27
1	14561238	20	31
1	76885329	21	18
1	69310173	16	21
1	37188870	13	32
1	95557250	33	27
1	41722775	35	23
1	35574128	19	26
1	39117511	16	22
1	59389422	12	28
1	34226753	22	21
1	97847071	25	17
1	60632194	17	22
1	26120726	22	8
1	90160414	20	22
1	8299204	19	32
1	68715927	28	20
1	66872433	19	24
1	20471250	16	28
1	53049682	15	25
1	13541476	20	26
1	41786092	24	22
1	37728313	22	25
1	22069999	25	21
1	41265181	29	29
1	59614589	21	10
1	91453638	17	22
1	39709071	13	27
1	43971656	28	22
1	96208137	17	16
1	92018975	13	17
1	85167805	17	22
1	69751190	16	33
1	14473410	24	19
1	48575230	34	24
1	2516942	21	25
1	17586733	28	31
1	14990560	24	22
1	76103008	25	29
1	41720785	21	24
1	66998323	17	30
1	15347393	23	20
1	44644444	27	18
1	70905312	24	25
1	22762251	28	20
1	34034102	19	14
1	90856247	31	20
1	85937115	29	23
1	39324370	11	27
1	71673477	24	21
1	72381564	25	23
1	7989616	18	20
1	29171225	31	12
1	76313183	24	23
1	9390875	14	25
1	86870578	21	14
1	10801718	14	20
1	20554645	24	16
1	20490140	25	20
1	53216010	18	25
1	48301796	25	20
1	18959336	25	22
1	66502355	24	17
1	68575498	22	25
1	99324136	18	11
1	53455797	25	26
1	73018959	24	28
1	73603041	19	14
1	61429121	33	20
1	71492018	30	24
1	79998985	15	26
1	12161068	19	26
1	67198610	24	16
1	1328541	26	21
1	63745876	19	30
1	96374493	26	21
1	185048	16	34
1	18066433	30	17
1	59900988	18	23
1	80108549	27	20
1	38371396	19	22
1	94915187	18	30
1	50741113	29	18
1	7841917	27	24
1	17342189	22	41
1	8065618	19	17
1	31123334	20	22
1	13210326	30	14
1	28498386	22	25
1	68595804	21	15
1	33160484	31	25
1	22233383	25	30
1	99887103	25	16
1	97205550	14	23
1	27026954	26	24
1	75242620	12	26
1	82526819	25	23
1	61999052	27	16
1	54232810	35	17
1	12681959	29	22
1	28272362	25	18
1	51538980	29	17
1	96264659	36	20
1	99660615	20	21
1	88725462	20	13
1	5228432	15	28
1	88297697	26	16
1	36836344	36	16
1	95935665	24	23
1	12695654	24	18
1	24795890	25	19
1	13287847	20	18
1	73669576	29	27
1	63157603	22	14
1	57393257	17	18
1	89236254	19	14
1	37699915	14	27
1	54573215	19	18
1	826283	25	26
1	16383707	16	30
1	34104199	17	23
1	97019012	28	25
1	91877166	27	24
1	68605229	26	20
1	91542277	23	23
1	35362751	32	12
1	11622959	17	22
1	21026322	29	17
1	76599425	10	17
1	21007545	24	19
1	49295665	16	26
1	73111783	16	10
1	58186213	25	26
1	74152731	19	22
1	83912508	24	23
1	34652038	15	19
1	37488604	17	25
1	36453858	6	20
1	97236947	21	23
1	14634546	14	41
1	54971107	25	21
1	16960107	27	20
1	66181948	22	22
1	27036951	21	21
1	84568269	26	16
1	23415086	32	13
1	98127008	25	22
1	45363820	30	16
1	93409745	27	27
1	89203697	13	24
1	46773626	20	25
1	36536412	34	25
1	2203512	21	29
1	33683438	27	37
1	8965762	21	27
1	1549078	12	31
1	29649376	19	19
1	99190126	21	22
1	90248235	17	19
1	53653346	20	26
1	14657704	26	20
1	57941643	21	21
1	56855135	22	24
1	53476311	20	33
1	11372005	20	17
1	21030151	15	32
1	9773607	23	22
1	73115741	17	19
1	31832750	9	23
1	70101590	17	21
1	36547318	16	20
1	78880873	27	28
1	80517627	16	22
1	48636658	22	24
1	70368834	18	25
1	8200511	27	23
1	2112322	18	28
1	95500270	20	16
1	80403128	18	12
1	47079548	30	27
1	66199768	17	17
1	90208116	44	12
1	94269889	24	27
1	48898855	16	30
1	91897915	18	22
1	78848824	23	25
1	27867844	23	24
1	81996470	20	20
1	42613906	13	20
1	7675047	23	17
1	56618534	23	15
1	97868727	17	23
1	61694009	30	14
1	21178791	31	26
1	64035328	31	19
1	70573705	28	27
1	93711961	17	16
1	62856571	35	30
1	92222889	25	23
1	49417453	17	27
1	4348154	24	21
1	47027357	22	22
1	29563561	21	32
1	58954892	22	31
1	47069005	26	19
1	67652876	19	24
1	48841806	26	22
1	64427940	15	26
1	82305232	24	21
1	56373246	25	15
1	62582750	21	20
1	39317527	27	27
1	57659719	22	24
1	11747946	20	27
1	78473388	31	23
1	51335076	33	23
1	71715375	18	24
1	18059364	36	24
1	52251284	19	23
1	47425484	28	15
1	89990172	18	20
1	462297	34	17
1	56786566	25	16
1	21223225	19	23
1	847070	17	21
1	2034595	19	22
1	56089640	25	32
1	52640570	19	32
1	53206836	20	23
1	44658752	16	18
1	84331188	15	25
1	88815310	18	22
1	87589484	30	21
1	78708101	22	20
1	13054781	28	17
1	71074437	19	24
1	6705642	19	28
1	19915794	29	19
1	26987281	13	25
1	54785079	20	16
1	40826651	16	17
1	84007703	22	26
1	49530785	16	28
1	92457758	28	26
1	72491562	23	22
1	65735165	18	29
1	19473357	25	20
1	14300767	35	15
1	24554557	15	22
1	10717936	33	15
1	62842878	25	13
1	28113674	34	16
1	84869705	25	21
1	33970139	23	17
1	13234642	17	31
1	18591129	20	26
1	36378700	18	19
1	82565934	21	18
1	46571780	32	19
1	43712911	22	31
1	8040855	29	10
1	1105341	20	26
1	10591252	23	16
1	92768224	25	15
1	17505600	22	26
1	43497847	26	20
1	7614688	27	18
1	28344185	21	28
1	35628044	21	14
1	62437848	29	18
1	12993500	24	24
1	50898117	19	24
1	75544872	17	37
1	15572609	24	16
1	2844088	17	30
1	36408898	25	21
1	47588332	35	16
1	59267578	29	18
1	47798842	25	23
1	26727292	16	22
1	47620575	36	21
1	56732306	29	18
1	50163374	22	23
1	92343392	13	23
1	58021081	14	27
1	35547142	17	22
1	77110252	21	11
1	14738568	14	23
1	71352230	17	22
1	60618088	26	20
1	97089369	18	21
1	45548507	29	22
1	84791861	25	20
1	39942873	18	25
1	73066256	12	28
1	52614367	11	33
1	79766735	34	17
1	85439989	19	16
1	53178782	27	23
1	96239699	19	21
1	8429611	23	26
1	80301349	32	24
1	70688082	29	26
1	56702813	16	21
1	73663936	27	17
1	94961873	20	24
1	70655559	17	28
1	1773737	29	19
1	66152935	17	27
1	27240928	19	17
1	15956281	24	22
1	76880337	28	19
1	55978390	28	24
1	9928287	24	30
1	15405683	19	30
1	90578475	19	20
1	61551473	26	25
1	80132044	16	16
1	57237293	24	23
1	26505794	20	22
1	88257293	23	20
1	66333851	26	17
1	30762562	26	26
1	6783409	30	19
1	9416732	24	18
1	56092765	23	23
1	95137818	28	18
1	37872429	17	30
1	65701002	27	17
1	53441520	24	21
1	68441534	16	35
1	32841738	17	27
1	69590982	35	20
1	23341833	18	15
1	54924297	26	13
1	85400615	25	20
1	77671453	21	23
1	8170606	20	34
1	71115414	15	31
1	65959451	19	32
1	50253752	28	21
1	35249903	32	17
1	21463703	24	22
1	32659704	28	15
1	23286453	13	33
1	72246584	24	26
1	51844623	28	21
1	66738580	17	22
1	67032745	20	22
1	89073370	9	27
1	86179557	8	28
1	4205694	23	18
1	10146979	15	22
1	80995275	31	22
1	12642656	33	22
1	31194179	30	33
1	18232952	25	21
1	98683054	19	18
1	8837654	21	23
1	53461708	19	20
1	40549680	22	22
1	52341664	17	27
1	44197614	24	26
1	38594658	22	20
1	76219083	21	26
1	46985695	21	25
1	48346052	15	23
1	71960246	18	26
1	6867123	25	19
1	75036981	17	25
1	6290921	15	31
1	41863442	19	15
1	14388099	13	33
1	62051147	28	13
1	34410571	22	29
1	48167510	28	20
1	83787434	15	14
1	55197678	30	26
1	40436459	29	17
1	27991004	26	22
1	13746887	27	27
1	27478653	26	23
1	54454662	18	24
1	50091622	30	23
1	24257078	32	18
1	83072472	25	27
1	13031805	33	28
1	2791358	18	22
1	80965518	27	9
1	71361874	16	25
1	44543972	23	26
1	63398719	28	24
1	89875829	27	19
1	31926315	16	26
1	55948973	24	18
1	84348136	25	20
1	19762263	20	26
1	24456936	21	28
1	78518734	30	22
1	73405603	22	18
1	11733955	25	23
1	24717418	19	30
1	2170046	16	16
1	33373377	26	16
1	19497678	11	23
1	33945879	25	24
1	31559729	21	16
1	99781037	27	13
1	54766039	28	19
1	78167078	26	19
1	53633646	28	22
1	55105512	32	22
1	53213140	22	21
1	74771804	30	21
1	6648137	28	15
1	34652360	34	17
1	80103559	20	19
1	18948376	22	29
1	18328501	22	21
1	38608395	29	25
1	14526029	22	14
1	81871518	25	23
1	95241292	24	15
1	31454862	26	22
1	45549614	28	21
1	5702346	31	21
1	3051156	18	29
1	67347091	26	13
1	95185708	32	18
1	73080468	19	22
1	41841881	21	19
1	77481092	16	25
1	65509596	31	19
1	55430569	34	25
1	48582645	24	26
1	72938821	15	29
1	80991276	29	17
1	46024100	16	22
1	86699323	27	12
1	26648646	21	24
1	60144089	25	25
1	27859651	18	16
1	42176067	25	18
1	76225585	23	24
1	81198948	11	25
1	36986137	21	20
1	93119181	30	16
1	73901953	15	18
1	84788547	26	29
1	58102409	17	22
1	61604386	23	24
1	85719852	17	21
1	82710105	16	21
1	29333671	8	19
1	27005675	14	25
1	17220193	25	17
1	22718165	22	12
1	38265007	18	25
1	99255688	14	25
1	7364985	23	25
1	82944149	24	32
1	1242913	24	16
1	66927234	10	29
1	94687719	22	24
1	67608720	18	32
1	31410674	17	21
1	66741546	20	23
1	74237370	32	19
1	15706216	16	20
1	82470312	20	25
1	85038244	23	25
1	42449751	18	11
1	77678235	20	19
1	55203113	21	26
1	81702957	13	20
1	31853379	24	17
1	89039244	17	23
1	37089211	16	19
1	83391946	21	25
1	22715127	28	30
1	92862405	27	13
1	7418112	18	24
1	48683383	24	21
1	58384191	24	20
1	79206894	16	37
1	98635789	22	18
1	7022730	21	29
1	28084770	23	16
1	8635253	20	24
1	27631155	22	26
1	39251883	36	24
1	68196053	24	16
1	53048345	20	31
1	23474372	22	21
1	72878810	26	22
1	29714121	19	29
1	95230878	14	25
1	30149790	31	23
1	44034009	27	20
1	7267792	29	22
1	90244221	23	28
1	795640	18	21
1	30540904	17	21
1	69208544	19	21
1	42482349	18	15
1	29719296	26	16
1	92859435	22	30
1	88854391	31	17
1	22678435	20	20
1	36407967	20	26
1	55206009	25	10
1	41293042	17	24
1	94655219	26	20
1	90122559	15	22
1	9443925	19	23
1	49648658	29	32
1	38213265	20	23
1	10301394	23	28
1	78834598	27	24
1	27082577	26	24
1	44090030	29	18
1	9323343	15	26
1	83191322	20	13
1	5697897	20	31
1	61965213	29	22
1	9771508	21	20
1	75340632	18	24
1	73432400	31	20
1	67232072	27	27
1	99931438	25	22
1	71436710	20	24
1	28145235	20	21
1	3281519	17	16
1	83522639	22	21
1	85846420	23	30
1	90782356	19	18
1	77228694	21	19
1	59062532	24	18
1	8478043	19	22
1	76951788	25	20
1	50224932	30	18
1	97691915	14	20
1	12509710	26	26
1	27003027	14	23
1	69355770	29	21
1	89909445	27	30
1	84854959	26	22
1	28605986	18	31
1	56091511	17	24
1	24278584	18	21
1	74850784	24	15
1	47978065	23	25
1	51776373	21	28
1	8635913	27	25
1	49962428	31	24
1	31336475	23	22
1	40053985	28	17
1	88620022	15	16
1	40420503	18	28
1	81681789	29	19
1	44450335	35	20
1	796680	21	26
1	31972350	20	22
1	79827175	24	17
1	14951280	13	13
1	81188752	18	27
1	89955014	26	19
1	44080907	28	27
1	48522789	22	31
1	71762233	20	19
1	83254172	26	18
1	21427629	20	25
1	92230855	30	28
1	87327794	18	21
1	37861965	25	18
1	76864772	22	19
1	27841396	22	19
1	93507362	31	22
1	76836275	27	19
1	55387053	29	16
1	2876441	26	18
1	19575577	23	27
1	32478515	25	23
1	21461715	24	23
1	50076189	44	17
1	36797902	21	20
1	77749341	23	28
1	74351572	19	27
1	34333796	20	16
1	37069325	23	19
1	13676097	18	23
1	53733172	17	29
1	33423007	17	24
1	90336041	26	17
1	62357762	15	26
1	52039491	11	26
1	27443954	20	20
1	53748368	17	23
1	36447440	16	30
1	15024078	12	21
1	57804618	28	23
1	37980116	11	27
1	75863134	25	20
1	57801175	24	24
1	12909489	29	25
1	20239623	21	22
1	48867055	21	28
1	78574151	17	22
1	5796911	17	19
1	2404880	19	22
1	98827946	20	23
1	88429484	21	24
1	45265179	30	19
1	81538154	23	18
1	49986109	21	28
1	50068987	18	33
1	99079036	20	35
1	25547316	20	17
1	28130348	25	27
1	86971095	26	14
1	75108923	27	20
1	76345130	10	30
1	99479395	16	37
1	40046806	20	25
1	24271093	18	27
1	35967938	20	20
1	12562062	18	24
1	69887106	21	32
1	78680317	25	22
1	77388970	27	21
1	2397851	13	26
1	29027486	17	26
1	6048072	21	28
1	34092231	24	25
1	45971029	27	14
1	86061724	21	26
1	72550462	15	31
1	82233790	21	26
1	4948823	27	19
1	98796036	26	19
1	36146847	29	19
1	54607338	25	26
1	9513048	11	25
1	59764457	17	32
1	20325393	22	21
1	77489608	27	19
1	56571379	20	31
1	32864292	28	20
1	40847269	15	26
1	82059242	22	29
1	25538553	24	24
1	97001495	23	16
1	40937117	29	22
1	49912540	22	28
1	25686657	24	19
1	80143928	25	25
1	87289039	34	19
1	73020038	32	29
1	30291524	28	27
1	74328307	35	25
1	23343176	13	24
1	30257838	22	26
1	24997520	17	29
1	85805483	14	23
1	36597067	20	26
1	81467113	25	17
1	76431412	29	20
1	89411774	27	23
1	10866330	21	28
1	52318898	17	27
1	68719405	26	16
1	2870094	27	21
1	81058966	23	19
1	73290042	25	15
1	74192145	24	33
1	20559734	28	27
1	68488783	21	21
1	89093444	24	11
1	31984112	15	20
1	47079718	29	26
1	93181883	22	11
1	91271772	26	25
1	94141151	29	26
1	93233161	24	17
1	96723153	18	29
1	7365780	25	29
1	81675599	16	34
1	19031368	33	20
1	32517377	22	17
1	53654506	15	17
1	11576324	34	18
1	83528467	24	23
1	34073728	17	30
1	25894946	21	18
1	32340167	34	19
1	79894912	18	25
1	24230376	22	17
1	22318708	22	24
1	85279053	26	28
1	18375029	24	18
1	68134238	20	30
1	52969835	22	26
1	37614587	25	20
1	73631810	25	20
1	48478910	27	19
1	1670511	36	20
1	49628879	20	11
1	49079785	27	16
1	9552104	19	29
1	7417450	19	19
1	18783149	15	14
1	32385574	33	19
1	58081495	27	14
1	33615050	18	23
1	56548453	25	26
1	6134555	19	27
1	9401112	19	28
1	7100316	25	21
1	76854734	25	19
1	47983719	24	28
1	77692844	23	24
1	77839698	26	24
1	35171566	25	20
1	24292404	35	15
1	64647422	23	24
1	71154642	21	25
1	141302	24	23
1	76738394	19	31
1	65626815	32	25
1	9789281	15	27
1	60481965	14	19
1	35864139	15	21
1	27664299	27	23
1	92137924	27	20
1	46005061	26	24
1	83538269	35	18
1	15635306	20	20
1	76140781	24	25
1	41625162	16	23
1	90017605	18	30
1	70570613	28	20
1	57955883	27	13
1	62474198	25	15
1	21158446	33	16
1	41856936	17	19
1	15479681	17	19
1	56078526	32	22
1	10768753	22	20
1	12037388	22	18
1	89140585	22	16
1	90269435	20	26
1	88036625	24	26
1	83742694	12	22
1	61490442	19	25
1	13378005	24	20
1	10039661	32	20
1	83437603	27	19
1	87771732	10	33
1	26679214	27	27
1	24326859	25	31
1	24734623	21	14
1	81452263	19	22
1	87014521	20	22
1	9300463	30	29
1	3776781	18	29
1	33739916	19	21
1	2546727	20	19
1	36882320	23	15
1	66120030	18	26
1	37820452	28	17
1	60777608	18	22
1	58162702	18	28
1	36119683	24	35
1	36870839	25	22
1	61210232	34	16
1	57421802	28	17
1	71206628	19	21
1	65110146	25	13
1	3262761	18	17
1	49549459	21	19
1	34667214	24	23
1	27446316	13	27
1	96576295	30	27
1	5121139	25	22
1	34710135	26	24
1	65833596	12	36
1	70097211	21	12
1	10588915	21	17
1	79234779	23	24
1	94756222	23	25
1	42222143	20	14
1	81881663	23	36
1	30468033	14	32
1	96674389	17	27
1	57084790	24	17
1	67107692	29	21
1	90010528	23	29
1	97959695	24	32
1	35611693	24	20
1	9964533	21	21
1	45422843	22	12
1	34632430	22	29
1	42941319	16	20
1	14730228	20	20
1	30584847	24	26
1	13455902	7	31
1	54204756	22	29
1	28861548	18	23
1	47563908	21	16
1	92887753	25	21
1	43196999	21	22
1	86071928	27	17
1	63788814	28	22
1	52435026	15	25
1	89729047	25	24
1	70194239	26	19
1	93433079	27	28
1	2987519	17	18
1	41308444	12	32
1	22824810	28	28
1	60616591	30	26
1	81656364	18	22
1	18346795	26	25
1	71140575	22	30
1	72948835	21	16
1	26550167	25	24
1	71738318	19	28
1	64105490	23	26
1	52480639	11	14
1	78823614	26	22
1	82207451	15	19
1	64380046	19	19
1	72910675	27	17
1	46805961	28	21
1	6703018	22	17
1	64575245	21	26
1	73700611	35	24
1	59146015	26	15
1	68857909	27	15
1	8297240	19	27
1	14807191	31	27
1	3941732	22	19
1	59506868	28	30
1	55297741	31	21
1	61275615	26	28
1	45519789	27	23
1	4704791	24	20
1	65371537	18	23
1	78942942	38	19
1	80579176	28	21
1	58207661	31	16
1	45188162	28	18
1	15825950	21	21
1	26725702	28	15
1	71445596	15	31
1	29462131	20	19
1	63730767	23	15
1	47269494	24	14
1	87324100	18	25
1	93884580	26	27
1	53848472	30	17
1	3113500	19	31
1	40865899	21	14
1	41249475	14	30
1	66348646	7	21
1	29246469	18	23
1	71968269	21	27
1	95994399	17	27
1	94208938	25	23
1	52767547	26	18
1	77800832	26	25
1	87736396	19	17
1	9263973	20	17
1	21075837	21	28
1	37607614	22	21
1	66370231	27	20
1	68095410	30	18
1	53431247	27	18
1	11030240	16	20
1	13409948	16	23
1	63557890	16	20
1	18479887	27	20
1	9338940	18	20
1	32074273	23	27
1	46623310	17	25
1	57467599	33	22
1	92969253	22	24
1	52710048	21	37
1	33394723	17	24
1	31257434	19	27
1	30730150	26	34
1	22940206	31	20
1	74384780	27	31
1	21772750	35	21
1	12170477	19	30
1	36328460	15	22
1	61115253	18	19
1	24810470	25	13
1	45181868	26	21
1	14508078	13	34
1	17411025	18	22
1	67009591	9	21
1	84923766	24	28
1	43291030	25	20
1	93395835	28	20
1	49375841	20	21
1	6087174	23	23
1	45454281	20	24
1	78698174	17	30
1	22766861	16	26
1	52963741	25	23
1	14460289	28	20
1	64196574	22	39
1	77059019	19	29
1	69328797	23	25
1	89817056	25	25
1	73549806	29	19
1	8025034	24	18
1	31027534	27	27
1	91893197	16	19
1	81238158	19	23
1	29434196	17	22
1	15922238	17	25
1	88340959	33	22
1	34104336	25	23
1	43618415	25	26
1	85001770	31	27
1	66631820	30	14
1	4606499	25	33
1	45792124	23	18
1	27591698	22	20
1	92658585	24	20
1	42336588	23	18
1	10216898	36	18
1	86526214	29	11
1	61340824	19	36
1	27443082	19	25
1	53964486	15	27
1	70236291	22	22
1	90479632	24	9
1	29825136	22	22
1	69471074	22	35
1	83982211	17	22
1	17345595	19	24
1	28481782	13	25
1	74832639	20	16
1	82083037	19	37
1	80566130	30	17
1	92273072	27	23
1	71915036	32	31
1	22458934	26	27
1	97914601	31	26
1	38026482	28	19
1	6306730	21	20
1	79780495	30	23
1	77045081	29	31
1	44135245	26	37
1	42969921	22	26
1	4544334	24	16
1	70683103	13	24
1	15268173	18	14
1	98289160	22	23
1	44385474	25	28
1	59963324	18	23
1	6832589	20	18
1	5487234	18	25
1	34219378	19	14
1	9711752	19	23
1	66310308	26	25
1	94139584	14	28
1	38879743	27	25
1	67935440	25	21
1	17491936	27	27
1	49418708	26	26
1	8328114	21	15
1	49757625	25	19
1	20660030	21	18
1	35375623	15	25
1	80140547	30	22
1	410075	28	30
1	28919918	30	24
1	44234726	24	15
1	90585714	23	18
1	33934141	27	15
1	94774734	28	20
1	4531031	23	25
1	25706131	29	19
1	24440413	29	17
1	54439847	23	24
1	35949892	28	15
1	28567852	23	18
1	65939352	25	18
1	86206344	23	18
1	98967971	24	29
1	64337687	24	22
1	55346594	30	15
1	42390532	10	20
1	43933457	21	26
1	71527210	17	35
1	61235918	24	31
1	58125568	26	22
1	17514642	14	25
1	24082808	31	28
1	38908640	28	22
1	64097452	21	28
1	39775247	15	38
1	50459856	27	17
1	83865720	25	15
1	90021251	15	27
1	42316728	20	21
1	89313681	25	17
1	1317344	24	20
1	4688764	21	27
1	83560490	16	13
1	37796033	31	16
1	98532271	18	30
1	96836976	27	15
1	66088731	22	28
1	39378639	16	13
1	28252753	13	24
1	39773349	17	19
1	71161691	19	13
1	55166706	29	17
1	26166299	27	16
1	99887056	22	24
1	17680395	29	23
1	98756950	30	32
1	53222396	17	25
1	103975	12	35
1	31549213	22	30
1	89830837	27	18
1	98532363	23	25
1	66026298	18	20
1	30936411	26	13
1	29997625	30	19
1	68731009	25	25
1	75706738	28	14
1	81747373	23	21
1	40839671	24	25
1	34715261	18	22
1	95613114	23	16
1	57267918	15	23
1	41496897	21	20
1	78082804	30	20
1	37005806	25	25
1	26363898	20	18
1	32089022	26	19
1	17282034	25	16
1	2373177	27	22
1	32111913	14	16
1	14091715	29	26
1	8690468	17	31
1	73477310	42	21
1	87354585	24	26
1	27077165	23	20
1	59682675	13	20
1	31349033	24	21
1	89779265	26	19
1	20167716	23	20
1	99118999	26	26
1	81016228	22	22
1	22930846	15	32
1	32293643	19	29
1	95911721	24	23
1	77012512	28	19
1	20932465	20	17
1	70935967	19	23
1	49772346	12	24
1	88183279	24	25
1	37737599	22	16
1	3182137	25	26
1	23226788	17	26
1	28899914	22	23
1	74384968	22	17
1	83387969	16	32
1	98021045	30	24
1	57560845	29	19
1	5024853	30	21
1	84185963	33	18
1	28443835	15	13
1	64013658	32	36
1	6192164	41	15
1	59382707	35	22
1	40429104	22	19
1	39893226	18	18
1	11046185	29	10
1	46317394	21	27
1	57194399	21	28
1	41848804	19	18
1	29535590	22	22
1	38845638	23	20
1	73169961	28	11
1	74465095	29	16
1	28787532	14	21
1	53621700	20	17
1	49298031	30	23
1	59783857	24	10
1	26916424	26	22
1	69308628	28	29
1	19582027	22	16
1	76007234	24	13
1	15318020	21	26
1	87769959	20	27
1	97939942	28	17
1	37150559	17	20
1	64178004	18	28
1	64067069	29	24
1	56021085	28	17
1	51896390	20	27
1	69595328	33	20
1	3580754	23	21
1	9116272	24	23
1	74574216	19	18
1	67897167	19	19
1	33125994	28	19
1	4649939	22	29
1	16638891	19	22
1	90515985	25	12
1	77904092	27	21
1	664800	21	24
1	7786377	26	23
1	78452286	17	24
1	43290799	26	25
1	89789503	22	23
1	96068929	31	24
1	91255833	25	31
1	51792350	23	22
1	82246268	21	22
1	42351615	19	9
1	45227032	25	21
1	78019157	31	15
1	63651200	24	17
1	24100427	24	28
1	92200456	10	30
1	28487245	21	22
1	71534674	14	19
1	20683512	24	19
1	88825061	23	29
1	69550034	17	38
1	26598771	22	21
1	52181302	16	21
1	50839030	23	20
1	32770827	19	16
1	58479006	28	17
1	74278794	20	28
1	37372977	20	23
1	82599316	23	17
1	27078976	23	17
1	25010566	16	18
1	72362726	21	19
1	84495488	18	17
1	55042868	20	17
1	56639742	18	18
1	86128646	12	40
1	58713721	9	29
1	13000699	10	25
1	94183070	37	7
1	57580230	18	15
1	20461911	21	19
1	42343552	28	24
1	93656444	23	27
1	32882884	23	22
1	17969889	25	19
1	66937859	31	19
1	44056092	23	19
1	40166511	22	15
1	98175907	25	26
1	59691115	16	25
1	39739639	23	20
1	27922585	29	22
1	63767952	31	18
1	28690488	25	18
1	88223768	36	22
1	40731759	21	27
1	36276612	20	20
1	60217277	26	17
1	87973621	21	18
1	32570312	23	30
1	77122304	16	39
1	29839163	33	24
1	89935334	21	26
1	27218059	19	26
1	6588632	36	16
1	30229644	23	26
1	51758934	27	22
1	3209768	12	32
1	44065059	33	20
1	11484170	26	23
1	95614830	23	29
1	64146242	15	29
1	74413556	20	24
1	90100076	19	19
1	20739971	17	25
1	12471772	24	11
1	30445137	14	27
1	75408836	28	21
1	39893445	16	20
1	4255822	27	15
1	70861790	18	27
1	17537617	21	27
1	35038444	25	21
1	40724174	19	22
1	42448457	16	20
1	49829919	20	21
1	40438248	30	19
1	36095712	25	30
1	70641143	18	28
1	24557414	19	22
1	67513859	25	21
1	19351987	33	10
1	47272953	21	23
1	58083267	30	22
1	17016456	18	23
1	54451069	19	26
1	20644446	26	22
1	32810742	19	26
1	37221244	28	18
1	55106630	38	17
1	7775406	36	9
1	81097788	18	25
1	57953382	16	18
1	98769090	31	16
1	58093933	26	12
1	5225369	27	19
1	72749035	16	25
1	21816184	27	24
1	19765128	28	23
1	89763155	29	21
1	69340986	22	18
1	8607523	15	30
1	63689778	23	22
1	57994999	24	29
1	2722751	23	26
1	21327739	18	23
1	87860739	25	18
1	16877758	20	19
1	86974197	23	22
1	66513607	15	29
1	48883779	22	30
1	42917793	22	26
1	6705860	21	19
1	22221763	21	18
1	72217360	32	20
1	97374570	25	32
1	67318672	31	22
1	1617519	16	35
1	85280872	19	27
1	47545676	22	19
1	20119330	21	31
1	63638564	18	29
1	39373969	20	26
1	18028360	20	38
1	15197040	22	21
1	83822068	26	23
1	88406135	21	21
1	2141970	24	21
1	37210392	32	22
1	41030543	23	17
1	86145478	21	21
1	67215891	23	30
1	95782378	15	21
1	60934992	20	25
1	41679515	26	31
1	27704030	16	17
1	78667417	18	24
1	78959151	13	22
1	65920779	20	24
1	23597001	22	25
1	26524543	22	22
1	13075208	23	24
1	56612064	25	21
1	53431291	17	20
1	76025288	9	18
1	70240296	32	33
1	77164639	17	19
1	9520512	18	25
1	29455238	18	28
1	24476010	23	15
1	86693462	14	27
1	27974311	22	25
1	5143248	24	20
1	73789945	12	22
1	31521767	31	22
1	83726875	15	35
1	44430422	21	23
1	2240134	15	29
1	90750379	20	27
1	41977069	25	17
1	666315	28	18
1	37985952	25	11
1	14869227	27	15
1	56015145	39	24
1	10182299	28	16
1	68189384	20	12
1	27634533	23	19
1	56488263	25	23
1	49611902	10	19
1	99715266	18	20
1	33011723	24	12
1	21403495	22	16
1	69693060	27	15
1	5930763	26	21
1	78688949	19	31
1	54686736	24	19
1	38896485	26	15
1	39446897	30	29
1	20651432	16	24
1	24336666	27	23
1	73662657	19	15
1	3898268	18	33
1	50519027	21	25
1	27176825	17	23
1	46073217	24	19
1	74819902	21	26
1	82386918	11	28
1	32681060	29	22
1	99118399	24	20
1	68258436	17	20
1	14617525	20	21
1	31922897	27	35
1	7890926	12	25
1	82327343	18	22
1	399616	23	20
1	67612608	20	13
1	24419805	26	29
1	80348175	15	34
1	4003153	29	22
1	20324942	20	28
1	48463670	14	27
1	27478392	25	23
1	8726899	19	22
1	7815378	23	16
1	67611788	18	39
1	49364238	33	32
1	88220612	21	28
1	7398964	13	24
1	64498757	14	30
1	82183753	18	17
1	36621295	18	20
1	2465265	23	26
1	57844009	30	10
1	34845176	19	28
1	98442994	13	19
1	5270512	27	18
1	215865	21	27
1	99178342	23	21
1	43327631	23	25
1	51371099	13	20
1	14506923	28	14
1	79916854	22	15
1	45084393	17	34
1	40281634	20	21
1	6812308	17	28
1	27764046	21	23
1	64717386	24	26
1	67186874	18	30
1	75465606	10	13
1	82902967	21	31
1	1912234	29	20
1	93029091	28	29
1	58707529	36	22
1	63335174	10	26
1	38360819	16	19
1	68473911	18	25
1	24233800	15	21
1	82816506	17	28
1	96478825	22	20
1	69310398	23	21
1	60992004	15	25
1	30888216	28	18
1	56481995	30	15
1	90955723	23	15
1	84767699	20	23
1	99351523	24	22
1	39560968	16	30
1	59341770	25	24
1	97193100	24	22
1	25721765	30	30
1	3073692	21	32
1	60645660	37	25
1	49477352	20	31
1	135475	23	27
1	52148095	20	26
1	25850187	24	17
1	81076178	20	26
1	83849840	24	16
1	98251190	16	25
1	65132621	23	23
1	69447757	21	17
1	72174033	25	20
1	7372660	15	26
1	14542507	24	28
1	67138361	27	22
1	84092271	23	18
1	95009293	28	28
1	41940525	21	20
1	86230767	20	19
1	92689840	13	27
1	62830631	17	25
1	22242242	25	28
1	25969804	14	20
1	20751163	34	15
1	39764981	20	31
1	34458106	20	29
1	13028559	31	17
1	59220596	19	24
1	50794516	11	36
1	8841126	24	26
1	73505030	18	18
1	31681203	20	17
1	47914227	22	13
1	93851375	32	13
1	47708629	18	25
1	11531086	20	20
1	70242829	28	24
1	49305334	20	25
1	30427604	21	18
1	9532210	26	22
1	98576723	25	27
1	12531589	21	27
1	67474003	17	24
1	47514891	13	26
1	42371937	32	27
1	61162929	17	24
1	99828712	24	27
1	77370837	25	25
1	55313052	21	26
1	50808894	30	24
1	79522619	27	16
1	71121233	16	23
1	51185581	20	19
1	84432857	16	21
1	13272042	21	19
1	71379363	22	25
1	28225406	19	20
1	94491202	11	32
1	46678496	24	17
1	79505857	32	28
1	44615075	19	21
1	88336719	20	19
1	14188525	16	27
1	99836153	25	17
1	69501664	23	30
1	76759774	13	25
1	18310041	16	22
1	90587663	17	30
1	11449329	31	23
1	65171153	15	26
1	67999966	28	20
1	83013680	29	21
1	74476855	23	31
1	22955408	15	23
1	38348490	27	20
1	49920287	30	21
1	18662157	23	23
1	56956374	21	13
1	68969860	21	15
1	38777833	22	14
1	9421112	21	28
1	18006676	23	27
1	61406405	19	19
1	34408795	20	17
1	10065675	29	18
1	96321656	28	22
1	64728361	20	24
1	3205394	11	17
1	41608553	24	25
1	43838868	27	18
1	86177172	21	27
1	19763959	17	21
1	80598950	16	23
1	50651771	22	19
1	13266104	26	23
1	84986787	32	16
1	10893266	20	26
1	48164099	32	19
1	30537159	13	25
1	66799192	20	24
1	65310197	24	20
1	29674999	26	23
1	49443496	30	20
1	80943958	25	27
1	98360670	21	19
1	42604617	23	21
1	69373628	19	16
1	76751831	22	26
1	54013025	23	20
1	47658624	14	12
1	77865760	21	28
1	7552908	24	29
1	10243816	15	22
1	75926514	15	22
1	83566153	21	13
1	79275354	17	23
1	73797554	15	27
1	34010722	28	23
1	26222067	29	20
1	12118047	12	29
1	95938875	17	21
1	59241838	15	29
1	76627958	19	22
1	40675781	32	19
1	3626473	28	16
1	27331831	19	24
1	3694425	24	24
1	95602228	33	19
1	74061013	36	18
1	1062422	20	22
1	5043594	29	23
1	19671124	19	28
1	40035004	18	32
1	6204247	14	24
1	60527866	20	24
1	26327443	19	28
1	25578971	25	27
1	98942014	22	24
1	44873630	25	22
1	98386785	27	26
1	7625457	21	19
1	92782600	15	16
1	10963126	18	27
1	69922012	22	24
1	30689023	25	20
1	13097094	24	31
1	79314300	21	24
1	39312255	23	24
1	89791865	25	22
1	25482926	19	25
1	30640439	24	25
1	98206298	18	27
1	63677640	26	30
1	59149508	27	13
1	89555976	17	19
1	78829103	19	22
1	28664719	28	27
1	39032284	26	20
1	43223489	26	21
1	35229866	22	30
1	39410663	18	18
1	93742754	30	12
1	25525499	23	22
1	65317927	23	19
1	6734068	22	27
1	74434219	26	22
1	48665957	21	18
1	62441062	19	30
1	69409506	17	29
1	2836776	21	19
1	95363143	20	23
1	49804326	38	18
1	63504947	16	27
1	28336399	19	32
1	34680400	19	29
1	75427105	21	23
1	78814654	25	16
1	86531810	28	24
1	993759	19	20
1	96856598	23	24
1	86601410	27	31
1	84118646	17	22
1	96244703	18	19
1	9102565	21	19
1	29735880	19	33
1	54834281	18	24
1	86552481	23	28
1	90373642	22	28
1	62326007	24	15
1	9340313	17	22
1	99585927	16	23
1	19831036	24	22
1	93926241	26	24
1	15977628	17	13
1	92607125	20	19
1	75347526	20	30
1	84594746	24	23
1	58180365	21	24
1	78294678	23	20
1	52822480	12	27
1	20245897	22	17
1	77200933	22	26
1	69985431	21	17
1	24001130	19	27
1	59754174	10	31
1	86815805	23	20
1	88308695	21	25
1	3542653	16	24
1	50467736	31	23
1	57706678	31	26
1	24969645	27	24
1	93809279	19	14
1	90050590	12	22
1	8129266	26	21
1	15120872	22	27
1	73575911	27	21
1	68048004	14	18
1	81648271	22	23
1	9482039	25	18
1	45155491	19	26
1	18637793	30	15
1	86155023	27	20
1	19545421	17	24
1	52304944	20	20
1	24248470	18	18
1	94047455	24	14
1	70358305	20	19
1	54185365	39	17
1	28656808	23	36
1	87179137	32	20
1	34641324	21	25
1	36873795	20	27
1	307723	20	17
1	92919117	21	17
1	84510087	22	21
1	44131812	22	24
1	51712353	21	20
1	25860283	25	20
1	72940432	25	8
1	72337541	28	24
1	37354175	15	21
1	27000043	27	24
1	90171776	22	22
1	23893802	19	20
1	58433832	22	21
1	70436770	25	26
1	96106676	27	23
1	80388589	28	28
1	75550196	18	34
1	58471603	19	24
1	3409536	27	30
1	67671957	13	21
1	23362675	21	28
1	45048098	15	24
1	76309517	25	26
1	66747645	26	22
1	47532619	24	21
1	79279339	22	23
1	99632161	24	18
1	13028424	26	22
1	12171075	14	30
1	52718167	21	13
1	35318538	16	25
1	96436771	13	24
1	26458477	22	17
1	30122882	25	15
1	18328056	20	23
1	62747269	16	33
1	72120739	19	18
1	70039100	18	19
1	77231130	21	33
1	19788059	6	18
1	23013006	18	12
1	20336178	19	26
1	65661893	18	25
1	14473799	14	26
1	5329762	18	31
1	20791449	29	19
1	9922823	19	26
1	27182649	23	30
1	76232928	20	28
1	55248544	26	18
1	71778060	33	16
1	40324725	22	16
1	89229726	21	18
1	64092174	29	14
1	56664919	24	19
1	42820709	28	15
1	46251908	15	13
1	8623654	16	40
1	55289061	14	22
1	11281737	25	24
1	88824477	28	15
1	21025348	18	14
1	2531923	23	25
1	3143244	28	27
1	62788929	21	28
1	24643407	25	29
1	61990226	27	17
1	61531538	17	31
1	24738924	26	9
1	95568751	20	21
1	19176125	23	24
1	69667213	28	24
1	55243476	20	24
1	64196562	39	21
1	82646477	18	20
1	53273249	20	22
1	11082255	25	11
1	80068571	16	22
1	67214705	16	19
1	49703078	24	19
1	86697074	31	24
1	8159224	24	18
1	22456278	8	30
1	40390939	24	21
1	52884129	32	14
1	92295520	23	24
1	68829043	21	23
1	43038661	21	36
1	85276592	29	19
1	97895538	20	25
1	55472270	24	21
1	83329321	22	23
1	70624640	19	21
1	32752565	24	14
1	81560717	26	18
1	62117316	22	24
1	18019681	25	25
1	12939066	15	19
1	32458044	24	16
1	76501889	21	25
1	62634014	23	22
1	7410652	19	23
1	30169673	13	25
1	22134384	26	25
1	31150160	25	20
1	7573379	20	33
1	2324886	22	23
1	53463406	15	29
1	30627110	21	21
1	81100625	13	32
1	84042982	19	23
1	84907780	23	21
1	81329129	19	22
1	87920264	18	23
1	55985273	19	16
1	8282694	21	25
1	1697712	17	21
1	17137403	29	13
1	93923253	8	20
1	39662036	17	26
1	18143402	31	21
1	27201341	20	17
1	9727541	21	20
1	94747066	21	20
1	39306419	27	19
1	42047526	21	16
1	44765405	21	25
1	47439673	24	21
1	51892666	15	29
1	17290302	21	25
1	43351039	17	22
1	3641117	19	13
1	48157477	26	27
1	83546100	20	10
1	43436451	26	16
1	10818665	23	36
1	9050547	24	24
1	53804450	23	20
1	98215067	21	17
1	58129266	20	22
1	14799716	16	22
1	9221469	21	22
1	32658448	16	22
1	75067893	16	26
1	22763402	27	21
1	32180533	22	18
1	303286	25	17
1	73655118	25	17
1	20775445	20	17
1	50534020	19	29
1	40238485	24	11
1	95003277	22	16
1	39761211	17	27
1	18757986	26	19
1	54128681	14	23
1	51192783	19	31
1	66436321	20	26
1	52067636	24	24
1	26351862	19	13
1	35872593	30	23
1	9507825	21	33
1	67685080	30	22
1	65937562	17	35
1	5671701	25	27
1	62079184	26	19
1	29302643	20	12
1	34682211	15	21
1	51584797	18	21
1	51793215	36	31
1	16317927	30	26
1	26006888	24	23
1	87251006	21	30
1	38175892	23	22
1	6898474	21	25
1	13339173	22	40
1	60476266	12	23
1	26664787	15	31
1	53005070	28	28
1	14103482	32	21
1	83810819	23	16
1	11561501	27	22
1	72250176	32	26
1	81283144	18	25
1	3083345	23	19
1	96986073	33	17
1	31228427	25	18
1	16073206	15	21
1	27122785	23	24
1	81578464	24	17
1	82906863	25	22
1	27639815	27	26
1	88566313	22	23
1	36237709	36	23
1	42688535	18	29
1	66586336	17	23
1	88432478	17	27
1	72557107	17	28
1	39470043	22	22
1	62749505	36	22
1	83466030	23	24
1	31572525	36	18
1	70289801	29	20
1	69110744	28	28
1	48265960	23	21
1	21992063	21	28
1	45317925	13	20
1	73686614	16	33
1	53287875	31	17
1	53616824	19	26
1	88782802	23	18
1	85420951	20	31
1	30900877	24	21
1	80728559	30	24
1	69856893	22	23
1	659446	18	16
1	99617863	21	21
1	81017800	22	24
1	80048914	31	13
1	47072066	21	18
1	80571084	31	29
1	23413198	27	19
1	85138939	22	21
1	73380120	26	18
1	46598632	19	35
1	96112882	25	18
1	16835252	24	12
1	50975239	24	25
1	17358120	20	35
1	93639996	24	19
1	81001226	28	18
1	41452616	22	33
1	4030229	17	23
1	55746019	21	25
1	55850361	22	32
1	4878546	21	32
1	32599192	24	16
1	22696348	28	25
1	86968297	23	29
1	45708713	24	37
1	45440750	18	24
1	70478708	20	19
1	9306666	24	33
1	94295657	20	19
1	51268997	25	27
1	22473511	23	22
1	39533716	18	24
1	89833283	28	21
1	56598036	25	22
1	42990371	24	22
1	62857228	22	27
1	15666283	14	31
1	28433784	29	25
1	30268500	18	24
1	64641633	16	23
1	10135272	23	23
1	87401471	20	13
1	58787084	24	19
1	71938069	29	20
1	87305035	17	15
1	34559927	20	19
1	89493348	24	21
1	93309056	24	25
1	6679404	20	21
1	96090500	18	26
1	68805803	25	23
1	75610043	17	27
1	84620372	18	20
1	88095869	21	21
1	1644453	24	29
1	18089539	25	20
1	8465838	23	28
1	15851789	15	37
1	77509735	19	24
1	58996802	24	18
1	3320724	17	16
1	56387377	29	26
1	16807209	19	19
1	80569902	22	21
1	40606541	17	18
1	89699625	18	17
1	60263731	17	15
1	15639979	22	16
1	20847144	14	29
1	29207455	14	19
1	44965768	25	22
1	99075164	26	22
1	95406695	21	25
1	36674568	27	22
1	65553581	19	31
1	54097513	21	13
1	38611662	26	14
1	91781531	28	18
1	30904398	22	14
1	82336411	18	22
1	5859380	27	23
1	62402796	19	21
1	41472843	31	15
1	54973185	19	32
1	76971683	17	24
1	85210034	24	17
1	42659388	23	11
1	13050835	27	20
1	5226445	23	28
1	38172603	19	20
1	37577870	25	18
1	71986270	18	30
1	51850288	13	24
1	10630875	19	23
1	19078685	27	19
1	44856754	17	22
1	46952436	19	24
1	36383145	32	23
1	65179651	21	23
1	29068621	19	27
1	50143023	12	19
1	20929550	17	30
1	2151350	18	31
1	73574575	25	23
1	79413428	13	26
1	57394839	20	23
1	55598311	25	11
1	90108946	15	20
1	62817659	24	21
1	73112	12	31
1	12000849	29	21
1	61467095	18	18
1	24234567	38	15
1	85882120	20	32
1	41971492	28	24
1	81778706	30	23
1	66615815	26	25
1	21970164	21	24
1	3053520	33	15
1	28608233	20	28
1	22132585	26	14
1	37007784	21	28
1	38570456	27	22
1	22389614	31	24
1	20721257	28	21
1	87491304	18	28
1	71890890	23	22
1	19526838	21	14
1	45181832	15	28
1	24298686	19	23
1	90662868	25	17
1	50345895	28	13
1	71651677	18	27
1	98964058	20	20
1	65800890	30	22
1	50862151	31	18
1	49346044	26	29
1	43257587	19	21
1	52376329	16	22
1	9113167	22	24
1	76980946	17	21
1	24692509	19	19
1	50972682	22	25
1	39707180	22	20
1	14994620	12	34
1	4809623	38	12
1	70457053	21	20
1	97533880	20	26
1	75248859	23	27
1	56680019	24	24
1	17382014	21	19
1	61093656	22	32
1	37266947	17	12
1	6961008	18	21
1	31440129	19	20
1	43216361	11	20
1	37609356	23	22
1	91508424	20	30
1	20767964	29	14
1	95217437	23	25
1	79458645	17	26
1	5272844	10	27
1	59351105	27	24
1	80430206	25	18
1	91130583	28	20
1	69267655	18	34
1	13474206	19	34
1	43241414	16	14
1	26374008	14	25
1	54952513	11	26
1	66578167	19	26
1	89317636	33	17
1	1153753	27	31
1	45532194	24	29
1	62959673	23	21
1	42160980	20	24
1	87589985	24	19
1	60235018	20	21
1	55032322	19	29
1	4567425	30	11
1	47149896	14	24
1	87975261	24	17
1	78311312	11	21
1	54825284	34	12
1	62929149	22	24
1	59117490	27	22
1	42211812	19	23
1	31626679	21	26
1	49722007	22	20
1	35280336	20	16
1	57944230	18	11
1	33331378	18	25
1	29891673	20	31
1	71220113	23	19
1	19621694	19	28
1	76589736	23	19
1	59787458	26	19
1	41381917	21	15
1	67387017	32	22
1	12044683	15	20
1	92879542	26	20
1	95224422	12	22
1	3147217	17	21
1	47425452	20	24
1	65346212	30	17
1	72842222	24	28
1	7650043	25	25
1	63705707	20	32
1	69560805	18	17
1	1476001	30	8
1	25813745	23	15
1	21052568	19	24
1	82161745	27	21
1	79347005	14	20
1	58191838	23	10
1	68899171	19	26
1	36329423	17	19
1	99189056	18	25
1	21483050	28	16
1	21042767	23	25
1	71615940	20	33
1	63188988	21	25
1	74386350	32	28
1	40941593	18	18
1	13436760	20	21
1	98872379	19	19
1	18313970	23	28
1	28584318	18	24
1	39552311	22	26
1	58547588	23	23
1	16990961	22	13
1	46498817	23	21
1	74092641	24	29
1	89948604	22	22
1	46279708	26	21
1	75521401	24	27
1	85461525	23	24
1	24143694	21	22
1	76431795	22	13
1	16019763	25	25
1	70512942	31	17
1	59188530	18	18
1	24626485	25	19
1	38749481	24	20
1	83956392	16	17
1	55286013	21	14
1	87501908	14	23
1	55966078	24	17
1	35348782	21	28
1	21492107	25	13
1	34313905	10	22
1	87480787	16	16
1	65787918	26	32
1	11899558	20	14
1	30066503	14	27
1	1569973	16	23
1	51766106	19	23
1	56181115	20	34
1	65250898	23	16
1	40937704	20	25
1	78632622	25	11
1	40925889	21	15
1	16200624	21	26
1	54403631	27	17
1	12098532	23	18
1	61472960	14	13
1	14053774	28	17
1	54012302	37	30
1	17817284	39	19
1	91515755	17	27
1	49064384	27	24
1	55678691	30	18
1	18531822	26	23
1	88768804	17	20
1	68761477	14	20
1	78510206	17	23
1	61784598	20	27
1	60863135	22	29
1	92369758	16	19
1	10325221	22	31
1	84680063	22	27
1	93789913	30	23
1	32041877	32	13
1	86703399	15	21
1	28363824	19	27
1	17626332	28	19
1	26458519	14	20
1	42943995	31	20
1	89811474	29	20
1	46849468	17	17
1	35347114	34	21
1	82333019	22	21
1	84312359	21	26
1	55446270	23	18
1	26480971	21	16
1	71828700	19	19
1	30250160	20	26
1	70179246	25	26
1	92968811	8	20
1	27269267	26	21
1	37738507	20	18
1	94161712	27	18
1	56284311	22	31
1	6593655	21	25
1	4442791	22	27
1	45176286	17	20
1	93162548	29	20
1	67844162	17	27
1	2148973	20	19
1	79788972	21	19
1	59312545	21	21
1	74248119	29	14
1	17366642	19	15
1	13029140	42	22
1	3098477	22	14
1	87142198	20	19
1	25982411	20	22
1	46277031	29	12
1	13535699	25	21
1	52529025	21	29
1	7134840	29	24
1	24426686	22	34
1	29321027	26	23
1	75494232	25	18
1	2444730	30	11
1	16812222	17	16
1	74007491	22	12
1	42103271	24	17
1	92449420	32	19
1	69971799	18	33
1	77127767	32	26
1	16344186	25	23
1	41172037	25	17
1	62688763	22	27
1	86505459	27	22
1	96037571	20	27
1	310776	21	23
1	46801450	21	25
1	71132953	24	28
1	47134874	17	27
1	5022391	17	28
1	27796621	38	18
1	2061466	30	14
1	12445864	26	16
1	76753824	24	24
1	84139747	20	20
1	83171087	27	24
1	83780726	25	22
1	73678697	19	26
1	85877573	25	27
1	24919203	26	20
1	72582773	30	22
1	86444328	23	20
1	72328819	23	26
1	95225942	23	28
1	6269637	19	21
1	70577093	22	19
1	12602770	23	21
1	14738348	19	21
1	63710233	29	28
1	95555316	21	27
1	14178829	24	26
1	44252347	26	23
1	87248253	25	18
1	36321899	23	29
1	32670743	29	14
1	31651854	25	19
1	42483197	20	25
1	43250003	21	25
1	54237661	19	26
1	77034361	25	18
1	57251155	21	33
1	49894530	30	22
1	48843641	24	15
1	93244237	29	20
1	30720181	22	19
1	77585270	20	15
1	60671512	17	19
1	36132771	23	21
1	28276029	14	27
1	4564844	18	17
1	88728632	28	23
1	70912081	24	27
1	90890034	33	22
1	93547415	20	27
1	56348136	24	22
1	9316837	26	20
1	81311560	19	26
1	91618452	30	18
1	9845550	18	27
1	59393512	28	21
1	81126678	32	21
1	16808501	22	21
1	6635721	16	36
1	31812333	19	19
1	65917569	20	16
1	48302326	21	23
1	46390319	16	33
1	89821274	23	20
1	75524436	25	32
1	1007065	14	21
1	79170812	18	32
1	78367040	18	23
1	97583443	24	24
1	83179800	20	25
1	38812621	27	20
1	26794144	26	16
1	99351801	9	28
1	92297965	22	27
1	52486768	21	17
1	25731332	22	12
1	11025291	11	22
1	74501035	23	12
1	45384464	27	26
1	75497157	18	31
1	59787663	29	16
1	56304171	24	24
1	70249724	14	20
1	80705832	18	28
1	26599516	21	24
1	54688790	26	21
1	76049800	23	21
1	28025791	20	23
1	96282895	20	14
1	70078792	19	21
1	34361379	24	26
1	55282458	11	30
1	22431351	23	26
1	66431661	25	17
1	85970317	25	19
1	74000902	28	17
1	15816638	32	17
1	10232554	24	31
1	65990607	27	23
1	96758997	24	20
1	32855523	23	21
1	57842798	14	18
1	47487308	30	21
1	20075135	30	15
1	33187160	28	17
1	44438881	28	23
1	25382002	21	23
1	60723785	16	23
1	78698503	17	19
1	97367670	25	18
1	78034432	19	25
1	62044010	25	14
1	27799822	21	29
1	2938343	18	26
1	88660175	24	12
1	82871367	24	23
1	67220911	25	17
1	20855572	13	30
1	46448519	23	20
1	32361781	27	20
1	43132171	16	20
1	60692719	19	35
1	22832951	25	19
1	58707882	19	24
1	98675218	21	21
1	92680593	34	29
1	13277406	20	21
1	39425815	25	18
1	21447846	34	18
1	27130994	24	25
1	26177809	33	17
1	74481954	25	23
1	79018673	24	24
1	91813923	23	21
1	8157007	26	28
1	5269282	24	19
1	99271297	21	27
1	90133595	23	21
1	68473563	18	15
1	54508515	15	27
1	49711764	34	12
1	62332707	39	21
1	77969119	18	26
1	40160665	38	18
1	24781489	20	21
1	69707747	25	16
1	1807406	18	29
1	22210591	13	19
1	40293039	24	26
1	57534180	31	26
1	33706073	27	21
1	47132774	26	22
1	91488147	37	13
1	69356845	16	26
1	32422389	18	20
1	50323539	14	29
1	50223256	25	20
1	5344029	40	27
1	28998924	25	28
1	27693633	12	27
1	35432154	26	19
1	87441749	15	25
1	34466339	16	24
1	24935041	21	29
1	25881785	28	19
1	1911339	19	23
1	34515576	18	30
1	53477131	21	16
1	97425345	17	25
1	75762596	22	29
1	32195668	9	19
1	98039668	23	37
1	59673430	25	32
1	86986134	20	28
1	68120915	21	24
1	12989029	22	18
1	9475693	12	20
1	97254502	11	33
1	73371672	27	26
1	73469698	26	19
1	78289409	14	29
1	21042572	18	21
1	40440698	30	22
1	99095586	22	22
1	74810246	27	18
1	16904727	30	19
1	31609275	18	26
1	73837726	24	26
1	41146294	23	18
1	75792258	26	19
1	44067762	16	18
1	28242025	25	22
1	8313161	15	31
1	95195110	38	26
1	14343979	22	26
1	7589414	15	19
1	93359136	26	18
1	11860260	24	17
1	36719541	31	17
1	82967936	22	22
1	90643576	16	22
1	22142003	20	20
1	31774745	32	21
1	64944734	23	26
1	10476707	31	22
1	86012784	26	24
1	78093938	23	19
1	86313491	6	30
1	77999961	30	21
1	34623855	30	18
1	70626797	13	28
1	90386288	17	33
1	11462779	27	24
1	60047890	29	25
1	34950982	20	17
1	5381771	26	24
1	51267199	20	28
1	96548948	29	22
1	97783571	33	30
1	97184796	41	22
1	58772248	24	23
1	94306065	26	19
1	85281587	24	21
1	48431454	15	17
1	79659446	29	18
1	94309794	28	11
1	48553130	21	24
1	51893937	18	19
1	14744753	11	19
1	19425534	25	23
1	68800699	20	29
1	30017105	17	20
1	46769330	21	29
1	22542282	29	28
1	4330512	30	23
1	83654531	21	22
1	34082106	22	24
1	1078108	17	24
1	25356463	19	16
1	9487450	19	19
1	66902094	15	32
1	2938946	19	22
1	27819148	24	22
1	5881637	15	18
1	42818706	15	25
1	70833994	27	18
1	36776092	19	24
1	90046732	22	22
1	80733410	12	24
1	46981485	28	26
1	97790959	24	21
1	43630037	28	21
1	62669669	19	20
1	43487607	39	22
1	16177953	23	25
1	28516253	20	30
1	11236133	19	20
1	66775494	23	27
1	8596318	21	25
1	80488900	15	21
1	75030528	14	25
1	64422718	17	25
1	47331892	23	21
1	76398051	15	28
1	63283947	19	36
1	1922497	38	26
1	73689432	18	20
1	93225721	21	24
1	74896060	26	17
1	50361743	17	25
1	19988931	23	20
1	57824624	19	23
1	41741997	21	27
1	52598263	16	17
1	57558706	18	21
1	67449787	28	27
1	21392144	19	18
1	88447943	19	25
1	50350717	29	28
1	28649397	22	13
1	80463484	22	23
1	31371922	26	17
1	65394634	29	17
1	11893283	20	17
1	17828046	17	20
1	25466642	29	23
1	86149445	19	22
1	11758016	23	28
1	18419817	21	20
1	50336766	23	17
1	32172849	23	19
1	24316660	14	28
1	14545285	27	21
1	99853757	28	29
1	39983428	30	17
1	81418457	23	25
1	96169019	25	21
1	19720983	22	19
1	87364835	23	13
1	38588130	23	22
1	99455035	21	25
1	75412847	38	23
1	19124224	22	23
1	36819656	28	13
1	84449267	35	17
1	26892393	29	20
1	19038398	17	24
1	33745313	22	18
1	63835386	31	14
1	6692153	22	13
1	96524233	25	22
1	52191626	29	24
1	9323435	28	24
1	80318726	28	19
1	60584011	19	18
1	47702807	23	21
1	56548795	21	29
1	31741440	32	18
1	64297503	28	19
1	26199609	20	27
1	25614112	22	23
1	24239420	29	17
1	84404560	23	22
1	79275583	24	29
1	59701867	18	34
1	11892438	28	36
1	4252056	25	21
1	66863102	25	29
1	16837016	20	27
1	6818851	21	25
1	18287970	21	18
1	34530986	26	23
1	97919743	25	23
1	52145497	25	16
1	19883733	20	20
1	61801665	20	28
1	50262041	23	21
1	847611	19	19
1	86308406	19	23
1	53362127	25	22
1	9836828	18	22
1	43152670	15	20
1	53509035	29	14
1	86304515	14	26
1	55118534	22	28
1	75119907	37	13
1	24969000	32	20
1	71135579	26	14
1	53454059	15	30
1	37275019	21	28
1	46829810	18	24
1	1634999	30	23
1	10780117	28	26
1	91905004	31	22
1	25049580	26	26
1	13430388	17	17
1	9622668	21	18
1	51951839	25	20
1	6548241	25	23
1	40001198	14	26
1	17931824	19	18
1	23824142	10	32
1	63221160	25	23
1	38181472	19	19
1	23802371	22	29
1	16047364	27	28
1	10899717	22	20
1	70836503	26	27
1	93958801	18	17
1	13796160	22	25
1	32921427	26	24
1	93731352	21	14
1	69134770	28	20
1	49159336	27	18
1	45271734	36	20
1	44362926	26	23
1	34581064	29	11
1	49220621	20	14
1	7905010	18	16
1	11802158	25	18
1	87233404	29	19
1	87266183	21	31
1	63361258	40	16
1	39313349	18	17
1	82506127	26	17
1	14894308	20	24
1	88056981	24	20
1	61808464	20	32
1	65405154	18	27
1	97202082	19	22
1	75218873	18	23
1	38806909	24	20
1	67050776	28	21
1	43777109	23	13
1	85004426	14	25
1	28578124	31	25
1	46865527	25	26
1	13719930	21	26
1	84003349	28	30
1	25190586	16	22
1	35606371	35	12
1	77678061	28	17
1	83645685	22	26
1	46988862	20	28
1	52952119	28	19
1	22170872	20	18
1	11407069	27	17
1	41182887	22	23
1	49622344	18	26
1	73857782	26	13
1	27430026	24	18
1	16389854	24	32
1	69574741	22	23
1	52454384	33	27
1	25021998	20	18
1	95291928	31	24
1	3835102	26	18
1	79146120	34	25
1	73786769	28	25
1	5501218	20	13
1	48299465	28	17
1	53875469	30	20
1	26000888	30	30
1	98120781	22	31
1	95173645	24	24
1	22432809	19	22
1	23219784	13	15
1	15661819	20	23
1	70308695	29	24
1	7170101	14	26
1	92116975	18	26
1	39685536	24	22
1	5191820	25	18
1	22084992	33	16
1	45050587	20	33
1	71664465	20	19
1	42393765	17	23
1	61043848	9	28
1	5719052	16	18
1	61534314	26	26
1	94759543	16	25
1	39229217	22	20
1	89029882	23	25
1	93606029	23	23
1	37033473	31	23
1	85875554	20	22
1	72836495	21	17
1	22794392	27	15
1	4096551	12	38
1	17056441	24	20
1	47953787	25	25
1	31134689	21	25
1	83564499	16	34
1	77029668	20	22
1	55533902	22	20
1	2897192	18	22
1	47597737	24	13
1	75028430	19	25
1	79124156	26	13
1	99866224	27	23
1	99273773	26	17
1	9468416	22	23
1	77411460	22	19
1	47418912	25	19
1	1142473	17	29
1	85820881	33	13
1	75775078	15	29
1	91260812	27	32
1	7019822	34	24
1	67807874	19	22
1	86214366	22	19
1	49866245	27	14
1	10560450	24	21
1	70401244	27	18
1	10262931	27	22
1	34663503	21	18
1	23789093	14	20
1	76751487	21	20
1	95926306	23	20
1	12975595	23	17
1	66231517	13	32
1	446136	31	13
1	6903786	18	18
1	72856951	18	32
1	94739413	18	22
1	57993530	22	22
1	94893775	22	11
1	54667031	20	20
1	84766544	26	16
1	39345415	15	17
1	61988143	23	21
1	90853764	18	21
1	85599328	36	12
1	87415326	30	21
1	38402394	15	28
1	54951815	23	15
1	41756722	26	20
1	57448182	23	11
1	42650511	20	25
1	42308929	20	21
1	48100711	11	36
1	48931452	16	23
1	66728314	13	21
1	29563904	26	24
1	54001413	21	29
1	7891952	27	27
1	5039588	34	34
1	9960074	22	24
1	27082682	27	22
1	86385125	24	27
1	46352440	25	29
1	36221399	26	26
1	96871456	10	26
1	49447701	21	25
1	66074438	25	23
1	65337809	27	28
1	64549742	18	20
1	58022271	33	27
1	38229193	20	26
1	70782118	26	19
1	29217082	24	25
1	54614178	21	21
1	44850535	16	20
1	19004711	22	30
1	69877494	16	21
1	73858138	20	23
1	34164634	15	36
1	3673299	22	19
1	32723856	28	20
1	63424599	20	23
1	34971381	26	27
1	5599835	17	24
1	30520616	18	26
1	98653730	18	24
1	74445072	28	21
1	40446891	20	31
1	88241313	32	15
1	86209487	18	31
1	5552118	16	33
1	99879361	15	22
1	1019519	30	30
1	12329991	22	22
1	53365504	17	27
1	14518453	15	32
1	26107955	25	34
1	57645809	20	25
1	999116	30	12
1	60538256	30	16
1	39135639	25	16
1	39856576	26	17
1	15048887	20	28
1	5181222	23	26
1	22191410	17	20
1	55280439	20	18
1	75121315	24	19
1	1370843	20	28
1	69824786	18	16
1	4187466	32	18
1	33965550	32	17
1	94179183	31	16
1	96753209	23	26
1	94165438	26	31
1	88560154	21	19
1	5393811	20	18
1	90959432	18	16
1	20649765	17	17
1	64994900	23	19
1	29719534	22	30
1	28829904	24	23
1	8696929	21	22
1	46557436	16	28
1	27009714	22	22
1	91904357	35	23
1	28171649	24	23
1	51818480	25	18
1	32840535	19	25
1	85343477	28	21
1	26696906	31	18
1	34000638	28	18
1	25276795	19	12
1	23144906	33	12
1	70420688	28	30
1	58911140	22	17
1	28594628	22	22
1	51674137	31	22
1	55109605	31	29
1	34317211	22	25
1	88389124	15	19
1	31586353	26	20
1	59008210	24	33
1	69242953	24	17
1	17691741	34	10
1	57197631	27	25
1	71592067	25	26
1	43252884	20	20
1	66439970	19	26
1	96209229	32	18
1	40845758	19	29
1	7684005	28	21
1	43484143	29	17
1	69072578	26	18
1	72774535	21	28
1	68457957	22	11
1	16202286	30	19
1	80459771	18	16
1	16663225	26	21
1	30669392	16	18
1	59460838	24	17
1	12277060	16	24
1	83783488	22	31
1	65918131	23	28
1	24119559	15	22
1	79748470	20	22
1	37557084	18	37
1	72677112	19	26
1	63923996	29	15
1	4640502	22	23
1	21723034	31	25
1	40821418	19	32
1	50253144	18	19
1	18465024	21	33
1	68787073	27	11
1	63207810	28	10
1	30933617	23	19
1	24003524	18	16
1	49491655	16	16
1	85397991	22	28
1	28399821	14	26
1	73335624	27	26
1	20903229	26	25
1	17231561	24	23
1	67188757	13	20
1	33668116	16	23
1	43091046	16	21
1	97404389	18	31
1	54133853	17	25
1	95042930	30	11
1	68241722	31	19
1	3705335	32	20
1	73017349	33	17
1	33233167	35	23
1	4662605	28	10
1	49122813	23	41
1	99547130	19	18
1	19576075	37	17
1	63364033	15	20
1	54824059	26	21
1	26411052	17	28
1	95925553	19	27
1	18069026	33	20
1	21724229	19	24
1	91558844	38	14
1	62352810	32	24
1	9461484	19	27
1	5772182	25	25
1	97409064	21	20
1	88931756	17	22
1	28278501	23	19
1	10735601	24	26
1	54298261	29	23
1	98626376	18	22
1	47074162	21	27
1	73842609	23	17
1	20350755	24	24
1	41336474	23	25
1	67707448	29	31
1	40982716	21	18
1	28181212	27	26
1	64778585	21	15
1	66066798	23	16
1	58472588	27	21
1	20332275	26	32
1	3440482	21	20
1	32371621	19	26
1	77714567	25	32
1	14003136	26	23
1	41220447	20	21
1	6499535	23	21
1	4413227	25	22
1	82066817	28	16
1	77804533	23	21
1	53917113	31	24
1	60235879	28	19
1	58843462	22	18
1	30499955	23	23
1	61182598	19	23
1	1494109	20	24
1	33367076	24	21
1	15831829	19	17
1	19717163	24	20
1	62894116	21	23
1	64668947	15	17
1	5975248	16	30
1	34539281	25	21
1	43276066	16	22
1	4120947	26	24
1	79286035	20	27
1	24976549	16	14
1	85470851	18	32
1	7165362	35	20
1	73502632	22	24
1	75205358	23	22
1	79649454	16	30
1	90318831	22	19
1	55390012	34	14
1	67299264	25	26
1	41472379	17	31
1	47414900	28	15
1	28967945	34	25
1	38794029	25	18
1	77903356	22	16
1	27242445	15	17
1	15172829	13	20
1	25791	18	22
1	67733307	33	20
1	98960901	26	15
1	49292302	20	18
1	65908768	27	17
1	44404083	24	24
1	7822914	27	15
1	24275068	24	19
1	94472760	32	21
1	72263973	25	24
1	9632476	25	11
1	87959828	40	16
1	48268496	30	23
1	85698471	27	25
1	78973349	20	23
1	41086199	21	25
1	15612049	14	21
1	88694494	26	25
1	3254209	29	14
1	34012924	17	31
1	88977508	14	23
1	68223808	16	28
1	44224272	18	25
1	36320538	18	26
1	33493250	19	35
1	96696677	22	21
1	59255103	24	14
1	12246239	26	22
1	4374541	17	27
1	83071960	19	19
1	28925933	34	21
1	71139146	24	24
1	82952561	17	31
1	48753565	20	19
1	28427725	22	15
1	64268693	22	25
1	56428499	24	18
1	89812313	27	18
1	80278103	28	29
1	24022957	24	19
1	41213192	22	27
1	17616164	23	26
1	89733169	21	22
1	28545834	26	31
1	97162650	29	15
1	61863535	15	28
1	17842214	23	22
1	12296188	24	19
1	14398715	22	16
1	97260738	30	17
1	99492062	22	23
1	37482609	17	36
1	26273950	21	20
1	51352450	25	27
1	14321522	26	17
1	8818915	27	23
1	39237140	17	22
1	98492996	35	25
1	45155926	25	20
1	76849561	31	14
1	2136720	14	18
1	17267836	20	25
1	81436425	30	29
1	67624231	19	26
1	83456572	22	26
1	77454790	27	22
1	38382326	17	28
1	77747735	24	17
1	20686451	21	19
1	21395146	11	29
1	44741422	20	25
1	99485668	19	28
1	74950290	24	31
1	7969353	29	16
1	35739223	21	26
1	26189121	16	33
1	26953824	20	16
1	89815464	17	22
1	96163019	31	25
1	38443841	15	27
1	25329223	22	34
1	83760504	22	21
1	81784034	31	16
1	49811323	24	21
1	10377801	21	15
1	91556198	26	19
1	48562569	21	18
1	79452811	22	14
1	28072416	17	30
1	96298272	30	14
1	44618174	22	20
1	26618727	18	26
1	46223114	27	24
1	69814390	23	24
1	78063253	28	25
1	72922759	23	19
1	13612813	30	21
1	25331437	14	18
1	98190950	23	15
1	72824264	25	17
1	56777603	24	21
1	54585684	19	17
1	86767276	18	29
1	7344963	28	23
1	17177676	29	20
1	66159035	21	21
1	98674344	27	21
1	71928096	25	29
1	17087730	29	26
1	56166338	22	23
1	42302095	18	27
1	36040253	15	29
1	62727145	12	30
1	72914214	27	18
1	78908034	30	26
1	17902381	24	36
1	87645029	24	16
1	93912271	23	32
1	225254	15	37
1	32129874	31	28
1	7766005	23	23
1	71616816	11	39
1	68160502	24	26
1	48841147	21	27
1	16482064	10	28
1	55456459	24	28
1	47787799	14	20
1	84117218	32	26
1	61234996	21	21
1	13885347	27	15
1	8005445	13	21
1	626313	28	24
1	43441301	19	28
1	6865441	28	40
1	50403968	25	26
1	84708944	33	15
1	50481112	15	17
1	99178882	23	19
1	42852586	28	21
1	84971968	26	18
1	59133319	25	22
1	14919696	24	22
1	29811692	27	23
1	92592168	26	23
1	56132373	26	11
1	83148735	27	23
1	93659377	23	25
1	46685408	12	16
1	89527343	18	25
1	30201765	17	20
1	29791972	16	24
1	98193634	28	18
1	89293536	20	28
1	45625772	22	23
1	10603115	35	15
1	3902288	25	27
1	12252508	20	23
1	86396866	29	19
1	22638876	28	19
1	33778652	23	17
1	90302522	17	27
1	91045711	24	23
1	47632175	20	24
1	41339428	19	22
1	36232878	26	21
1	90414378	26	26
1	77760566	30	25
1	16334436	15	14
1	23397714	27	29
1	11167137	23	25
1	61516341	19	21
1	78095781	17	31
1	49250134	19	18
1	1553709	27	28
1	99357929	15	26
1	99413554	20	27
1	2900310	20	15
1	80119384	16	29
1	95081787	19	23
1	28736899	27	22
1	24428095	30	20
1	66462777	30	26
1	61307051	10	37
1	67484207	26	13
1	76195161	30	19
1	69625374	8	31
1	63027655	8	25
1	78303157	17	29
1	91669238	14	39
1	91365515	27	19
1	81303017	17	24
1	31674848	20	24
1	44007572	28	14
1	51488310	24	13
1	92406874	21	19
1	48310499	24	27
1	21947939	26	27
1	58457425	20	22
1	12160896	23	14
1	90146041	14	17
1	49953058	37	25
1	7111774	14	21
1	72127842	23	31
1	57553331	15	28
1	42454684	20	36
1	34391528	18	23
1	21189862	15	31
1	73589175	26	27
1	87055550	14	25
1	11416733	28	19
1	61622412	21	17
1	93186718	26	34
1	41479082	16	15
1	60712278	21	17
1	54621936	30	21
1	215323	20	19
1	14718887	23	20
1	25954984	22	19
1	35991574	28	15
1	42366453	24	16
1	80366907	23	15
1	47290558	24	23
1	11278199	27	19
1	87583077	24	28
1	88430345	27	15
1	51228848	15	22
1	42190571	19	26
1	829481	16	25
1	3351591	21	19
1	51569240	15	28
1	27747563	31	16
1	47629825	25	20
1	58393841	23	30
1	43849403	17	24
1	22936788	21	19
1	59128211	25	18
1	99249819	19	18
1	52291541	15	22
1	56878470	21	19
1	90918062	22	26
1	89272037	22	20
1	11357805	25	18
1	39941517	16	25
1	36062279	20	21
1	74981719	22	23
1	77675799	24	20
1	13653681	15	32
1	92941213	22	22
1	12022425	18	24
1	78915363	14	28
1	10707449	18	19
1	57667256	20	23
1	29510025	13	24
1	70462582	19	18
1	41669843	21	25
1	23726850	18	23
1	99328047	28	26
1	82537136	33	25
1	34517069	20	20
1	62251043	24	20
1	53371215	19	23
1	24403539	19	19
1	52754135	30	26
1	39270689	35	25
1	96787247	19	23
1	18982063	21	23
1	33620889	17	30
1	48864276	8	25
1	10608310	20	22
1	9547527	18	27
1	71593886	26	14
1	67189615	32	16
1	38510036	21	24
1	90450988	27	25
1	53270569	23	21
1	97938161	25	22
1	45644948	14	33
1	48878075	21	20
1	85176105	19	31
1	59090587	20	23
1	37765378	21	33
1	23723169	27	23
1	53998598	29	21
1	57035930	14	27
1	81383872	27	24
1	61981111	26	19
1	26380510	24	25
1	77484216	22	18
1	76438985	27	23
1	51644970	26	33
1	58043930	24	23
1	81156193	23	16
1	24377516	19	17
1	65106423	17	24
1	98813829	20	21
1	44218898	22	24
1	80138352	28	28
1	93256508	21	12
1	92094003	17	21
1	45554510	22	17
1	77655508	29	15
1	91721045	15	21
1	31118835	21	18
1	6937243	28	24
1	2808415	19	24
1	57536703	22	20
1	86486677	26	26
1	44381496	19	18
1	70981874	21	25
1	44372385	18	22
1	79841798	23	15
1	33784492	29	22
1	24563673	20	26
1	88880705	27	26
1	15522205	23	26
1	32727503	28	20
1	30451145	19	15
1	13093250	28	28
1	43374088	31	29
1	92145192	29	28
1	8262222	28	39
1	35806078	21	21
1	89833246	35	20
1	1330858	17	24
1	44496503	27	18
1	53925905	22	25
1	33952524	30	26
1	3268847	32	18
1	94779654	24	29
1	52045847	23	21
1	75097423	21	36
1	45152687	21	19
1	39511270	15	20
1	40916070	13	17
1	64238813	19	14
1	26246288	22	35
1	72757281	17	23
1	2528215	20	21
1	761532	21	20
1	52779281	19	32
1	22188207	27	27
1	33779458	28	18
1	12692088	14	20
1	87745097	20	15
1	6444348	28	18
1	71704454	24	34
1	33812248	19	24
1	44420416	28	20
1	44514450	24	21
1	3739752	18	19
1	45864635	32	20
1	62502281	27	27
1	8204604	13	21
1	16761978	19	26
