chromosome_index	position	alt_count	ref_count
1	748	8	28
1	40578	11	36
1	44121	18	29
1	66786	10	30
1	82847	14	34
1	87662	11	30
1	93275	17	34
1	94513	23	17
1	98819	15	26
1	135378	17	16
1	136017	13	32
1	163266	11	40
1	176666	19	25
1	205015	12	29
1	211070	15	34
1	247112	12	28
1	258785	13	32
1	343253	7	34
1	345637	26	19
1	365608	13	31
1	367177	13	36
1	380125	7	34
1	405208	9	29
1	412100	14	35
1	428490	20	31
1	468725	24	43
1	502872	9	25
1	507154	27	26
1	508365	9	41
1	612049	11	34
1	658192	17	18
1	726486	17	37
1	756631	16	21
1	762620	17	36
1	773268	17	24
1	802777	8	30
1	806224	7	30
1	850016	12	29
1	864806	16	33
1	894124	10	36
1	928286	14	25
1	942228	14	24
1	1030482	32	25
1	1047406	9	40
1	1048520	18	44
1	1050648	11	33
1	1078398	18	22
1	1079387	8	33
1	1107557	15	22
1	1112163	11	33
1	1123124	14	32
1	1179615	21	31
1	1273499	19	40
1	1322600	9	35
1	1422710	18	29
1	1449063	10	36
1	1456240	19	27
1	1480233	4	36
1	1543729	10	30
1	1560524	24	41
1	1564301	19	26
1	1564847	18	28
1	1599453	8	31
1	1617915	20	23
1	1685524	20	30
1	1695786	21	28
1	1786027	19	29
1	1814147	14	28
1	1819253	17	29
1	1835631	15	26
1	1852977	16	30
1	1876342	22	34
1	1912029	18	33
1	1946186	8	33
1	1959650	26	35
1	1969717	16	36
1	2011345	10	41
1	2020375	12	37
1	2061603	17	30
1	2066869	12	33
1	2067119	17	32
1	2067741	18	31
1	2087720	12	31
1	2104755	19	40
1	2105283	14	27
1	2123532	15	31
1	2136746	17	30
1	2140056	14	30
1	2145618	15	28
1	2223448	15	25
1	2230668	10	34
1	2231684	11	31
1	2255357	21	29
1	2285240	8	28
1	2285510	11	28
1	2289676	16	28
1	2296491	20	23
1	2330108	17	22
1	2361961	8	36
1	2419985	18	28
1	2428032	20	30
1	2429818	14	32
1	2436573	8	33
1	2441028	19	21
1	2447779	14	31
1	2490204	5	27
1	2556984	11	26
1	2570432	8	22
1	2571657	10	32
1	2583873	11	39
1	2617001	10	35
1	2618228	13	32
1	2630208	15	27
1	2673137	10	44
1	2680062	16	33
1	2704650	13	31
1	2713476	11	37
1	2723460	15	32
1	2763481	18	38
1	2768804	11	35
1	2770869	19	29
1	2781821	13	34
1	2810022	19	23
1	2847860	15	29
1	2874456	17	27
1	2886616	16	45
1	2900961	18	31
1	2901387	9	39
1	2920161	7	36
1	2922057	16	23
1	2940164	13	29
1	2946072	21	31
1	2983600	13	25
1	3019169	14	29
1	3021303	15	32
1	3076107	18	31
1	3092402	12	44
1	3110479	21	23
1	3112459	14	28
1	3128591	13	30
1	3129428	15	25
1	3151788	13	29
1	3165834	17	30
1	3181209	10	23
1	3231016	13	24
1	3232402	19	36
1	3250276	15	34
1	3283647	13	36
1	3315951	7	38
1	3323378	14	28
1	3360308	14	33
1	3374777	12	39
1	3406303	19	39
1	3517576	20	32
1	3569668	9	32
1	3583318	12	24
1	3599894	14	27
1	3641796	9	27
1	3683243	12	36
1	3698144	21	38
1	3746389	19	29
1	3752379	21	28
1	3755729	10	28
1	3757135	16	29
1	3769982	10	32
1	3784554	15	34
1	3793710	14	32
1	3801912	14	35
1	3829128	17	30
1	3853808	19	31
1	3858137	16	41
1	3858540	16	36
1	3863613	13	32
1	3879415	11	26
1	3884825	16	37
1	3886937	14	22
1	3911149	9	25
1	3915364	14	27
1	3944838	19	24
1	3974999	14	26
1	3986986	12	43
1	3995354	9	37
1	4009857	21	31
1	4041679	12	33
1	4056053	10	35
1	4079664	14	33
1	4088530	13	19
1	4111309	17	47
1	4116048	23	26
1	4133902	5	35
1	4147747	7	26
1	4239140	13	30
1	4263384	15	23
1	4267216	12	31
1	4288380	22	24
1	4328359	18	23
1	4332876	6	37
1	4333130	12	33
1	4350220	12	36
1	4433334	13	32
1	4481738	13	34
1	4490650	12	25
1	4511558	13	35
1	4525940	13	25
1	4578434	27	27
1	4585437	11	36
1	4625651	12	34
1	4653335	16	30
1	4656669	11	36
1	4658147	15	37
1	4661411	22	26
1	4670316	24	25
1	4679917	14	23
1	4684844	18	37
1	4696048	12	34
1	4723723	16	34
1	4773005	6	29
1	4792137	16	35
1	4810463	14	28
1	4848078	15	35
1	4856087	16	17
1	4863215	14	26
1	4889768	9	41
1	4897214	17	45
1	4908317	16	31
1	4920234	17	28
1	4947403	18	28
1	5009739	15	24
1	5041031	15	36
1	5085084	14	44
1	5109898	13	27
1	5140184	9	29
1	5147736	14	30
1	5173156	19	28
1	5173675	11	27
1	5232091	12	40
1	5264213	19	33
1	5264244	17	29
1	5283062	8	26
1	5297497	17	22
1	5304889	18	25
1	5305632	12	31
1	5355599	23	28
1	5383962	22	37
1	5421092	12	25
1	5424693	10	38
1	5429123	19	29
1	5453088	10	27
1	5474632	20	18
1	5485207	17	26
1	5526975	15	24
1	5529309	12	28
1	5540107	14	21
1	5543788	14	28
1	5575938	12	32
1	5580571	11	22
1	5626419	19	23
1	5647830	17	38
1	5667503	17	29
1	5695678	17	29
1	5705374	17	29
1	5718278	19	32
1	5721417	18	33
1	5761565	11	31
1	5766234	15	30
1	5817517	9	32
1	5817789	22	31
1	5836265	20	30
1	5859118	12	36
1	5863299	16	28
1	5922142	14	31
1	5944993	8	24
1	5988994	13	33
1	6006181	9	42
1	6020118	10	31
1	6045169	9	32
1	6045739	8	29
1	6071363	17	23
1	6089733	11	32
1	6107231	13	26
1	6145683	12	24
1	6160069	14	37
1	6206544	14	38
1	6225649	19	26
1	6274860	15	37
1	6299946	18	38
1	6301338	12	37
1	6311108	19	27
1	6317046	15	29
1	6337194	7	29
1	6345571	13	21
1	6396721	21	37
1	6397281	17	20
1	6406512	20	24
1	6411842	18	40
1	6441032	22	29
1	6505879	17	40
1	6510680	17	27
1	6512085	10	33
1	6533766	6	35
1	6576681	8	21
1	6581811	19	28
1	6591098	13	31
1	6610718	26	34
1	6611526	16	24
1	6623538	14	48
1	6624497	15	34
1	6633898	14	37
1	6665973	16	37
1	6677714	31	23
1	6692208	12	34
1	6711033	11	36
1	6724645	11	35
1	6767250	16	30
1	6826927	23	23
1	6865957	2	39
1	6874877	12	39
1	6881570	10	37
1	6911516	9	25
1	6914894	17	25
1	6938972	21	38
1	6946211	16	37
1	6955738	17	31
1	6972722	11	37
1	6983752	15	30
1	7025214	10	28
1	7040053	11	41
1	7048257	7	34
1	7058709	12	26
1	7069477	14	29
1	7073476	18	21
1	7086820	17	20
1	7154178	22	28
1	7181874	8	36
1	7194396	11	31
1	7228737	11	29
1	7242557	21	22
1	7318801	13	31
1	7331486	22	28
1	7383012	17	38
1	7383821	10	38
1	7406764	16	23
1	7417762	9	27
1	7429598	11	28
1	7443715	8	38
1	7444264	15	34
1	7451226	16	29
1	7484411	23	32
1	7485366	13	32
1	7533772	14	22
1	7537976	22	34
1	7568380	22	21
1	7575829	15	28
1	7599229	14	40
1	7637315	31	28
1	7654587	18	27
1	7699375	21	32
1	7739043	14	27
1	7758114	16	20
1	7760543	19	27
1	7773389	18	22
1	7778501	16	30
1	7783228	10	28
1	7797941	11	19
1	7800590	14	32
1	7801427	9	33
1	7810062	17	30
1	7850248	15	37
1	7891098	11	32
1	7907577	14	30
1	7909142	11	21
1	7924526	16	34
1	7931413	14	26
1	7948015	16	23
1	7981017	16	28
1	7989633	24	33
1	7992739	20	25
1	8081819	12	27
1	8121890	11	29
1	8122543	5	31
1	8127562	18	42
1	8154763	9	37
1	8175061	9	36
1	8187379	9	36
1	8196986	7	39
1	8205438	13	33
1	8226737	17	32
1	8240018	10	35
1	8295292	13	24
1	8297114	8	40
1	8302603	14	27
1	8309210	11	22
1	8354818	14	23
1	8369992	14	30
1	8377809	13	37
1	8389140	12	22
1	8413482	9	37
1	8419531	11	55
1	8518668	15	44
1	8558809	11	29
1	8563657	21	29
1	8569152	11	24
1	8616946	19	21
1	8625589	19	18
1	8635914	16	31
1	8643458	18	35
1	8671062	23	33
1	8683357	16	35
1	8689731	13	23
1	8691975	18	25
1	8722704	8	28
1	8727286	19	24
1	8745317	11	23
1	8767943	14	27
1	8769047	11	33
1	8775965	16	21
1	8801733	16	42
1	8843056	23	19
1	8851166	19	23
1	8869267	11	39
1	8876580	20	34
1	8880314	13	27
1	8884445	12	41
1	8932662	13	41
1	8942427	12	32
1	8953736	11	42
1	8988935	17	28
1	8991688	9	31
1	8994351	17	35
1	8995455	14	26
1	9006993	19	25
1	9030337	12	34
1	9037085	5	41
1	9121150	17	32
1	9184920	16	27
1	9185985	16	39
1	9190053	14	33
1	9205803	9	27
1	9225688	14	25
1	9234942	11	31
1	9237852	19	24
1	9251473	15	47
1	9253652	19	23
1	9265454	16	28
1	9288710	16	25
1	9307311	15	21
1	9314462	21	25
1	9344030	17	32
1	9353927	9	40
1	9370246	14	21
1	9398587	9	23
1	9402122	17	23
1	9404734	13	31
1	9413156	16	26
1	9413248	7	18
1	9423904	21	21
1	9449857	15	25
1	9551829	15	36
1	9559259	11	32
1	9586462	13	23
1	9592576	16	38
1	9607412	13	26
1	9611503	10	29
1	9612160	13	25
1	9616157	19	27
1	9684052	26	26
1	9687235	17	27
1	9731351	17	23
1	9741056	19	20
1	9756352	12	23
1	9780397	13	29
1	9780804	13	24
1	9808277	18	30
1	9808665	13	34
1	9815938	10	34
1	9827927	21	27
1	9882770	13	27
1	9922647	14	26
1	9937323	15	28
1	10003664	15	27
1	10041937	9	32
1	10052951	14	33
1	10075721	20	31
1	10078209	12	33
1	10093335	20	21
1	10098850	16	30
1	10140102	18	23
1	10141781	17	21
1	10172938	9	33
1	10173579	5	28
1	10226153	15	37
1	10228250	21	28
1	10243603	14	24
1	10265874	16	38
1	10273215	8	29
1	10341081	19	19
1	10375174	11	34
1	10375626	14	34
1	10385420	27	18
1	10385528	11	24
1	10405407	8	31
1	10417974	22	24
1	10425940	10	29
1	10439781	7	30
1	10455061	16	31
1	10465741	13	25
1	10476929	15	27
1	10484690	24	32
1	10518720	9	30
1	10525682	8	35
1	10532611	14	30
1	10551760	22	31
1	10583170	14	30
1	10588857	11	41
1	10619164	10	34
1	10636541	21	26
1	10643353	14	32
1	10687333	8	39
1	10690206	15	32
1	10705480	22	25
1	10711088	12	37
1	10719882	20	31
1	10732349	14	36
1	10734752	15	29
1	10738139	14	23
1	10755960	22	31
1	10762812	9	45
1	10786676	16	32
1	10794019	18	29
1	10827743	16	35
1	10844559	9	27
1	10859709	13	35
1	10882363	12	31
1	10972709	13	33
1	10974935	20	31
1	10994723	17	26
1	11020299	13	31
1	11037062	7	41
1	11043000	12	24
1	11106230	18	31
1	11116352	15	29
1	11118104	6	22
1	11124818	13	27
1	11130883	17	24
1	11137397	15	40
1	11143670	5	31
1	11146106	11	39
1	11153321	22	27
1	11234628	15	36
1	11297762	10	32
1	11309302	17	29
1	11331155	11	31
1	11339225	14	34
1	11375010	17	30
1	11402139	13	30
1	11499659	13	35
1	11602501	15	21
1	11623978	11	28
1	11627826	17	31
1	11629394	18	38
1	11656309	28	25
1	11662948	14	47
1	11675630	16	30
1	11692101	11	35
1	11793851	23	29
1	11806735	23	31
1	11824332	8	25
1	11874427	18	27
1	11877028	12	28
1	11884507	10	29
1	11889474	18	32
1	11912794	14	37
1	11913803	21	27
1	11943698	14	40
1	11959888	17	26
1	12007771	9	27
1	12027470	8	24
1	12100647	9	38
1	12119753	9	29
1	12119795	12	20
1	12128113	17	39
1	12193550	13	41
1	12196127	16	25
1	12203392	22	21
1	12213703	18	27
1	12231311	14	36
1	12247361	7	31
1	12252809	16	28
1	12262962	24	32
1	12264284	14	17
1	12277776	13	42
1	12290384	13	28
1	12314972	15	30
1	12331280	8	32
1	12333538	8	39
1	12339302	20	24
1	12341718	12	24
1	12369233	16	36
1	12421137	15	37
1	12423091	11	42
1	12480265	12	30
1	12484431	11	29
1	12498112	16	38
1	12504069	12	30
1	12521729	10	26
1	12523725	12	37
1	12558626	12	31
1	12563485	19	41
1	12569270	12	26
1	12572249	24	26
1	12600139	20	17
1	12664410	15	30
1	12667290	17	28
1	12699645	26	24
1	12714172	17	27
1	12773826	7	38
1	12790157	18	35
1	12796571	25	20
1	12810675	15	24
1	12919614	16	31
1	12961247	16	33
1	12968196	9	32
1	12998819	7	30
1	13061378	6	34
1	13069222	13	26
1	13073573	12	31
1	13076913	10	23
1	13098529	28	16
1	13128443	22	20
1	13137968	11	29
1	13143488	15	48
1	13197492	10	28
1	13242556	6	34
1	13265972	11	36
1	13268372	13	30
1	13269408	13	23
1	13277891	20	26
1	13306801	10	22
1	13361431	13	42
1	13374896	10	31
1	13378624	11	24
1	13384468	14	30
1	13398511	23	20
1	13401204	23	26
1	13419213	14	41
1	13419403	19	33
1	13431856	18	27
1	13432883	12	30
1	13458164	10	42
1	13464504	19	22
1	13485644	18	30
1	13487845	20	35
1	13499761	24	19
1	13512000	8	39
1	13518936	13	46
1	13533813	10	32
1	13559516	18	30
1	13584330	20	33
1	13588632	16	28
1	13591554	14	23
1	13599417	17	26
1	13645498	14	31
1	13656904	19	25
1	13667521	17	24
1	13673695	11	41
1	13679598	18	19
1	13820765	15	23
1	13852810	21	34
1	13867609	17	21
1	13869151	15	29
1	13899523	9	32
1	13966573	18	38
1	13990879	25	30
1	13993143	16	23
1	13999421	14	26
1	14003123	13	25
1	14006378	14	38
1	14029282	18	42
1	14051076	13	33
1	14059587	8	33
1	14085110	11	26
1	14095608	13	32
1	14109834	5	37
1	14118868	19	21
1	14149554	14	21
1	14162634	17	31
1	14174214	16	32
1	14174297	10	31
1	14185527	10	34
1	14198684	14	34
1	14207640	10	24
1	14251588	15	32
1	14276334	14	24
1	14277337	21	25
1	14300940	14	28
1	14306371	10	30
1	14325063	10	31
1	14354420	15	31
1	14355361	10	29
1	14384053	11	33
1	14399537	11	38
1	14401140	15	31
1	14414401	20	24
1	14432100	16	15
1	14469306	13	37
1	14475900	17	25
1	14476433	14	29
1	14498471	18	28
1	14555172	13	21
1	14571337	12	35
1	14578724	11	39
1	14579813	21	27
1	14589494	7	32
1	14608137	10	31
1	14643473	10	32
1	14645829	18	33
1	14658131	30	27
1	14674612	13	38
1	14689463	9	23
1	14698907	21	25
1	14699624	18	27
1	14723534	22	30
1	14729945	26	24
1	14744226	12	32
1	14767472	20	24
1	14784218	7	28
1	14787526	20	30
1	14792839	19	26
1	14807829	21	23
1	14811730	23	31
1	14812132	20	30
1	14848230	23	37
1	14857901	20	25
1	14877404	16	20
1	14968402	13	29
1	15017327	16	31
1	15019104	8	32
1	15021795	21	21
1	15023603	11	29
1	15036846	26	31
1	15063629	15	18
1	15069176	14	28
1	15077512	11	30
1	15154645	19	22
1	15168732	9	37
1	15185809	12	28
1	15217466	11	34
1	15247029	12	25
1	15263315	16	20
1	15324734	22	38
1	15370889	11	44
1	15374735	16	38
1	15408215	20	29
1	15452885	3	38
1	15457129	13	35
1	15468949	10	26
1	15470990	19	30
1	15472161	17	28
1	15492485	8	39
1	15500636	19	31
1	15518906	5	33
1	15576181	14	23
1	15594981	21	17
1	15600977	15	32
1	15617532	22	32
1	15638457	21	30
1	15659226	11	34
1	15679973	11	39
1	15683749	20	24
1	15715533	17	35
1	15773024	22	31
1	15773599	6	30
1	15783404	17	26
1	15789986	14	33
1	15800350	19	25
1	15819460	12	44
1	15864800	11	20
1	15875579	11	25
1	15944053	14	37
1	15944079	14	30
1	15946545	9	17
1	15971671	21	26
1	15976027	15	34
1	16039264	7	27
1	16060320	21	24
1	16081802	25	36
1	16096178	10	36
1	16101750	18	20
1	16102012	17	26
1	16114084	17	35
1	16150024	12	38
1	16152574	15	31
1	16182444	14	31
1	16194536	16	32
1	16207136	8	43
1	16228058	17	36
1	16292903	17	23
1	16295079	15	33
1	16297191	17	29
1	16314770	17	29
1	16366779	21	30
1	16433267	14	29
1	16440690	12	34
1	16480007	4	34
1	16498074	8	37
1	16499205	19	28
1	16535531	15	44
1	16561937	21	27
1	16563770	16	34
1	16618215	19	23
1	16629555	17	22
1	16639721	10	24
1	16653150	9	22
1	16661442	12	20
1	16663226	11	28
1	16722257	16	24
1	16733182	7	34
1	16738614	18	37
1	16820232	11	25
1	16822841	12	29
1	16837144	23	22
1	16840178	12	30
1	16867946	10	33
1	16899080	17	25
1	16949399	21	24
1	16959409	11	28
1	17006335	16	42
1	17017094	10	32
1	17021825	13	29
1	17027935	6	37
1	17031256	19	33
1	17059950	19	27
1	17078900	9	37
1	17099952	17	28
1	17102991	7	33
1	17158773	20	19
1	17183819	18	39
1	17190442	21	19
1	17196944	15	26
1	17208083	16	20
1	17215903	14	30
1	17234081	13	40
1	17238105	11	33
1	17254206	14	19
1	17256855	20	23
1	17258042	23	32
1	17320678	20	31
1	17325369	9	38
1	17351522	19	29
1	17410208	11	34
1	17428401	15	30
1	17466169	5	26
1	17532752	5	40
1	17534780	13	26
1	17570996	17	27
1	17578744	10	40
1	17584256	18	27
1	17586353	12	37
1	17595133	11	31
1	17621518	16	25
1	17635048	11	38
1	17643398	21	25
1	17671306	9	37
1	17686418	20	28
1	17709052	19	24
1	17714108	12	26
1	17729040	17	35
1	17739316	13	33
1	17745678	11	34
1	17757119	12	26
1	17786721	10	32
1	17797983	12	33
1	17809033	15	35
1	17817860	15	32
1	17828551	7	33
1	17829057	16	29
1	17838973	13	34
1	17861912	12	59
1	17882315	24	23
1	17897067	21	34
1	17905898	21	23
1	17924090	16	31
1	17941717	12	32
1	17955032	24	35
1	17964565	14	39
1	17974612	18	25
1	17996320	15	29
1	18013882	22	22
1	18109860	14	31
1	18144076	15	26
1	18174676	13	37
1	18178674	11	24
1	18227606	9	41
1	18293377	14	35
1	18352779	15	26
1	18360039	15	25
1	18389010	12	31
1	18395214	11	27
1	18400009	11	32
1	18422724	14	41
1	18430771	11	40
1	18440368	14	32
1	18461071	26	23
1	18479213	22	36
1	18484482	16	30
1	18486683	15	31
1	18526325	12	42
1	18559532	7	41
1	18565573	10	19
1	18575284	11	27
1	18585561	17	27
1	18586025	14	29
1	18594987	15	34
1	18620120	11	27
1	18656584	11	36
1	18659436	17	30
1	18684300	16	39
1	18707904	21	25
1	18729727	18	31
1	18767581	15	37
1	18770794	17	25
1	18865068	16	33
1	18870294	10	37
1	18883240	17	39
1	18890420	20	25
1	18947752	22	43
1	18954910	7	40
1	18964012	7	36
1	18976386	7	38
1	18986899	19	46
1	19016804	14	25
1	19047325	9	29
1	19054478	12	32
1	19064502	17	21
1	19068397	17	30
1	19118903	22	22
1	19122595	26	24
1	19164645	17	40
1	19166871	10	41
1	19167727	18	22
1	19179614	13	34
1	19240228	10	38
1	19284188	21	24
1	19296727	17	23
1	19302642	15	27
1	19330967	11	33
1	19345876	24	35
1	19443495	20	35
1	19474427	12	24
1	19495925	10	35
1	19502164	24	20
1	19503549	10	33
1	19504883	15	36
1	19532266	11	26
1	19573279	14	30
1	19594775	14	24
1	19598915	18	29
1	19669837	9	28
1	19695922	14	34
1	19750110	23	35
1	19762949	12	24
1	19764221	22	31
1	19784561	9	19
1	19810464	16	23
1	19818862	15	24
1	19828009	16	25
1	19833104	6	39
1	19870387	8	30
1	19891372	12	35
1	19894586	14	24
1	19895520	15	28
1	19925735	12	27
1	19925771	16	37
1	19935224	15	32
1	19972032	15	20
1	19980397	28	32
1	20026046	19	31
1	20080958	6	28
1	20110204	21	33
1	20160458	27	22
1	20163619	12	28
1	20251939	14	31
1	20324291	19	30
1	20330287	11	27
1	20357613	13	32
1	20358713	13	40
1	20388192	13	32
1	20409857	19	36
1	20426397	11	27
1	20427700	19	35
1	20496947	10	39
1	20530998	16	37
1	20538721	16	36
1	20594281	9	32
1	20624524	8	30
1	20654446	11	34
1	20656344	11	27
1	20668270	16	34
1	20682601	13	31
1	20683555	9	31
1	20694876	21	30
1	20735232	14	36
1	20757504	13	36
1	20764181	24	23
1	20775413	14	39
1	20807130	13	35
1	20838473	20	39
1	20846083	15	32
1	20850758	10	33
1	20850955	20	22
1	20870738	12	31
1	20879543	19	27
1	20882659	12	23
1	20883523	13	21
1	20899610	17	32
1	20918127	15	27
1	20944701	18	26
1	20947914	9	21
1	20988948	8	36
1	21018252	18	32
1	21021756	10	29
1	21028250	4	25
1	21069292	8	28
1	21091452	13	28
1	21102685	14	40
1	21106117	14	35
1	21137964	11	22
1	21170107	15	39
1	21185034	16	29
1	21188553	17	30
1	21229446	12	24
1	21230490	24	23
1	21266000	11	23
1	21321809	18	26
1	21342042	19	23
1	21404942	14	36
1	21417820	15	30
1	21457002	18	42
1	21490514	14	25
1	21498513	11	31
1	21505809	8	29
1	21552821	20	33
1	21584170	21	32
1	21589190	18	25
1	21616210	15	16
1	21624765	10	30
1	21637925	16	28
1	21648664	15	40
1	21659558	18	27
1	21673836	13	25
1	21678834	20	17
1	21689670	8	37
1	21701912	15	34
1	21738287	9	23
1	21759823	14	26
1	21820328	25	18
1	21828458	4	45
1	21842795	21	30
1	21848059	17	39
1	21849555	11	39
1	21857132	19	27
1	21898129	19	24
1	21906436	13	34
1	21922740	12	22
1	21942660	18	26
1	21943485	11	34
1	21945350	14	29
1	21997967	15	30
1	22008567	12	19
1	22020197	11	29
1	22021320	8	33
1	22046713	21	20
1	22148539	17	28
1	22174968	14	30
1	22202090	12	28
1	22212724	12	27
1	22237782	9	40
1	22260475	9	41
1	22326251	16	35
1	22335757	18	32
1	22357707	16	26
1	22413151	7	37
1	22460969	11	28
1	22484500	17	30
1	22498312	13	40
1	22523177	15	25
1	22525835	15	24
1	22527674	11	32
1	22538990	17	28
1	22545129	22	22
1	22546477	14	39
1	22582413	15	30
1	22592786	16	29
1	22603314	8	32
1	22615891	15	35
1	22640618	11	36
1	22658602	16	31
1	22673853	8	27
1	22677123	11	36
1	22689518	22	25
1	22707558	13	33
1	22739744	7	38
1	22793087	22	33
1	22803439	12	35
1	22814145	16	38
1	22814364	15	33
1	22818172	22	26
1	22820376	9	32
1	22879261	16	36
1	22904160	16	30
1	22918453	15	29
1	22940027	9	42
1	22943704	22	33
1	22963052	8	36
1	22979492	17	27
1	23000486	19	24
1	23004836	12	33
1	23022619	16	32
1	23124328	17	39
1	23133027	12	26
1	23136586	11	41
1	23215323	16	31
1	23268020	19	26
1	23275881	10	24
1	23280957	15	33
1	23361954	17	22
1	23362236	22	27
1	23366643	13	25
1	23401257	13	39
1	23406590	15	33
1	23434998	13	28
1	23440002	18	32
1	23444120	17	30
1	23464963	10	32
1	23491812	18	37
1	23494060	24	28
1	23509792	26	23
1	23562787	16	41
1	23564112	13	31
1	23571002	18	25
1	23580899	13	38
1	23587913	20	17
1	23625529	15	25
1	23641017	14	34
1	23650117	15	30
1	23650222	10	35
1	23682683	18	27
1	23689334	13	31
1	23703414	17	35
1	23734579	18	24
1	23741236	9	47
1	23746763	9	36
1	23757419	17	28
1	23830218	19	27
1	23841972	15	34
1	23846328	14	36
1	23852382	10	21
1	23875557	10	32
1	23923448	7	36
1	23931724	8	38
1	23956578	22	28
1	23958883	15	29
1	23981784	13	42
1	23991258	15	33
1	24041255	8	26
1	24053499	25	20
1	24089972	13	31
1	24097872	12	29
1	24119406	8	24
1	24148106	13	27
1	24153250	10	30
1	24154188	13	20
1	24168823	21	30
1	24187140	9	39
1	24204124	21	25
1	24217558	14	20
1	24226644	12	30
1	24238385	13	35
1	24250559	13	25
1	24255127	13	33
1	24277669	12	32
1	24289496	15	27
1	24340516	4	38
1	24344686	11	36
1	24392842	13	36
1	24402636	17	21
1	24407034	11	29
1	24415399	15	37
1	24443377	20	31
1	24455034	12	20
1	24464008	18	26
1	24493753	3	28
1	24501481	29	24
1	24555802	20	36
1	24572109	16	32
1	24587112	18	24
1	24611984	16	25
1	24644124	13	27
1	24673810	13	28
1	24691535	21	38
1	24692956	8	42
1	24699344	19	28
1	24726597	13	33
1	24732509	15	22
1	24759395	22	28
1	24926677	10	27
1	24932337	6	32
1	24960069	15	34
1	25000998	10	32
1	25041981	9	41
1	25084570	14	39
1	25132968	19	32
1	25134534	9	29
1	25169634	25	39
1	25170488	10	34
1	25195446	8	36
1	25220309	13	33
1	25230325	22	24
1	25238477	18	32
1	25239816	11	33
1	25261663	10	29
1	25270024	12	24
1	25299862	15	30
1	25309610	22	32
1	25326809	20	28
1	25347387	15	42
1	25364361	20	32
1	25376998	19	38
1	25384467	6	29
1	25437923	13	26
1	25439504	13	29
1	25464367	24	30
1	25495312	15	27
1	25503571	15	26
1	25510549	18	23
1	25542584	15	25
1	25550105	26	29
1	25552755	17	26
1	25572345	9	22
1	25585470	23	41
1	25631651	24	27
1	25641595	11	42
1	25676908	14	18
1	25709358	6	26
1	25722121	15	32
1	25725386	14	35
1	25744091	19	29
1	25771829	7	35
1	25786414	12	24
1	25787623	21	31
1	25802452	4	27
1	25810469	15	26
1	25851547	13	30
1	25882762	13	41
1	25895774	17	33
1	25939492	7	32
1	25947823	14	22
1	25954894	9	37
1	25973163	8	33
1	26102153	24	24
1	26115075	16	26
1	26131711	11	41
1	26155690	15	25
1	26164358	17	31
1	26191547	22	38
1	26202537	9	25
1	26237573	21	39
1	26248208	21	24
1	26248597	17	43
1	26256863	13	30
1	26291463	12	30
1	26315163	8	19
1	26358027	14	29
1	26387583	11	20
1	26389568	21	20
1	26397835	20	34
1	26401726	16	30
1	26415240	21	26
1	26449403	11	40
1	26477623	8	28
1	26479260	11	28
1	26523832	15	31
1	26554162	18	25
1	26557147	7	32
1	26617297	15	23
1	26642415	5	37
1	26661505	13	43
1	26691422	17	30
1	26754740	23	21
1	26769187	9	28
1	26777600	13	30
1	26815264	12	32
1	26825309	11	28
1	26837694	8	30
1	26863522	14	32
1	26962571	10	41
1	26974882	9	27
1	26975480	11	28
1	27008577	13	21
1	27069986	20	29
1	27078711	17	29
1	27099792	21	32
1	27114516	24	24
1	27120741	16	25
1	27125137	13	25
1	27125886	16	32
1	27159786	14	24
1	27163040	14	33
1	27169210	9	32
1	27209023	13	41
1	27221587	10	31
1	27233896	18	15
1	27239699	11	43
1	27243132	17	26
1	27249679	15	27
1	27267360	15	38
1	27366054	8	28
1	27399091	14	34
1	27402136	23	34
1	27413385	11	35
1	27445625	17	31
1	27474621	17	27
1	27483384	15	42
1	27506369	12	33
1	27506471	13	34
1	27527319	13	36
1	27575115	9	40
1	27616457	12	21
1	27627161	11	28
1	27630869	10	34
1	27656210	8	24
1	27661754	20	23
1	27662468	15	43
1	27680838	13	37
1	27680858	12	31
1	27685746	18	24
1	27705588	17	30
1	27733496	12	37
1	27751587	12	29
1	27784328	12	24
1	27798649	13	31
1	27803959	8	29
1	27851337	12	28
1	27852108	14	44
1	27886965	22	28
1	27895442	21	22
1	27924928	16	28
1	27932278	16	26
1	27953498	19	37
1	27986011	10	28
1	28005638	16	29
1	28010257	16	30
1	28024076	19	19
1	28030868	16	20
1	28048063	9	15
1	28073726	15	38
1	28089379	10	24
1	28100926	17	28
1	28107221	13	30
1	28118684	12	21
1	28166358	21	29
1	28186809	19	29
1	28209392	17	30
1	28217299	4	27
1	28218850	17	36
1	28241818	8	35
1	28258577	15	33
1	28273632	16	34
1	28306719	15	27
1	28313818	21	29
1	28349449	19	32
1	28363644	16	27
1	28412061	11	35
1	28436232	22	31
1	28436457	13	32
1	28437547	23	25
1	28445289	12	29
1	28457441	17	31
1	28521446	16	26
1	28524928	8	31
1	28525219	14	29
1	28525590	6	25
1	28526651	17	31
1	28557052	24	27
1	28565280	25	31
1	28584305	21	30
1	28585277	22	23
1	28594857	13	29
1	28645516	8	26
1	28650415	14	40
1	28650957	19	19
1	28666432	13	30
1	28686792	9	29
1	28695277	9	35
1	28720539	11	35
1	28744788	19	20
1	28750831	13	34
1	28773157	23	30
1	28792357	10	29
1	28833960	18	36
1	28835608	17	31
1	28852295	14	27
1	28860025	8	38
1	28879505	17	24
1	28896456	12	28
1	28905831	24	25
1	28971427	10	44
1	28993987	13	22
1	29015803	18	21
1	29020195	8	31
1	29036551	12	27
1	29044819	8	34
1	29053217	22	37
1	29054161	8	28
1	29168772	15	25
1	29190198	13	31
1	29213350	24	27
1	29232221	7	23
1	29240589	12	28
1	29242280	17	34
1	29242634	15	43
1	29280889	9	29
1	29298156	18	31
1	29305709	24	28
1	29359793	14	30
1	29426293	14	31
1	29428531	16	26
1	29452439	13	30
1	29495547	12	48
1	29514281	17	40
1	29530030	15	29
1	29534095	17	22
1	29557926	2	35
1	29602360	16	32
1	29606270	12	37
1	29637961	17	27
1	29676852	14	32
1	29688402	13	28
1	29711336	11	30
1	29723373	22	36
1	29734339	17	31
1	29737082	24	27
1	29765603	22	32
1	29792069	11	33
1	29800624	9	24
1	29810877	21	32
1	29857575	15	35
1	29862268	16	34
1	29870896	6	22
1	29871900	16	35
1	29885131	16	35
1	29893547	18	32
1	29913655	21	22
1	29929876	20	31
1	29938085	16	25
1	30013677	19	25
1	30030426	16	34
1	30052396	18	24
1	30093589	15	29
1	30125633	11	34
1	30131558	12	35
1	30173397	10	27
1	30179632	12	25
1	30244595	20	28
1	30308337	14	29
1	30318938	17	15
1	30338625	18	26
1	30381545	9	28
1	30414235	15	43
1	30456836	14	23
1	30482650	15	28
1	30485419	24	27
1	30487888	15	26
1	30490155	8	33
1	30503196	14	28
1	30563322	24	24
1	30575701	17	26
1	30600308	5	29
1	30601823	15	23
1	30605059	13	27
1	30610595	13	47
1	30616686	15	25
1	30619762	9	35
1	30640430	22	22
1	30655052	19	23
1	30681504	15	25
1	30710352	21	35
1	30723862	9	38
1	30777935	20	40
1	30782007	12	24
1	30792074	19	10
1	30806110	23	34
1	30813397	12	35
1	30819484	15	30
1	30838593	12	40
1	30840682	12	27
1	30841228	24	29
1	30842760	9	29
1	30862830	18	27
1	30957699	16	25
1	30960561	19	42
1	30973237	21	24
1	30983101	12	40
1	30983583	15	27
1	30988978	9	28
1	31000821	14	21
1	31004683	7	33
1	31017752	13	36
1	31062296	18	25
1	31110463	17	21
1	31120358	17	33
1	31173243	15	34
1	31207116	16	33
1	31233246	20	18
1	31236802	17	40
1	31247957	14	42
1	31268536	6	36
1	31286499	14	30
1	31287546	15	29
1	31316202	14	25
1	31318366	10	31
1	31383968	12	32
1	31388648	18	34
1	31391614	18	19
1	31406676	8	34
1	31519900	10	32
1	31531618	10	34
1	31589090	7	33
1	31614085	20	20
1	31626978	7	43
1	31637637	15	17
1	31723824	10	35
1	31755851	21	21
1	31784122	23	23
1	31812196	21	29
1	31873710	13	38
1	31916411	25	24
1	31967714	12	35
1	31973706	21	33
1	32026433	19	37
1	32056837	22	24
1	32080982	12	31
1	32089694	22	23
1	32093601	13	34
1	32110355	17	23
1	32165579	12	40
1	32177294	15	32
1	32225860	16	21
1	32230487	9	37
1	32321927	4	40
1	32327909	24	24
1	32375558	14	28
1	32451618	13	38
1	32494464	8	38
1	32496315	14	25
1	32510431	13	36
1	32536180	10	36
1	32546656	10	33
1	32568377	12	31
1	32635852	11	24
1	32645642	21	25
1	32670032	20	34
1	32689695	11	24
1	32696641	15	38
1	32698903	21	32
1	32754567	10	26
1	32759482	10	33
1	32783906	13	33
1	32815578	9	36
1	32817302	14	31
1	32828413	12	38
1	32891805	14	30
1	32904564	7	31
1	32965596	23	30
1	32976904	17	20
1	33008207	5	27
1	33018981	17	18
1	33044929	8	26
1	33058660	13	38
1	33059513	11	41
1	33074542	8	35
1	33076906	13	38
1	33092151	22	46
1	33104156	11	36
1	33117463	13	23
1	33117888	7	34
1	33158471	22	43
1	33159602	18	30
1	33164620	17	25
1	33199935	18	34
1	33208496	12	33
1	33221185	15	34
1	33229181	17	28
1	33288024	8	34
1	33390920	20	29
1	33393877	10	39
1	33440519	16	24
1	33449400	21	20
1	33465907	12	25
1	33467161	12	35
1	33480568	17	26
1	33500740	7	23
1	33517545	10	27
1	33534604	16	33
1	33557703	14	30
1	33561498	20	28
1	33575585	19	34
1	33593533	20	30
1	33631348	14	24
1	33638284	12	29
1	33652026	11	29
1	33657488	17	30
1	33668922	16	21
1	33683666	18	22
1	33735925	17	30
1	33748120	10	35
1	33794778	10	26
1	33809871	19	20
1	33823358	15	34
1	33837541	15	34
1	33918994	19	25
1	33922671	17	22
1	33923670	12	25
1	33951799	25	25
1	33972446	23	31
1	33974270	13	32
1	33976524	11	36
1	34002532	13	30
1	34011689	19	27
1	34023040	19	38
1	34044620	9	37
1	34049229	35	18
1	34057973	16	30
1	34065979	13	22
1	34067473	9	35
1	34141688	18	30
1	34163716	19	28
1	34176035	18	37
1	34187999	11	39
1	34208975	22	25
1	34227834	17	26
1	34245380	16	27
1	34265379	24	25
1	34267644	11	31
1	34293388	6	33
1	34294219	19	29
1	34319604	18	35
1	34341946	18	34
1	34397191	17	27
1	34397765	9	35
1	34400818	10	27
1	34453947	7	39
1	34465639	16	31
1	34479013	30	21
1	34560450	14	27
1	34575240	26	31
1	34631608	8	33
1	34646137	18	28
1	34653837	16	19
1	34671150	21	33
1	34673634	18	34
1	34698180	18	25
1	34714385	9	23
1	34734264	11	28
1	34741847	14	36
1	34750188	11	24
1	34764885	24	30
1	34811146	21	31
1	34938704	19	31
1	34971789	6	29
1	34974710	12	37
1	35030475	18	28
1	35040169	16	33
1	35050149	18	23
1	35074093	11	26
1	35113371	15	25
1	35137347	12	38
1	35139625	16	20
1	35148236	15	26
1	35150937	12	33
1	35178182	18	23
1	35202542	13	30
1	35212324	6	31
1	35224863	18	32
1	35225870	24	32
1	35237989	12	27
1	35244456	10	33
1	35248063	9	34
1	35256239	8	31
1	35272489	21	35
1	35289378	9	34
1	35323930	14	37
1	35328052	14	25
1	35351158	14	22
1	35399518	9	28
1	35400760	5	24
1	35404210	17	29
1	35433267	15	24
1	35457338	13	24
1	35483232	10	23
1	35485916	12	45
1	35514510	17	33
1	35518027	10	36
1	35566792	19	29
1	35583823	17	26
1	35657358	10	31
1	35681058	16	39
1	35714841	16	29
1	35716837	17	43
1	35717834	18	30
1	35763325	12	31
1	35824146	12	20
1	35824509	9	19
1	35825305	12	37
1	35832567	27	25
1	35852085	14	38
1	35857731	22	28
1	35862301	12	39
1	35869653	17	35
1	35902160	15	25
1	35905072	21	27
1	35906782	12	25
1	35939523	17	42
1	35968326	5	31
1	36030782	14	22
1	36031723	18	27
1	36050151	15	31
1	36074186	19	25
1	36081557	16	43
1	36132223	14	27
1	36143498	15	30
1	36178641	17	33
1	36187916	21	22
1	36225764	18	22
1	36239780	11	31
1	36287888	18	37
1	36290359	24	34
1	36319194	13	42
1	36346910	23	34
1	36353580	9	27
1	36371773	23	37
1	36374228	5	33
1	36387147	18	28
1	36398043	15	29
1	36407639	16	25
1	36425492	14	29
1	36429075	9	39
1	36436934	23	21
1	36482480	19	46
1	36498114	18	36
1	36516408	19	37
1	36557284	11	42
1	36561785	28	37
1	36574130	18	26
1	36587554	19	31
1	36592375	11	27
1	36605819	14	29
1	36625018	3	44
1	36632184	3	30
1	36658231	11	32
1	36664877	25	36
1	36742183	23	32
1	36785256	12	34
1	36799395	17	27
1	36807301	15	33
1	36846242	19	24
1	36878564	18	37
1	36883950	17	21
1	36904660	19	29
1	36921634	19	34
1	36936684	18	28
1	36951291	26	26
1	36984133	10	43
1	36998816	12	24
1	37013094	18	31
1	37036035	7	44
1	37039538	11	28
1	37071094	18	19
1	37072589	13	32
1	37082864	22	38
1	37085823	14	44
1	37091009	13	32
1	37126016	9	29
1	37134968	18	22
1	37143419	15	28
1	37147276	21	21
1	37185425	5	34
1	37212412	11	19
1	37224707	17	25
1	37237793	15	36
1	37241202	19	29
1	37241585	15	28
1	37274657	21	23
1	37277714	13	27
1	37287103	15	31
1	37299334	14	32
1	37306225	13	34
1	37333844	19	27
1	37338556	10	48
1	37351885	14	17
1	37368328	13	26
1	37426011	6	34
1	37427082	14	36
1	37448541	6	27
1	37448774	11	19
1	37463054	12	27
1	37518412	15	34
1	37532585	11	32
1	37590094	20	38
1	37610317	17	29
1	37615296	21	38
1	37621954	15	31
1	37634554	21	33
1	37647390	19	26
1	37678756	17	30
1	37679858	16	27
1	37682086	19	26
1	37693537	18	31
1	37702843	16	32
1	37715665	7	26
1	37768509	15	36
1	37777206	17	35
1	37788976	14	24
1	37792479	16	29
1	37834893	17	31
1	37845114	7	31
1	37866054	21	22
1	37868356	20	27
1	37897998	9	30
1	37922710	7	28
1	37972178	11	23
1	37983973	18	22
1	38025880	14	31
1	38030341	18	25
1	38069195	8	37
1	38089945	18	29
1	38143817	13	28
1	38191587	15	32
1	38196200	11	18
1	38250768	22	29
1	38263129	24	28
1	38302302	16	17
1	38314600	12	41
1	38336463	22	32
1	38352601	18	23
1	38358616	17	28
1	38359367	15	25
1	38381241	10	37
1	38389510	14	35
1	38475682	12	35
1	38477061	20	30
1	38520679	13	34
1	38538055	15	26
1	38547734	16	31
1	38548472	16	25
1	38594354	9	39
1	38644784	13	34
1	38657739	17	34
1	38679840	19	44
1	38717616	12	24
1	38724460	13	29
1	38733702	9	35
1	38735492	7	40
1	38741223	17	19
1	38743243	10	46
1	38746705	23	32
1	38747513	11	30
1	38750907	19	18
1	38856386	12	38
1	38861921	19	19
1	38873520	10	38
1	38877541	19	24
1	38883790	24	28
1	38899618	26	25
1	38900229	15	28
1	38918590	12	34
1	38919004	24	32
1	38921146	10	31
1	38938160	16	17
1	38970726	23	20
1	39018197	20	22
1	39047780	21	31
1	39055797	17	30
1	39058781	15	27
1	39101705	11	33
1	39118136	10	28
1	39179963	19	37
1	39223075	10	26
1	39233266	13	22
1	39280960	7	26
1	39299909	20	21
1	39311025	9	28
1	39321020	12	39
1	39339050	11	35
1	39368896	8	32
1	39374101	21	32
1	39386447	21	30
1	39389893	19	27
1	39423069	11	35
1	39427844	17	27
1	39435147	11	28
1	39465614	21	25
1	39482516	9	18
1	39486276	14	29
1	39534704	10	32
1	39535203	6	20
1	39539261	18	33
1	39558071	17	24
1	39560352	14	33
1	39591068	9	25
1	39593005	16	26
1	39609673	2	24
1	39612527	17	27
1	39617871	6	49
1	39630426	11	35
1	39678145	22	25
1	39707086	18	26
1	39710327	8	34
1	39731274	12	30
1	39734718	19	26
1	39735497	16	31
1	39777736	16	30
1	39783132	15	39
1	39786217	11	26
1	39791377	15	30
1	39799666	24	35
1	39809649	12	38
1	39819005	21	43
1	39822799	13	35
1	39898748	8	35
1	39922645	17	21
1	39926000	14	29
1	39945139	10	26
1	39952104	15	31
1	40001482	22	24
1	40008886	11	31
1	40018300	18	28
1	40031792	17	36
1	40050614	14	23
1	40056958	20	27
1	40080641	12	33
1	40116894	7	29
1	40123166	6	26
1	40135635	9	29
1	40187597	9	27
1	40199374	18	37
1	40207368	11	27
1	40213828	16	30
1	40230184	16	27
1	40251876	21	29
1	40252826	11	35
1	40308990	10	26
1	40374846	18	12
1	40382751	10	47
1	40405008	15	19
1	40407871	24	32
1	40421916	18	33
1	40436388	10	36
1	40443944	15	25
1	40459718	21	27
1	40485926	13	34
1	40508189	6	34
1	40522759	12	21
1	40582649	13	27
1	40599265	15	23
1	40604451	20	20
1	40610780	13	31
1	40616615	23	34
1	40626441	14	36
1	40632306	14	41
1	40685140	13	20
1	40687456	18	47
1	40690859	17	31
1	40727087	18	26
1	40730940	13	32
1	40737716	10	34
1	40787277	19	34
1	40788133	17	36
1	40789565	14	31
1	40798014	10	33
1	40800524	15	33
1	40814566	20	21
1	40852688	23	22
1	40856590	16	24
1	40876469	11	30
1	40882104	19	35
1	40909533	10	36
1	40918081	18	29
1	40920257	25	29
1	40933149	17	39
1	40940398	13	29
1	40943448	18	42
1	40944115	11	31
1	40954094	17	26
1	40957006	15	23
1	40973765	23	28
1	41018933	15	26
1	41031603	11	31
1	41061185	10	28
1	41068988	10	31
1	41079154	17	40
1	41082980	18	33
1	41148392	13	30
1	41164880	12	22
1	41250074	16	24
1	41252474	16	24
1	41255008	16	35
1	41307187	18	24
1	41311554	9	36
1	41321705	13	30
1	41351460	18	29
1	41352094	15	33
1	41387192	15	23
1	41392000	13	23
1	41472250	9	24
1	41499029	11	37
1	41510597	13	31
1	41563761	17	37
1	41564918	13	32
1	41601663	12	35
1	41603832	22	23
1	41603985	13	37
1	41613666	20	17
1	41623228	12	36
1	41655048	18	20
1	41679609	21	29
1	41685102	16	30
1	41698101	11	29
1	41746116	16	32
1	41759181	11	35
1	41763684	11	26
1	41771846	14	25
1	41779992	16	35
1	41804223	21	32
1	41821764	11	28
1	41830825	25	21
1	41838271	12	27
1	41863762	6	34
1	41908219	11	37
1	41911284	20	26
1	41921493	20	25
1	41922646	18	31
1	41996879	10	25
1	42052347	24	23
1	42089030	18	30
1	42092299	9	34
1	42124451	11	43
1	42164332	10	30
1	42179313	15	32
1	42193950	17	29
1	42199188	15	36
1	42216734	18	29
1	42226869	16	32
1	42229904	8	30
1	42232765	12	45
1	42254485	15	32
1	42264748	15	30
1	42273525	13	23
1	42333633	11	30
1	42355557	15	24
1	42377615	11	21
1	42396497	12	25
1	42417925	13	26
1	42418710	11	35
1	42449408	11	28
1	42459143	13	38
1	42474707	22	23
1	42488644	8	35
1	42511896	23	17
1	42517399	12	32
1	42620077	15	36
1	42622762	13	22
1	42636178	20	30
1	42639691	12	28
1	42649387	13	36
1	42689745	15	41
1	42690931	14	41
1	42773049	9	28
1	42781142	13	31
1	42833860	24	20
1	42874639	13	32
1	42875792	18	30
1	42885117	17	27
1	42885384	12	24
1	42886368	14	32
1	42898633	9	38
1	42909757	20	32
1	42964096	24	30
1	42967234	14	35
1	43001011	18	21
1	43011143	15	36
1	43011270	11	21
1	43032657	12	35
1	43106092	20	22
1	43114928	15	28
1	43118184	10	33
1	43176460	17	35
1	43183525	24	25
1	43194343	15	27
1	43203365	17	29
1	43216961	9	37
1	43221153	18	29
1	43258409	11	33
1	43322031	7	38
1	43339018	7	44
1	43349401	17	27
1	43355609	21	34
1	43372502	11	22
1	43409848	7	32
1	43462664	11	34
1	43483231	17	27
1	43483960	6	48
1	43496361	14	32
1	43526317	22	29
1	43546881	15	34
1	43553440	23	26
1	43567023	14	32
1	43606597	19	24
1	43625572	18	28
1	43634353	18	32
1	43705095	13	36
1	43737197	9	30
1	43819377	4	38
1	43846661	12	24
1	43857841	9	27
1	43877426	19	22
1	43897240	18	19
1	43907805	17	36
1	43952706	21	34
1	43969160	20	43
1	43974281	20	26
1	43978874	12	25
1	43988798	15	29
1	43997178	10	29
1	44026349	16	28
1	44056362	18	26
1	44064930	15	35
1	44065678	11	31
1	44081162	14	33
1	44100028	19	27
1	44108531	14	24
1	44157355	16	28
1	44183913	7	37
1	44198078	11	31
1	44281445	18	28
1	44295299	13	21
1	44300043	11	35
1	44329975	19	22
1	44331511	16	35
1	44359930	15	33
1	44411157	9	20
1	44419139	13	43
1	44442873	18	28
1	44450451	13	35
1	44454953	11	43
1	44473533	13	36
1	44508228	13	29
1	44515469	16	37
1	44526965	19	31
1	44550449	11	41
1	44571508	15	46
1	44583349	20	20
1	44595374	8	28
1	44631531	13	28
1	44644128	14	35
1	44645465	10	42
1	44653319	5	41
1	44680452	11	31
1	44688702	19	23
1	44732288	14	31
1	44754961	14	32
1	44772647	11	38
1	44781114	18	34
1	44797630	13	27
1	44815871	16	32
1	44821792	15	34
1	44828263	12	20
1	44850657	12	30
1	44871951	12	22
1	44886404	23	26
1	44892813	13	24
1	44922671	16	24
1	44928269	19	28
1	44937805	13	32
1	44938098	23	27
1	44956967	15	39
1	45053116	18	25
1	45087688	17	34
1	45092546	22	21
1	45107564	12	39
1	45166386	6	33
1	45194352	20	31
1	45272426	13	30
1	45280887	23	31
1	45283270	12	24
1	45300140	14	34
1	45309065	20	19
1	45315520	20	28
1	45335002	15	34
1	45354929	22	30
1	45364191	20	27
1	45369211	7	32
1	45373925	20	30
1	45381990	14	27
1	45422508	22	18
1	45488128	7	34
1	45511620	17	33
1	45535527	24	35
1	45559850	24	26
1	45581414	13	31
1	45588787	19	27
1	45591792	14	24
1	45607690	12	27
1	45614454	17	28
1	45627548	17	33
1	45646964	18	16
1	45718257	11	32
1	45739933	16	31
1	45752656	13	23
1	45755821	15	26
1	45843205	12	34
1	45849581	5	28
1	45854282	18	37
1	45872405	10	29
1	45916615	23	24
1	45921272	7	31
1	45945272	10	27
1	45947965	8	19
1	45991201	16	23
1	46055021	15	27
1	46055306	15	19
1	46075021	9	34
1	46078312	12	27
1	46079267	16	32
1	46080857	13	43
1	46085007	11	29
1	46092199	14	25
1	46095913	8	38
1	46100940	21	29
1	46106005	13	25
1	46115560	14	29
1	46129869	15	36
1	46142874	13	23
1	46148661	16	29
1	46153206	10	38
1	46158498	3	26
1	46167580	13	26
1	46179247	20	27
1	46226753	9	24
1	46237378	14	27
1	46247586	20	20
1	46262099	10	25
1	46296235	23	23
1	46300307	12	46
1	46301551	15	25
1	46318754	10	32
1	46322890	12	33
1	46356485	13	31
1	46368532	19	34
1	46387956	15	25
1	46388387	21	29
1	46394211	8	31
1	46397050	18	26
1	46410543	14	34
1	46439634	20	40
1	46467208	15	25
1	46476790	14	37
1	46502549	15	28
1	46517001	16	32
1	46520509	10	38
1	46565753	12	27
1	46566328	15	39
1	46581321	23	24
1	46585712	12	39
1	46604469	14	37
1	46616960	10	29
1	46628779	12	26
1	46636971	16	24
1	46642238	17	16
1	46649081	7	35
1	46649521	16	36
1	46650691	12	36
1	46661171	13	27
1	46666217	13	33
1	46667177	15	20
1	46691071	15	26
1	46701001	13	33
1	46702157	12	25
1	46723942	12	30
1	46732142	24	37
1	46772632	14	29
1	46806653	13	38
1	46814437	18	33
1	46821151	18	32
1	46838994	22	25
1	46845931	13	28
1	46865217	12	21
1	46892541	23	28
1	46899410	18	33
1	46933078	16	25
1	46950104	11	31
1	46954012	10	41
1	46966677	23	31
1	47040954	23	24
1	47064134	11	33
1	47075167	17	24
1	47116210	10	23
1	47126036	10	33
1	47130599	11	42
1	47137060	8	29
1	47146682	13	27
1	47157632	21	21
1	47162066	12	29
1	47175161	10	35
1	47203103	14	34
1	47206147	7	27
1	47217302	17	35
1	47234857	13	24
1	47255126	24	26
1	47264813	19	38
1	47265944	21	27
1	47267234	16	33
1	47310548	10	31
1	47325070	8	31
1	47351329	26	13
1	47360392	16	32
1	47379457	13	36
1	47397798	15	37
1	47408643	25	30
1	47426325	16	29
1	47452572	16	29
1	47481865	9	22
1	47495449	21	25
1	47496190	18	30
1	47526143	17	38
1	47541263	11	36
1	47578259	13	29
1	47582723	15	26
1	47594621	7	19
1	47600322	18	27
1	47601193	21	24
1	47636640	20	35
1	47652365	22	31
1	47663762	13	26
1	47684706	10	34
1	47696454	15	30
1	47725824	23	35
1	47775329	12	27
1	47785503	19	24
1	47793167	15	26
1	47796065	16	25
1	47815342	21	32
1	47831437	19	27
1	47843579	18	27
1	47862293	18	26
1	47872666	15	35
1	47955413	21	27
1	47958915	17	30
1	47965239	23	38
1	47976396	16	25
1	48004316	12	39
1	48037871	15	31
1	48040781	10	26
1	48055921	18	24
1	48071282	11	30
1	48081583	11	35
1	48085834	14	27
1	48115733	14	29
1	48122844	13	28
1	48135103	10	27
1	48150506	10	30
1	48156241	11	29
1	48204660	15	31
1	48215240	5	28
1	48242769	12	39
1	48245088	22	16
1	48264120	8	37
1	48283267	23	25
1	48290703	17	37
1	48301535	15	28
1	48325975	18	31
1	48347960	11	28
1	48384131	7	29
1	48410678	10	31
1	48444514	12	31
1	48483981	19	26
1	48553671	18	31
1	48563330	19	22
1	48568381	19	30
1	48574253	17	34
1	48574469	19	36
1	48600346	8	29
1	48604619	20	32
1	48611807	12	28
1	48612346	17	30
1	48637886	15	25
1	48655196	10	43
1	48662972	10	35
1	48667536	11	34
1	48667949	14	26
1	48680081	16	26
1	48690883	9	44
1	48702394	14	33
1	48708920	14	34
1	48745850	16	23
1	48755330	11	32
1	48771091	12	37
1	48824380	10	39
1	48862204	13	28
1	48888613	22	25
1	48922278	17	29
1	48928196	8	39
1	48934537	11	35
1	48944517	20	25
1	48985226	16	32
1	49010614	17	34
1	49021943	10	26
1	49024608	11	38
1	49038471	8	35
1	49040970	14	32
1	49046165	20	31
1	49060074	17	31
1	49081709	16	25
1	49091878	12	39
1	49092958	18	30
1	49099149	12	27
1	49129200	21	30
1	49159222	16	34
1	49218727	13	30
1	49218949	12	38
1	49220503	17	36
1	49260495	29	32
1	49262696	13	42
1	49272954	15	45
1	49285523	14	23
1	49291807	11	37
1	49302638	8	38
1	49334391	12	25
1	49349066	6	40
1	49371395	7	35
1	49385883	16	33
1	49387955	14	36
1	49402712	21	28
1	49412260	23	21
1	49419832	10	32
1	49438905	14	34
1	49451198	19	23
1	49469451	4	36
1	49478427	17	40
1	49483260	18	37
1	49501819	18	24
1	49548146	6	29
1	49557306	9	26
1	49560040	15	40
1	49570947	13	20
1	49575555	20	31
1	49582199	14	41
1	49589599	7	34
1	49603189	19	28
1	49606970	13	41
1	49612195	18	32
1	49633119	16	37
1	49639845	9	30
1	49648630	6	26
1	49666791	16	36
1	49691471	13	34
1	49703600	15	32
1	49706923	16	23
1	49710187	14	39
1	49721039	15	28
1	49729365	15	24
1	49749451	13	33
1	49758256	13	41
1	49761222	13	29
1	49761919	20	30
1	49762957	17	31
1	49770217	13	32
1	49822985	10	35
1	49836188	15	31
1	49842182	14	42
1	49870009	7	24
1	49903723	16	27
1	49910253	16	32
1	49926593	13	25
1	49941255	15	14
1	49949758	14	38
1	49962583	13	28
1	49978293	13	28
1	49991749	23	28
1	49996676	18	28
1	50130356	13	34
1	50159065	11	35
1	50162145	14	30
1	50169599	15	37
1	50173381	13	34
1	50193503	17	33
1	50224409	20	25
1	50225959	11	39
1	50252807	14	33
1	50284543	15	31
1	50287774	11	36
1	50304338	11	39
1	50386682	13	44
1	50390742	8	34
1	50406842	9	24
1	50472184	15	21
1	50527020	23	27
1	50527073	7	40
1	50538874	20	30
1	50540974	13	40
1	50599754	14	26
1	50608471	25	24
1	50636697	12	27
1	50647075	16	32
1	50683203	19	29
1	50694354	12	28
1	50705316	13	27
1	50747861	14	35
1	50777806	12	24
1	50798103	17	19
1	50798366	19	35
1	50866670	16	26
1	50867677	9	31
1	50885692	10	28
1	50913608	14	32
1	50960434	15	35
1	51028103	9	25
1	51042506	13	31
1	51049333	9	35
1	51062843	11	41
1	51086787	9	37
1	51105944	17	26
1	51114399	17	37
1	51116257	19	37
1	51116737	9	26
1	51117799	12	29
1	51133233	13	29
1	51180110	24	35
1	51204417	17	30
1	51225216	15	25
1	51259887	7	32
1	51268768	16	22
1	51319005	13	31
1	51330776	22	23
1	51357955	12	28
1	51371364	14	32
1	51373645	34	25
1	51380420	24	23
1	51503035	17	33
1	51554092	15	30
1	51575774	18	22
1	51597342	15	23
1	51627107	7	28
1	51641424	13	27
1	51660466	16	31
1	51725544	17	23
1	51727542	17	40
1	51746620	12	35
1	51749041	14	36
1	51793233	12	36
1	51795139	9	24
1	51803729	8	30
1	51843087	19	28
1	51846263	23	25
1	51846573	8	26
1	51856373	17	42
1	51871763	14	32
1	51888641	19	25
1	51898838	12	29
1	51917245	14	36
1	51930307	21	31
1	51983376	19	37
1	51993910	12	32
1	52006272	12	30
1	52091417	2	32
1	52102859	15	36
1	52102881	12	24
1	52106242	12	28
1	52113721	16	34
1	52133540	12	26
1	52189660	22	29
1	52210305	8	33
1	52250828	9	28
1	52270270	17	29
1	52288467	12	31
1	52295876	22	22
1	52311870	14	36
1	52316566	17	23
1	52321318	15	34
1	52395985	18	27
1	52408874	11	44
1	52471871	8	27
1	52483146	16	28
1	52499108	19	37
1	52502804	26	30
1	52511423	12	28
1	52554746	20	31
1	52566348	15	37
1	52589709	8	29
1	52597213	19	30
1	52607001	11	36
1	52607573	16	33
1	52614587	5	20
1	52663516	9	39
1	52675011	11	23
1	52759103	14	24
1	52784764	17	27
1	52891729	16	33
1	52903595	8	31
1	52917962	22	25
1	52965731	21	38
1	52967031	11	30
1	53001195	10	32
1	53003244	16	30
1	53077250	21	37
1	53162844	22	19
1	53163343	18	40
1	53177072	15	37
1	53180687	21	33
1	53241527	17	33
1	53244963	17	27
1	53255649	13	28
1	53284614	10	47
1	53310289	23	26
1	53323112	12	35
1	53330845	18	28
1	53347821	16	26
1	53349305	16	27
1	53349343	11	35
1	53350925	15	24
1	53351342	17	21
1	53353045	11	27
1	53381232	13	30
1	53400765	18	35
1	53424845	18	29
1	53429506	8	42
1	53443393	14	21
1	53449918	19	25
1	53484105	11	17
1	53488288	13	28
1	53500382	12	36
1	53510811	12	32
1	53514030	15	33
1	53545019	16	28
1	53553798	16	35
1	53557540	13	23
1	53579033	13	24
1	53615157	18	31
1	53624011	19	24
1	53630040	30	17
1	53643979	22	26
1	53644577	19	26
1	53658788	11	25
1	53689711	12	27
1	53696077	7	29
1	53775110	13	34
1	53838794	9	29
1	53861681	19	31
1	53887246	13	29
1	53894314	23	32
1	53904852	10	36
1	53934211	15	43
1	53996240	14	27
1	54006788	14	32
1	54021780	15	45
1	54067504	12	39
1	54070693	17	41
1	54108328	9	47
1	54115711	28	21
1	54143207	16	21
1	54174728	10	27
1	54266592	9	29
1	54311006	14	33
1	54325768	10	37
1	54332521	11	29
1	54333892	13	17
1	54334279	14	38
1	54339571	10	35
1	54339647	10	38
1	54419608	16	25
1	54458493	11	35
1	54500380	9	35
1	54506936	14	33
1	54513584	10	32
1	54533668	14	34
1	54543131	17	31
1	54544628	18	43
1	54560539	16	32
1	54565894	19	29
1	54587654	17	33
1	54599225	18	30
1	54641237	15	27
1	54651922	12	42
1	54653961	6	29
1	54670857	19	23
1	54715243	13	26
1	54719573	11	31
1	54742740	19	36
1	54776255	13	35
1	54813528	16	35
1	54814480	25	33
1	54869000	14	30
1	54913463	22	36
1	54959394	15	26
1	54970894	11	31
1	55001723	19	25
1	55001919	16	25
1	55004700	20	34
1	55013261	13	27
1	55018790	23	32
1	55022471	16	28
1	55033527	15	27
1	55034759	15	29
1	55034891	10	23
1	55037220	8	36
1	55047635	20	37
1	55094638	8	31
1	55108670	15	28
1	55132060	9	29
1	55142112	15	21
1	55144938	12	44
1	55158380	17	30
1	55182387	12	38
1	55209764	24	39
1	55214777	20	33
1	55245348	15	42
1	55251982	22	25
1	55298666	16	25
1	55311874	15	38
1	55325781	15	45
1	55327220	19	44
1	55366889	18	30
1	55389201	12	28
1	55447049	17	20
1	55447746	10	22
1	55463904	15	30
1	55481527	16	37
1	55493065	16	25
1	55561807	15	23
1	55571232	12	31
1	55590213	12	21
1	55605821	12	30
1	55608367	16	35
1	55620873	14	28
1	55622430	8	44
1	55665137	16	30
1	55668809	19	35
1	55669402	16	36
1	55680154	11	25
1	55688799	20	24
1	55698845	8	31
1	55699589	8	32
1	55755588	18	34
1	55756727	23	35
1	55796917	13	41
1	55813264	16	23
1	55828176	8	33
1	55864379	15	27
1	55932802	12	36
1	55944337	23	25
1	55958473	17	31
1	55964241	15	31
1	55968354	20	27
1	55997093	10	33
1	56008368	10	31
1	56028601	16	27
1	56070510	15	26
1	56110768	19	34
1	56120405	14	32
1	56121124	21	24
1	56147139	6	24
1	56175266	6	41
1	56177037	25	27
1	56183088	13	42
1	56187493	13	35
1	56210708	5	34
1	56212197	23	36
1	56212461	16	34
1	56220688	19	30
1	56243411	20	33
1	56244969	19	25
1	56282209	14	26
1	56297033	9	33
1	56331438	13	28
1	56388393	16	26
1	56407798	12	32
1	56408142	11	37
1	56409716	13	16
1	56440918	15	32
1	56476083	15	33
1	56499844	16	26
1	56505087	22	28
1	56542379	9	20
1	56632616	18	19
1	56643678	18	18
1	56651213	6	26
1	56693111	16	30
1	56755353	9	34
1	56784021	13	33
1	56793010	18	34
1	56798309	14	48
1	56798391	14	28
1	56815437	18	29
1	56823196	13	39
1	56839248	12	33
1	56851531	11	37
1	56869035	7	31
1	56896366	17	22
1	56912504	10	39
1	56921918	11	39
1	56942862	15	27
1	56944010	16	28
1	56951943	12	37
1	56962062	11	29
1	56965452	11	28
1	56971450	16	22
1	57092013	13	28
1	57118569	16	34
1	57169897	10	40
1	57226716	13	25
1	57233457	14	31
1	57247616	14	27
1	57259498	12	37
1	57265882	9	21
1	57276722	17	38
1	57301396	15	33
1	57323775	22	41
1	57325990	12	38
1	57330486	19	24
1	57364444	10	23
1	57365962	13	32
1	57372056	13	32
1	57399164	10	33
1	57420475	15	37
1	57427304	14	30
1	57429774	19	28
1	57435082	12	36
1	57465595	16	31
1	57467782	10	37
1	57469704	9	28
1	57495678	8	34
1	57499978	13	23
1	57518854	20	29
1	57519988	8	30
1	57542314	14	37
1	57542327	9	34
1	57582265	11	34
1	57614219	10	29
1	57664335	18	30
1	57670881	21	33
1	57701104	8	40
1	57768618	9	42
1	57778857	21	30
1	57787857	6	22
1	57792203	28	40
1	57819743	27	29
1	57839528	21	36
1	57878409	7	34
1	57895960	11	25
1	57930957	20	19
1	57933964	13	35
1	57935272	16	33
1	57953489	17	20
1	57955669	14	30
1	57982172	12	31
1	58006831	15	24
1	58016294	18	27
1	58037874	10	25
1	58046747	8	29
1	58081783	8	45
1	58083766	14	20
1	58103579	20	28
1	58167234	17	40
1	58169329	12	26
1	58187933	11	26
1	58306236	13	34
1	58308812	17	30
1	58313785	16	29
1	58323057	6	31
1	58327879	18	28
1	58334712	22	31
1	58364677	21	24
1	58372328	19	28
1	58374677	24	29
1	58405634	14	30
1	58409501	21	26
1	58416231	12	25
1	58439136	13	25
1	58444107	14	33
1	58445037	15	36
1	58482914	10	31
1	58505222	9	28
1	58509895	14	34
1	58512631	17	28
1	58523731	15	34
1	58554601	13	28
1	58573348	19	32
1	58591694	20	25
1	58611030	11	44
1	58632366	17	39
1	58660470	17	28
1	58684956	13	30
1	58726178	4	24
1	58726477	17	29
1	58727580	13	33
1	58760996	18	23
1	58761599	23	29
1	58810979	16	24
1	58819994	12	31
1	58856284	14	19
1	58884712	8	35
1	58918216	16	36
1	58923568	13	42
1	59027997	8	35
1	59046558	15	22
1	59062122	8	35
1	59063768	16	19
1	59065375	8	37
1	59091073	20	28
1	59100134	13	30
1	59121032	12	28
1	59132398	15	25
1	59137888	18	16
1	59151345	14	26
1	59154676	9	26
1	59185015	15	22
1	59228525	10	26
1	59241661	20	32
1	59247770	14	24
1	59263902	8	27
1	59285922	11	33
1	59292541	17	16
1	59299953	13	27
1	59357773	15	37
1	59369721	14	36
1	59396045	14	31
1	59403150	18	26
1	59446545	13	37
1	59458407	17	25
1	59490297	15	22
1	59505009	23	28
1	59525916	13	28
1	59527273	15	28
1	59552513	16	35
1	59558815	17	32
1	59583295	13	30
1	59598224	21	37
1	59611659	14	34
1	59639371	11	29
1	59646901	13	30
1	59672160	7	32
1	59708407	18	35
1	59725975	17	38
1	59737886	15	42
1	59755391	15	32
1	59784781	15	30
1	59790402	16	36
1	59812425	13	36
1	59847456	21	28
1	59902052	13	31
1	59903415	16	37
1	59915330	8	41
1	59942250	15	37
1	59946915	15	29
1	59957445	11	33
1	59973663	10	28
1	59990936	18	24
1	60021048	10	25
1	60023719	13	28
1	60039428	22	27
1	60057271	6	30
1	60071731	7	35
1	60121895	24	21
1	60125533	9	39
1	60138074	18	28
1	60144190	12	29
1	60158279	14	22
1	60160953	9	32
1	60174278	19	30
1	60179284	19	36
1	60198567	18	28
1	60201301	13	28
1	60220149	10	36
1	60231484	16	27
1	60239619	11	33
1	60248878	23	29
1	60265188	20	21
1	60271899	23	22
1	60286597	14	34
1	60288827	11	34
1	60310631	12	34
1	60313228	17	38
1	60315376	14	31
1	60318310	20	23
1	60406208	15	19
1	60430281	7	40
1	60437556	9	29
1	60442388	14	32
1	60442777	11	30
1	60447799	11	40
1	60451121	16	35
1	60497657	17	33
1	60504307	9	31
1	60513712	24	21
1	60538978	19	26
1	60576770	12	41
1	60581127	13	36
1	60581962	13	28
1	60583065	15	28
1	60602231	6	33
1	60634389	10	35
1	60640307	10	34
1	60691713	23	29
1	60725949	15	33
1	60745412	12	28
1	60770396	18	21
1	60787135	16	36
1	60794665	22	35
1	60801709	24	29
1	60813611	16	35
1	60828650	17	29
1	60875339	8	33
1	60921569	17	35
1	60923806	14	33
1	60935714	16	30
1	60938623	18	40
1	60953294	7	36
1	60964316	21	28
1	60989561	12	30
1	60995636	8	37
1	61004700	22	32
1	61022006	15	25
1	61051448	13	29
1	61056427	18	35
1	61066411	8	28
1	61098956	6	39
1	61133220	12	45
1	61140026	11	22
1	61151793	8	34
1	61160020	20	15
1	61193160	17	27
1	61198149	12	35
1	61244009	16	28
1	61246386	13	34
1	61272829	14	32
1	61279932	11	26
1	61290273	7	20
1	61326192	19	46
1	61330692	11	25
1	61357424	14	29
1	61385939	13	33
1	61465567	16	22
1	61473894	11	30
1	61498380	19	28
1	61499145	11	33
1	61534312	18	16
1	61555829	19	34
1	61566761	17	33
1	61583381	17	27
1	61591831	7	37
1	61616861	16	31
1	61635716	6	36
1	61639035	13	33
1	61665020	16	20
1	61681195	19	23
1	61682742	18	45
1	61702131	12	32
1	61778715	11	21
1	61812393	10	32
1	61827803	22	26
1	61895118	14	15
1	61928735	14	24
1	61929027	12	24
1	61935137	12	26
1	61937017	15	27
1	61941350	19	28
1	61954457	22	28
1	61955150	15	28
1	61956089	8	33
1	61985755	19	40
1	61987434	17	23
1	61989598	13	37
1	61992797	7	27
1	61993239	21	30
1	61993446	18	28
1	61995985	9	31
1	62026845	15	28
1	62031793	17	30
1	62043134	18	21
1	62087342	12	39
1	62100175	6	38
1	62106787	11	26
1	62130621	13	28
1	62144603	29	33
1	62150217	11	26
1	62155154	11	29
1	62161923	17	26
1	62204115	14	19
1	62212317	21	34
1	62222276	21	28
1	62246572	8	43
1	62327911	18	30
1	62349031	13	28
1	62405560	13	35
1	62420707	17	24
1	62429782	10	29
1	62456899	24	33
1	62457426	10	55
1	62462130	22	27
1	62464419	12	25
1	62470049	8	36
1	62487065	9	26
1	62529481	16	22
1	62530063	12	37
1	62535676	6	34
1	62544844	26	21
1	62575543	6	26
1	62577744	13	32
1	62581792	14	34
1	62595501	15	29
1	62611453	13	35
1	62615027	9	24
1	62642896	10	32
1	62670635	13	24
1	62694732	15	36
1	62701724	13	28
1	62702899	18	27
1	62725114	9	35
1	62734242	17	33
1	62746324	11	37
1	62775372	8	15
1	62791508	16	36
1	62792175	11	38
1	62813376	22	35
1	62816745	20	38
1	62828385	16	20
1	62837438	13	22
1	62867446	12	31
1	62889010	8	28
1	62899126	10	35
1	62900824	14	28
1	62905961	12	32
1	62909992	16	24
1	62913316	11	35
1	62917474	17	28
1	62975197	10	28
1	62977681	10	33
1	62990068	18	28
1	63048024	12	34
1	63051958	14	35
1	63065952	8	38
1	63087104	23	37
1	63088455	7	46
1	63093284	18	44
1	63102169	21	30
1	63119609	12	38
1	63152260	15	31
1	63166918	20	21
1	63167871	16	30
1	63175276	8	32
1	63193236	18	23
1	63205993	12	34
1	63213401	17	21
1	63237333	8	37
1	63259231	9	32
1	63326633	16	36
1	63337754	22	27
1	63340541	17	24
1	63353679	19	37
1	63367467	13	28
1	63391186	11	28
1	63391726	21	19
1	63409803	12	30
1	63411397	6	47
1	63416953	13	21
1	63439507	12	37
1	63487361	22	29
1	63499671	16	33
1	63501184	12	36
1	63514388	20	23
1	63520250	13	34
1	63543067	10	40
1	63544659	14	22
1	63545791	6	31
1	63560452	5	30
1	63568550	20	25
1	63589589	13	30
1	63608066	9	31
1	63640690	11	41
1	63648169	17	28
1	63720532	16	23
1	63758884	13	35
1	63794456	16	36
1	63805788	24	24
1	63818056	10	31
1	63828475	14	25
1	63841604	20	39
1	63858142	6	35
1	63868414	17	34
1	63884042	17	33
1	63892309	20	27
1	63901088	15	39
1	63916202	8	35
1	63950568	11	28
1	63994884	18	21
1	64117692	7	30
1	64125793	14	26
1	64185495	9	38
1	64189990	13	26
1	64193286	12	31
1	64201878	13	28
1	64208459	15	45
1	64228254	19	21
1	64237829	23	16
1	64306381	20	23
1	64310222	13	29
1	64313447	14	39
1	64366070	13	25
1	64379224	12	26
1	64381312	12	35
1	64408409	26	28
1	64424241	12	29
1	64432571	20	28
1	64462172	9	41
1	64471256	12	42
1	64485962	10	28
1	64496776	11	36
1	64535080	10	41
1	64541527	18	28
1	64556411	7	27
1	64561962	15	21
1	64566379	11	25
1	64601239	22	27
1	64627736	14	36
1	64634201	6	32
1	64642611	13	24
1	64671288	17	30
1	64684697	18	32
1	64689511	18	26
1	64693366	8	20
1	64700143	18	31
1	64709667	14	31
1	64714238	13	35
1	64717331	11	27
1	64728954	10	29
1	64758368	15	26
1	64768735	19	30
1	64772635	18	30
1	64774813	12	34
1	64779159	19	32
1	64789917	16	22
1	64801375	12	32
1	64842897	19	25
1	64859027	11	38
1	64870101	17	33
1	64885844	21	31
1	64896634	19	21
1	64939090	19	25
1	64944955	10	25
1	64954163	17	31
1	65006380	17	26
1	65007828	11	15
1	65019701	17	32
1	65036792	18	35
1	65045666	8	29
1	65078113	9	28
1	65080410	9	25
1	65123058	10	30
1	65170300	10	32
1	65188500	17	34
1	65222580	18	31
1	65241474	9	32
1	65242994	11	27
1	65260524	14	30
1	65276508	9	32
1	65277643	20	31
1	65301318	9	35
1	65306986	16	27
1	65378704	18	30
1	65435450	22	30
1	65463784	24	30
1	65511871	16	26
1	65525955	23	29
1	65531015	23	24
1	65559406	17	33
1	65590203	19	19
1	65597698	8	36
1	65600148	11	36
1	65663681	11	41
1	65678807	14	32
1	65695093	8	39
1	65713651	17	36
1	65718691	10	30
1	65735399	13	18
1	65759027	19	26
1	65801021	16	30
1	65803218	13	32
1	65816703	21	34
1	65824321	11	34
1	65829779	16	31
1	65845759	16	31
1	65890014	16	28
1	65899607	19	30
1	65921870	17	28
1	65923148	21	35
1	65934119	14	26
1	65935338	11	25
1	65952286	12	29
1	65975421	25	30
1	65980052	15	31
1	65991177	18	29
1	66026950	15	37
1	66034982	11	25
1	66055470	13	29
1	66061945	9	36
1	66072613	8	34
1	66107820	21	28
1	66182066	13	35
1	66184488	14	25
1	66197230	20	29
1	66198187	11	35
1	66233404	14	26
1	66247516	11	32
1	66281237	21	35
1	66281665	13	30
1	66293856	11	40
1	66300713	25	23
1	66318218	19	25
1	66333086	7	34
1	66397152	13	39
1	66404678	14	25
1	66424384	13	34
1	66439189	19	39
1	66440318	9	30
1	66453752	10	27
1	66462710	17	23
1	66472967	11	41
1	66473299	12	30
1	66502667	13	38
1	66523843	16	34
1	66543707	11	28
1	66546619	11	28
1	66584113	13	26
1	66584164	21	25
1	66607356	14	36
1	66680765	9	21
1	66707290	7	32
1	66714679	24	26
1	66727547	17	30
1	66738199	13	32
1	66779213	11	32
1	66794802	10	29
1	66807107	11	28
1	66810646	15	33
1	66829485	10	28
1	66897023	13	33
1	66901711	14	27
1	66906415	13	30
1	66914703	19	27
1	66940664	13	27
1	66945438	15	39
1	66998110	20	37
1	67006685	9	42
1	67010651	11	22
1	67015621	13	21
1	67073377	13	34
1	67096819	20	29
1	67142863	14	34
1	67146224	6	26
1	67184607	20	25
1	67197896	13	30
1	67201735	15	30
1	67213287	14	31
1	67213534	21	26
1	67224748	15	26
1	67236634	7	33
1	67247099	13	23
1	67292491	17	21
1	67303898	14	25
1	67305092	16	40
1	67375238	20	39
1	67411339	22	30
1	67421594	15	31
1	67453456	23	24
1	67480124	13	24
1	67503830	10	28
1	67532065	13	30
1	67535436	16	30
1	67536135	22	19
1	67574402	22	23
1	67604397	7	26
1	67612751	15	37
1	67618008	16	20
1	67635792	21	30
1	67648698	25	19
1	67662818	13	26
1	67697752	11	32
1	67755036	17	34
1	67796019	17	33
1	67815410	19	37
1	67820995	12	40
1	67828451	14	29
1	67839894	18	39
1	67842811	11	23
1	67852646	16	33
1	67858584	6	33
1	67875628	18	33
1	67880878	13	35
1	67891371	7	38
1	67906602	8	37
1	67912970	16	26
1	67922511	17	31
1	67925792	18	26
1	67931704	7	27
1	67935830	21	20
1	67936084	12	25
1	67977440	8	31
1	68040973	22	18
1	68050527	14	29
1	68071554	13	36
1	68077934	15	22
1	68086214	11	26
1	68112793	23	31
1	68118680	6	18
1	68142806	11	19
1	68224356	17	28
1	68252286	18	25
1	68253368	13	27
1	68259248	13	36
1	68269913	13	35
1	68296109	20	25
1	68299471	16	37
1	68302078	9	39
1	68304173	17	27
1	68306587	13	36
1	68385184	16	22
1	68407764	15	24
1	68415155	14	29
1	68431653	18	25
1	68437486	5	38
1	68458190	10	18
1	68462255	20	36
1	68469442	15	21
1	68486012	22	27
1	68487596	15	28
1	68495018	8	24
1	68518485	13	35
1	68528614	15	40
1	68556994	21	28
1	68583377	14	40
1	68590666	10	34
1	68592613	18	30
1	68621161	6	29
1	68626093	18	23
1	68638035	19	28
1	68697509	17	35
1	68726487	11	33
1	68730642	29	31
1	68770794	14	24
1	68818217	15	27
1	68821275	11	25
1	68833518	12	26
1	68877211	13	22
1	68923901	11	32
1	68977372	13	42
1	68984594	18	24
1	69029795	10	28
1	69032181	11	34
1	69036453	8	38
1	69060843	15	32
1	69066659	16	28
1	69088114	12	45
1	69106108	11	37
1	69155433	12	33
1	69161962	11	34
1	69217853	10	35
1	69225921	13	27
1	69254895	13	25
1	69263378	13	31
1	69266458	16	30
1	69291163	19	31
1	69319698	18	16
1	69320390	20	20
1	69321409	12	34
1	69327431	22	23
1	69329803	13	29
1	69330069	10	28
1	69331505	14	37
1	69354114	12	33
1	69365173	16	37
1	69506099	7	38
1	69519234	12	32
1	69544048	21	21
1	69544770	16	29
1	69582617	18	24
1	69762988	11	33
1	69829754	15	26
1	69867587	10	31
1	69886119	17	18
1	69889314	11	35
1	69930876	18	20
1	69933644	9	33
1	69941810	11	17
1	69948936	18	25
1	69952349	21	31
1	69992686	16	21
1	70027596	7	34
1	70028219	12	29
1	70049034	18	28
1	70084206	9	28
1	70093576	18	28
1	70106395	20	25
1	70124738	19	25
1	70141499	22	24
1	70143549	10	29
1	70150182	3	29
1	70161984	18	35
1	70167694	3	27
1	70168823	11	31
1	70170915	20	39
1	70195411	11	37
1	70196396	12	31
1	70206326	17	21
1	70235447	11	31
1	70249290	15	23
1	70256931	14	29
1	70261788	12	26
1	70317542	11	31
1	70363074	18	30
1	70392981	18	22
1	70408131	11	31
1	70421870	8	34
1	70433988	12	25
1	70435997	22	26
1	70481431	13	22
1	70508564	12	26
1	70580278	11	33
1	70688359	12	33
1	70716811	15	22
1	70735015	14	36
1	70765929	11	35
1	70787697	13	35
1	70804858	7	25
1	70817345	20	33
1	70854059	24	30
1	70875325	11	41
1	70908144	20	32
1	70925666	20	32
1	70935996	19	26
1	70944781	12	20
1	70967745	9	27
1	70972517	9	30
1	70989469	25	42
1	70991216	17	39
1	71022492	18	29
1	71036570	23	28
1	71050220	17	28
1	71052028	17	29
1	71173749	17	45
1	71182895	10	25
1	71197442	12	34
1	71254763	12	44
1	71280652	14	39
1	71304799	8	31
1	71365868	11	38
1	71371975	22	36
1	71385345	24	19
1	71394327	14	28
1	71413016	13	37
1	71414920	16	27
1	71435787	10	26
1	71460668	15	32
1	71585155	15	26
1	71591912	16	31
1	71664499	17	36
1	71678172	13	32
1	71692501	19	40
1	71699020	23	24
1	71705772	13	27
1	71725978	13	31
1	71730506	9	36
1	71776798	18	26
1	71780830	15	43
1	71788373	11	36
1	71793240	20	34
1	71793380	13	36
1	71799136	24	32
1	71807851	12	32
1	71808608	25	24
1	71835343	15	18
1	71836406	18	31
1	71846021	14	34
1	71849267	20	25
1	71861592	9	32
1	71881102	16	35
1	71886917	7	38
1	71886980	27	27
1	71899269	14	31
1	71908766	9	25
1	71929339	17	25
1	71937776	22	24
1	71938489	12	32
1	71963357	19	20
1	71967470	19	41
1	71978879	18	28
1	71988013	17	26
1	72041474	19	25
1	72055991	11	43
1	72063357	14	29
1	72114303	11	25
1	72180659	12	37
1	72245258	25	30
1	72250461	10	33
1	72253960	16	30
1	72262644	25	30
1	72290475	12	28
1	72304298	15	31
1	72326879	20	34
1	72362605	15	38
1	72419220	15	25
1	72424450	12	41
1	72435466	15	37
1	72458850	21	40
1	72460098	15	27
1	72503521	16	23
1	72517725	26	31
1	72644383	16	23
1	72699356	12	40
1	72707840	16	29
1	72713910	10	32
1	72731632	8	41
1	72776212	19	28
1	72784454	12	34
1	72789788	17	32
1	72838401	9	36
1	72843239	14	40
1	72850267	14	28
1	72858442	15	24
1	72894099	12	34
1	72930144	8	25
1	72938015	12	31
1	72993256	10	39
1	73006524	13	19
1	73043958	13	26
1	73046372	10	35
1	73087512	20	29
1	73125134	18	23
1	73129194	20	24
1	73129433	27	21
1	73180811	16	28
1	73186811	14	24
1	73205737	13	29
1	73232376	25	28
1	73243141	16	29
1	73271510	15	36
1	73276037	21	31
1	73281119	12	31
1	73297762	7	35
1	73326424	10	23
1	73338088	12	43
1	73343126	9	29
1	73369550	8	35
1	73370310	11	24
1	73381089	10	25
1	73383972	8	24
1	73415925	10	28
1	73418528	15	28
1	73450927	7	26
1	73452195	12	35
1	73481271	10	38
1	73483988	18	28
1	73490881	14	35
1	73508691	11	39
1	73524473	16	18
1	73619892	15	25
1	73666998	17	29
1	73692593	14	22
1	73704089	12	28
1	73730005	22	28
1	73805051	13	27
1	73808912	18	28
1	73871742	16	35
1	73881570	14	27
1	73909818	16	25
1	73917681	6	28
1	73960075	19	28
1	74049614	15	36
1	74052357	7	32
1	74058053	20	23
1	74072388	17	31
1	74120866	11	26
1	74142031	9	33
1	74146233	13	33
1	74172064	20	19
1	74207793	11	32
1	74208161	20	35
1	74224106	23	21
1	74251852	17	29
1	74270420	12	19
1	74304304	26	21
1	74348719	17	32
1	74364173	12	36
1	74372331	11	28
1	74378706	11	32
1	74383997	9	27
1	74394319	7	28
1	74415718	15	30
1	74423635	18	25
1	74423933	20	30
1	74440166	15	21
1	74468787	13	40
1	74473009	23	29
1	74485571	16	36
1	74488703	23	30
1	74504589	18	33
1	74512656	16	29
1	74622387	9	39
1	74635099	13	35
1	74688658	17	23
1	74697598	19	30
1	74698319	20	29
1	74722616	21	34
1	74726674	11	38
1	74760314	15	31
1	74765488	10	35
1	74795941	13	22
1	74800841	10	33
1	74802173	20	22
1	74833770	18	24
1	74856420	11	30
1	74856595	10	35
1	74863419	11	29
1	74887279	22	30
1	74940262	17	32
1	74963698	14	41
1	74967290	15	25
1	75003199	17	21
1	75015412	14	32
1	75028843	18	20
1	75038339	20	18
1	75038594	9	38
1	75077714	12	30
1	75156378	17	29
1	75159839	13	37
1	75163776	19	22
1	75166347	12	34
1	75191470	22	28
1	75197786	13	35
1	75226168	14	26
1	75248087	10	44
1	75282213	5	24
1	75299162	14	25
1	75303044	6	33
1	75312486	16	15
1	75316202	11	34
1	75316903	23	27
1	75336695	11	32
1	75340676	14	34
1	75349469	16	27
1	75353840	15	22
1	75357335	9	42
1	75382393	8	35
1	75414604	14	34
1	75444638	20	32
1	75464856	22	31
1	75469728	17	13
1	75483084	6	33
1	75498172	15	22
1	75518983	15	30
1	75521802	14	36
1	75526243	17	41
1	75548182	24	29
1	75565221	11	33
1	75572111	12	32
1	75603384	18	25
1	75616584	10	31
1	75658663	14	34
1	75677065	17	24
1	75697895	10	28
1	75698165	14	27
1	75707494	14	18
1	75707654	20	26
1	75715898	13	33
1	75732253	9	40
1	75733065	16	26
1	75742446	14	33
1	75796423	20	22
1	75821753	11	25
1	75907619	9	20
1	75940100	17	26
1	75970291	22	29
1	75984702	15	27
1	75987430	8	39
1	76001576	4	38
1	76003452	20	25
1	76011452	7	29
1	76088461	20	34
1	76109863	17	18
1	76130243	17	29
1	76150101	10	24
1	76163442	9	29
1	76165281	15	29
1	76175562	13	34
1	76177539	19	33
1	76217673	18	32
1	76258340	24	28
1	76263484	5	30
1	76273076	12	26
1	76286682	9	29
1	76298266	7	36
1	76306623	21	27
1	76348839	11	23
1	76371756	10	23
1	76413054	14	31
1	76456578	7	29
1	76484301	13	30
1	76492849	23	21
1	76498551	8	40
1	76506379	20	33
1	76520974	16	30
1	76521910	15	45
1	76524694	15	21
1	76584913	15	26
1	76647896	13	25
1	76677620	13	38
1	76682156	12	30
1	76687309	15	33
1	76717747	11	35
1	76750730	4	31
1	76827321	13	31
1	76852264	16	37
1	76856077	6	38
1	76862115	17	30
1	76881125	15	36
1	76916395	12	35
1	76948096	20	23
1	76995564	11	24
1	76997300	15	35
1	77001450	11	37
1	77012994	13	23
1	77054579	15	29
1	77080937	14	30
1	77094251	10	23
1	77102512	10	25
1	77110543	9	28
1	77121448	12	29
1	77137685	11	38
1	77228092	15	23
1	77243713	15	17
1	77250071	10	22
1	77259748	26	32
1	77311281	10	24
1	77317229	8	33
1	77384728	15	24
1	77401244	16	26
1	77436715	9	45
1	77443854	12	27
1	77462787	4	41
1	77476378	7	29
1	77511565	11	25
1	77519547	15	32
1	77527537	20	24
1	77552828	8	33
1	77579332	5	22
1	77585083	13	32
1	77593193	22	45
1	77593547	17	41
1	77601019	23	21
1	77602664	14	37
1	77623186	19	29
1	77658354	15	34
1	77667790	13	24
1	77694006	14	20
1	77739692	19	21
1	77742815	16	31
1	77758754	18	33
1	77779173	12	23
1	77792676	16	37
1	77792715	11	38
1	77795521	14	39
1	77803827	12	33
1	77821314	19	17
1	77859102	23	23
1	77861883	16	31
1	77886667	13	21
1	77906719	19	32
1	77921546	12	37
1	77954848	15	19
1	77973711	21	34
1	77975486	15	28
1	77991336	20	27
1	78002265	23	18
1	78009014	13	24
1	78076434	17	21
1	78083499	20	26
1	78111187	12	39
1	78126835	11	17
1	78171279	9	38
1	78181676	7	31
1	78186301	20	25
1	78192443	23	30
1	78193468	14	32
1	78194723	11	38
1	78196379	11	26
1	78222131	18	31
1	78268988	11	33
1	78277757	16	23
1	78278752	10	30
1	78298325	15	27
1	78299454	22	21
1	78331008	10	24
1	78340469	36	28
1	78349828	12	24
1	78404568	15	24
1	78425925	14	28
1	78444302	11	30
1	78478914	20	26
1	78480418	23	27
1	78536556	10	43
1	78576465	15	41
1	78614961	16	33
1	78647568	11	32
1	78654312	9	32
1	78681184	15	18
1	78701222	11	23
1	78715162	17	24
1	78730597	22	29
1	78741826	20	31
1	78774465	17	41
1	78780056	19	29
1	78785097	9	33
1	78805095	27	22
1	78817726	15	34
1	78865209	13	34
1	78916200	19	25
1	78922642	20	26
1	78928914	12	40
1	78933077	9	35
1	78942073	14	31
1	78943479	22	34
1	78964725	13	31
1	78991375	10	32
1	79022626	25	23
1	79037031	15	25
1	79066822	24	27
1	79075642	21	26
1	79079963	14	31
1	79090459	16	36
1	79092523	15	31
1	79103652	9	43
1	79118697	16	27
1	79143286	15	34
1	79172276	19	32
1	79175450	13	27
1	79176896	12	29
1	79207560	19	25
1	79236165	14	26
1	79243378	26	31
1	79247841	14	34
1	79252326	17	33
1	79263395	15	34
1	79274405	16	27
1	79292333	16	36
1	79313758	13	30
1	79328114	8	36
1	79361194	23	22
1	79361799	21	25
1	79386746	14	31
1	79407920	9	34
1	79429705	15	39
1	79440182	22	30
1	79440200	10	29
1	79441043	13	36
1	79460264	13	28
1	79461967	14	21
1	79500508	7	29
1	79565475	14	30
1	79571458	9	32
1	79576978	10	25
1	79610614	13	38
1	79612676	11	40
1	79613709	14	41
1	79617082	24	23
1	79618402	9	37
1	79626064	13	33
1	79645270	15	30
1	79668527	10	38
1	79748406	20	25
1	79752958	10	39
1	79768192	17	36
1	79787236	13	30
1	79795750	21	31
1	79800575	6	32
1	79805090	10	26
1	79815682	15	29
1	79831831	16	33
1	79832303	14	29
1	79891180	16	41
1	79966908	13	22
1	79968012	12	38
1	79975995	14	27
1	79999509	18	30
1	80009080	19	26
1	80059924	18	29
1	80070932	14	28
1	80108556	16	21
1	80130574	13	36
1	80137895	14	24
1	80143179	13	21
1	80159544	15	18
1	80168022	9	26
1	80183695	18	35
1	80197140	17	32
1	80201501	12	33
1	80204863	12	36
1	80213742	11	23
1	80249367	8	38
1	80251197	13	32
1	80291536	13	34
1	80315559	11	33
1	80339593	23	20
1	80342889	11	23
1	80352884	13	27
1	80387092	28	22
1	80389022	21	20
1	80392102	14	35
1	80417366	13	29
1	80418018	18	26
1	80431595	16	29
1	80472775	21	28
1	80510251	25	30
1	80525496	17	33
1	80543797	19	25
1	80617822	17	27
1	80618945	9	23
1	80627941	22	29
1	80710087	12	33
1	80720541	18	27
1	80758084	17	34
1	80812188	10	34
1	80836714	9	30
1	80875435	10	26
1	80881904	9	34
1	80898970	18	26
1	80906519	6	33
1	80908522	23	27
1	80908748	11	33
1	80934885	10	26
1	80950408	13	34
1	80965637	14	28
1	81006854	17	26
1	81025495	8	35
1	81034776	8	39
1	81093601	8	28
1	81182706	23	31
1	81200053	14	30
1	81211320	12	31
1	81223635	8	34
1	81224773	20	43
1	81243118	17	24
1	81270836	14	29
1	81315895	19	33
1	81338961	16	33
1	81373509	11	39
1	81376341	24	24
1	81402805	16	32
1	81451422	23	21
1	81487255	18	36
1	81495159	12	31
1	81503030	21	27
1	81517613	15	29
1	81523129	16	17
1	81525909	18	24
1	81569515	13	33
1	81592897	28	32
1	81605975	21	23
1	81618704	21	35
1	81637405	11	30
1	81639147	15	26
1	81691918	15	32
1	81705214	8	24
1	81721408	12	38
1	81760166	23	34
1	81779336	19	29
1	81782705	21	27
1	81789420	15	35
1	81790446	17	25
1	81800308	17	21
1	81806480	21	22
1	81814707	12	33
1	81838084	21	46
1	81840597	12	41
1	81848948	10	29
1	81885511	12	33
1	81914657	11	29
1	81919736	9	31
1	81920284	15	35
1	81961080	13	34
1	81978468	15	27
1	81995948	13	35
1	82054053	11	26
1	82061400	11	31
1	82069199	13	38
1	82071829	6	22
1	82088775	25	35
1	82091305	21	36
1	82120106	18	30
1	82162631	11	34
1	82167840	14	26
1	82240921	8	24
1	82244844	14	30
1	82247768	18	35
1	82255427	13	32
1	82260484	10	33
1	82269835	11	28
1	82270321	14	38
1	82288936	14	30
1	82293368	17	28
1	82311703	20	29
1	82318012	12	32
1	82327517	18	32
1	82358154	18	23
1	82391362	20	25
1	82393348	10	24
1	82394810	11	36
1	82438048	14	32
1	82449647	33	31
1	82464474	11	37
1	82466980	7	27
1	82497346	19	25
1	82525791	13	28
1	82547633	18	30
1	82568672	13	31
1	82603898	7	31
1	82625017	10	30
1	82651242	20	33
1	82654112	17	32
1	82665392	19	34
1	82677882	14	36
1	82695148	13	29
1	82764166	19	17
1	82778943	11	40
1	82790718	26	22
1	82793576	18	23
1	82850341	19	31
1	82904509	16	35
1	82937831	18	36
1	82940662	15	22
1	82946481	16	34
1	82969226	15	33
1	83010230	14	37
1	83018771	11	52
1	83026999	24	39
1	83139668	15	32
1	83186933	11	34
1	83237062	17	28
1	83252120	16	16
1	83261368	22	25
1	83270782	8	31
1	83286734	13	32
1	83318875	13	24
1	83340303	15	15
1	83380877	16	32
1	83397336	19	30
1	83423240	9	28
1	83443054	10	40
1	83447246	18	39
1	83458478	18	35
1	83499364	11	32
1	83503791	11	35
1	83510136	14	27
1	83555052	9	26
1	83583470	10	28
1	83593143	12	35
1	83599469	11	30
1	83645371	18	28
1	83664220	10	23
1	83681944	9	31
1	83699439	14	31
1	83716051	14	29
1	83784760	15	29
1	83796663	11	25
1	83830369	21	33
1	83870218	18	27
1	83870322	22	27
1	83879692	10	29
1	83890909	19	42
1	83910004	26	22
1	83916877	17	33
1	83918824	16	23
1	83924029	14	36
1	83925816	13	33
1	83948549	9	27
1	83959323	14	25
1	83996631	9	33
1	84002903	17	27
1	84005501	16	27
1	84006818	17	38
1	84033982	24	40
1	84087283	6	32
1	84092863	9	36
1	84106297	10	33
1	84133666	8	34
1	84143868	7	36
1	84145963	16	26
1	84273291	16	32
1	84279776	10	23
1	84288951	12	27
1	84372435	17	38
1	84382053	12	25
1	84382519	20	24
1	84413668	13	44
1	84426372	12	23
1	84429520	9	36
1	84457362	13	30
1	84500325	17	29
1	84538806	15	22
1	84563799	9	28
1	84565489	22	30
1	84567057	17	24
1	84571819	17	34
1	84599969	15	26
1	84634976	13	27
1	84651049	14	28
1	84676276	12	30
1	84686909	18	30
1	84687686	30	27
1	84719852	13	34
1	84727828	19	29
1	84765798	16	30
1	84806725	13	28
1	84837463	14	22
1	84839772	9	36
1	84872455	14	32
1	84882492	23	38
1	84883313	16	29
1	84886731	7	34
1	84898280	29	23
1	84925174	17	32
1	84930478	16	25
1	84944002	11	29
1	84946407	17	28
1	85002680	14	21
1	85017656	19	28
1	85023999	27	26
1	85091098	23	29
1	85092344	17	30
1	85102590	13	24
1	85126627	19	25
1	85156130	28	22
1	85166191	21	29
1	85209884	13	34
1	85237362	11	36
1	85239855	10	35
1	85282608	20	26
1	85287478	27	18
1	85292433	14	39
1	85325716	17	35
1	85378925	19	45
1	85381961	14	32
1	85420388	23	31
1	85445164	7	40
1	85509125	16	30
1	85544077	14	25
1	85551279	12	37
1	85553342	16	32
1	85597301	19	22
1	85600208	13	27
1	85614905	16	32
1	85617529	16	28
1	85645006	13	25
1	85666544	11	31
1	85693140	16	31
1	85706272	8	32
1	85748689	10	25
1	85796132	13	30
1	85799168	17	23
1	85808793	20	30
1	85840222	15	35
1	85848778	19	33
1	85858271	12	28
1	85873603	19	26
1	85889691	23	26
1	85920597	14	28
1	85928169	25	28
1	85937918	18	36
1	85945887	8	45
1	86032017	17	35
1	86056436	11	23
1	86059700	16	23
1	86064261	12	33
1	86084277	15	33
1	86126773	13	27
1	86132382	16	21
1	86139358	14	28
1	86153950	10	38
1	86200201	5	33
1	86245437	11	40
1	86258376	10	45
1	86270637	15	27
1	86281086	14	39
1	86310539	9	26
1	86315652	16	31
1	86318487	14	36
1	86321531	13	22
1	86337112	19	29
1	86347791	16	29
1	86393618	22	34
1	86436703	13	36
1	86452278	12	28
1	86476015	11	23
1	86481480	10	24
1	86506027	18	25
1	86517936	25	23
1	86520555	20	32
1	86525693	21	35
1	86542004	9	26
1	86569361	19	24
1	86569700	9	35
1	86575197	17	27
1	86666745	15	37
1	86712136	20	25
1	86734313	15	26
1	86753107	11	30
1	86754918	13	31
1	86766377	17	32
1	86785335	10	26
1	86859580	11	28
1	86860701	29	27
1	86885374	23	28
1	86909105	15	32
1	86920689	20	38
1	86920836	12	26
1	86934335	18	29
1	86957236	9	36
1	86984238	12	36
1	87002220	20	28
1	87061731	4	43
1	87078252	15	23
1	87118490	8	36
1	87141821	16	29
1	87164523	15	29
1	87180923	9	30
1	87213077	18	24
1	87255822	21	35
1	87282137	12	33
1	87310318	26	34
1	87313627	13	25
1	87316663	24	31
1	87328397	17	27
1	87329225	19	40
1	87363651	16	37
1	87404225	14	19
1	87418204	8	37
1	87423085	20	30
1	87481773	23	37
1	87482415	17	36
1	87531720	15	33
1	87548415	14	27
1	87555644	11	17
1	87582646	16	27
1	87589231	21	32
1	87595575	14	26
1	87626656	20	24
1	87636835	13	33
1	87642966	10	33
1	87646689	10	39
1	87649906	15	38
1	87665731	5	34
1	87692621	11	29
1	87694930	12	25
1	87700862	17	17
1	87710984	23	29
1	87727373	14	27
1	87727472	9	33
1	87733701	12	36
1	87749176	8	38
1	87754437	20	34
1	87755649	16	26
1	87764222	10	28
1	87786350	10	32
1	87825588	19	31
1	87848761	20	24
1	87903057	18	32
1	87928671	14	32
1	87936224	11	39
1	88013111	23	19
1	88028931	8	34
1	88062475	14	26
1	88078330	16	21
1	88091926	11	33
1	88110036	13	26
1	88115291	8	42
1	88187988	19	24
1	88191942	13	32
1	88201697	14	27
1	88235096	11	33
1	88238674	20	26
1	88240034	10	36
1	88286647	22	22
1	88311832	17	42
1	88316157	18	40
1	88362656	10	31
1	88396070	7	34
1	88420200	21	20
1	88421270	10	35
1	88430525	14	31
1	88445855	19	30
1	88451755	13	26
1	88453389	6	28
1	88459070	21	20
1	88480208	21	22
1	88509420	10	30
1	88541487	11	34
1	88563171	22	22
1	88580280	14	22
1	88603587	17	33
1	88685959	13	27
1	88700931	16	28
1	88739467	8	25
1	88740477	18	22
1	88748240	10	32
1	88765227	11	21
1	88766749	16	28
1	88804906	9	30
1	88837661	13	35
1	88840186	23	28
1	88840572	13	30
1	88871294	12	26
1	88882524	11	35
1	88907459	16	18
1	88911014	17	28
1	88912168	9	32
1	88913260	16	31
1	88931991	20	19
1	88951928	16	18
1	88973455	17	33
1	88977413	16	34
1	89002339	25	29
1	89006136	12	56
1	89022995	12	34
1	89085016	10	39
1	89100391	18	33
1	89118154	18	36
1	89122015	13	39
1	89130658	11	25
1	89133851	17	29
1	89145785	18	30
1	89159341	12	43
1	89195003	12	26
1	89202242	21	39
1	89222491	16	30
1	89258836	13	32
1	89265611	18	31
1	89266381	11	31
1	89266606	12	24
1	89269094	15	37
1	89278095	9	28
1	89327688	9	34
1	89357975	13	38
1	89377916	10	31
1	89390412	12	36
1	89396330	18	25
1	89397315	10	43
1	89402235	13	28
1	89403947	7	37
1	89404754	17	25
1	89409436	16	33
1	89461654	13	38
1	89523415	16	31
1	89536496	15	34
1	89544289	11	38
1	89581844	9	28
1	89595610	11	49
1	89617450	21	23
1	89618429	7	37
1	89639985	17	30
1	89662241	13	46
1	89665456	9	36
1	89667327	14	28
1	89692893	20	26
1	89694888	12	29
1	89703564	14	29
1	89719109	16	32
1	89722088	7	42
1	89784610	19	18
1	89808160	8	30
1	89809063	19	24
1	89845842	16	32
1	89845891	8	26
1	89864709	12	38
1	89893105	17	32
1	89908439	9	38
1	89925133	17	32
1	89987083	19	38
1	90006489	15	25
1	90015262	13	25
1	90022230	17	17
1	90044337	12	22
1	90051377	17	25
1	90077815	18	34
1	90111194	11	36
1	90132441	14	29
1	90134832	11	33
1	90136681	18	26
1	90162268	20	38
1	90164990	18	29
1	90179957	6	37
1	90221598	13	31
1	90326802	20	29
1	90327303	22	27
1	90334265	15	31
1	90350479	16	15
1	90360577	19	26
1	90399757	21	37
1	90404993	20	19
1	90433675	16	28
1	90458031	27	26
1	90476812	20	40
1	90481711	16	31
1	90520827	15	19
1	90526453	12	34
1	90545449	21	36
1	90548137	18	23
1	90554766	12	32
1	90564488	17	35
1	90595096	28	23
1	90596849	11	29
1	90608155	22	23
1	90650749	19	31
1	90688848	12	36
1	90690620	16	33
1	90691468	13	33
1	90710718	6	38
1	90728402	20	29
1	90782288	14	19
1	90782780	16	33
1	90784798	18	16
1	90792142	9	38
1	90806747	11	23
1	90832859	19	22
1	90834447	7	33
1	90851880	17	36
1	90852674	20	31
1	90858580	14	23
1	90880945	13	29
1	90897398	20	35
1	90938548	13	32
1	90968175	16	28
1	90969477	10	35
1	91014314	15	41
1	91026638	14	37
1	91033469	9	28
1	91042182	17	37
1	91088579	11	27
1	91106375	10	28
1	91108207	9	33
1	91120262	13	21
1	91125165	14	18
1	91125374	16	34
1	91132815	19	21
1	91204731	18	35
1	91238992	17	34
1	91244538	15	32
1	91274781	14	19
1	91278983	5	34
1	91304857	17	20
1	91324575	15	34
1	91326169	15	27
1	91332205	11	30
1	91355893	20	30
1	91356580	18	34
1	91390693	11	39
1	91397086	28	30
1	91401638	15	23
1	91435320	17	47
1	91436580	15	22
1	91449805	23	31
1	91510882	15	20
1	91513064	27	20
1	91514418	13	32
1	91556609	19	27
1	91561965	17	36
1	91570890	16	27
1	91581593	18	34
1	91594700	13	43
1	91629014	3	43
1	91673462	17	33
1	91674452	18	23
1	91682964	14	25
1	91683602	17	25
1	91740070	14	36
1	91742927	9	43
1	91758705	20	20
1	91766529	10	38
1	91826246	16	24
1	91855752	18	30
1	91869977	15	33
1	91870874	18	42
1	91902281	12	27
1	91931840	19	34
1	91934577	14	22
1	91992793	11	28
1	92003185	24	24
1	92013319	22	36
1	92029677	13	28
1	92051930	21	24
1	92056944	22	35
1	92066943	12	37
1	92094467	14	27
1	92130928	20	24
1	92185625	21	26
1	92193201	13	31
1	92207343	9	35
1	92211847	19	36
1	92214842	16	31
1	92220876	7	33
1	92271629	11	35
1	92274839	13	29
1	92280249	16	28
1	92374958	12	33
1	92387487	16	20
1	92431979	14	30
1	92446370	16	28
1	92467893	9	23
1	92467964	19	27
1	92479457	17	29
1	92481064	11	27
1	92487633	16	34
1	92501970	10	37
1	92509735	12	18
1	92517832	13	37
1	92591622	11	44
1	92593654	13	33
1	92597556	8	37
1	92600843	13	33
1	92631581	11	30
1	92632461	12	36
1	92659254	12	39
1	92680162	10	38
1	92701973	11	32
1	92706691	19	40
1	92751988	8	35
1	92756198	16	22
1	92764309	9	23
1	92783497	15	18
1	92802903	5	35
1	92811950	21	32
1	92863635	16	25
1	92882499	15	23
1	92908601	17	27
1	92910547	14	34
1	92915288	16	26
1	92918917	16	27
1	92922670	18	35
1	92949220	18	31
1	92949901	17	19
1	92987647	17	39
1	93006015	24	29
1	93022725	20	32
1	93030065	14	29
1	93041443	19	27
1	93046432	13	22
1	93096077	16	35
1	93167354	15	28
1	93189680	16	32
1	93228194	13	24
1	93250834	13	31
1	93275078	13	30
1	93374001	16	28
1	93382440	22	32
1	93384720	16	27
1	93387754	11	27
1	93398252	19	29
1	93452420	5	39
1	93458295	15	23
1	93472333	12	43
1	93490706	12	36
1	93499538	16	32
1	93520231	19	20
1	93576374	16	21
1	93579594	17	30
1	93599337	12	30
1	93636172	18	27
1	93643011	27	30
1	93688120	14	29
1	93704016	17	32
1	93706133	19	30
1	93706168	9	34
1	93716135	21	36
1	93748938	19	25
1	93756837	11	32
1	93764652	18	27
1	93850660	14	29
1	93856292	8	30
1	93879885	16	31
1	93901834	12	33
1	93932232	13	40
1	93983591	15	26
1	93983754	10	42
1	94004246	16	27
1	94016463	13	37
1	94031949	12	27
1	94060508	18	42
1	94062316	14	31
1	94081843	19	26
1	94091831	11	21
1	94103789	19	26
1	94106218	23	36
1	94112994	12	33
1	94140173	15	33
1	94166159	14	35
1	94174468	13	32
1	94176014	19	22
1	94185855	20	20
1	94226340	12	28
1	94260581	16	29
1	94262188	13	34
1	94264901	15	40
1	94276545	7	38
1	94319348	14	33
1	94329304	18	31
1	94339521	9	27
1	94382386	17	22
1	94391552	22	34
1	94398270	12	30
1	94480856	14	42
1	94502674	9	34
1	94503069	10	37
1	94513119	14	31
1	94537964	9	27
1	94547730	15	30
1	94565566	6	33
1	94569575	12	24
1	94606135	17	30
1	94634091	17	27
1	94634140	13	29
1	94647306	17	27
1	94651657	13	38
1	94656193	19	28
1	94661125	11	42
1	94666035	10	32
1	94668301	20	31
1	94698549	9	23
1	94763933	12	26
1	94781661	9	33
1	94800476	17	28
1	94830872	11	25
1	94844315	10	37
1	94859687	20	31
1	94866356	18	31
1	94907231	15	27
1	94925877	30	18
1	94948489	27	27
1	94955273	15	40
1	94976311	11	34
1	94995945	12	33
1	94999834	14	30
1	95063719	13	29
1	95078430	15	30
1	95093485	16	40
1	95094514	25	35
1	95106143	17	23
1	95137188	14	41
1	95156520	20	32
1	95194270	17	42
1	95220056	20	26
1	95235200	13	37
1	95303192	17	33
1	95310300	21	27
1	95314703	13	25
1	95315617	19	33
1	95338816	12	22
1	95376971	19	39
1	95379283	5	37
1	95381372	11	31
1	95396091	11	23
1	95414946	6	46
1	95424059	18	29
1	95426037	17	51
1	95426612	19	32
1	95434348	12	36
1	95462401	10	22
1	95539602	9	33
1	95582103	18	31
1	95605288	9	35
1	95629874	16	31
1	95638372	12	34
1	95668206	16	34
1	95668885	18	31
1	95731588	9	28
1	95750632	22	28
1	95753782	14	34
1	95768406	8	20
1	95778371	17	26
1	95789208	13	24
1	95861790	14	26
1	95877115	9	37
1	95885532	23	25
1	95896439	16	29
1	95901664	22	28
1	95935451	20	32
1	95992344	12	31
1	96007685	25	23
1	96025143	18	29
1	96030971	15	25
1	96031910	10	34
1	96061979	15	32
1	96126630	17	27
1	96152870	18	23
1	96188766	11	36
1	96200564	21	31
1	96205619	24	31
1	96280996	12	17
1	96283460	15	41
1	96291234	15	33
1	96320590	14	26
1	96322109	16	32
1	96361285	9	28
1	96429394	8	47
1	96439374	8	33
1	96454325	11	36
1	96467486	13	22
1	96476091	7	38
1	96477383	12	30
1	96500622	16	33
1	96501488	6	44
1	96502866	19	37
1	96578061	15	32
1	96638686	6	33
1	96645166	18	31
1	96667476	17	22
1	96676262	6	27
1	96688424	18	28
1	96704364	21	32
1	96756529	19	27
1	96787519	14	27
1	96788056	5	39
1	96791520	19	23
1	96807000	9	28
1	96818518	10	30
1	96870370	19	32
1	96888511	15	38
1	96902956	16	26
1	96938396	6	31
1	96940771	10	21
1	96948145	22	40
1	96951090	12	23
1	96989880	23	31
1	97011110	14	29
1	97046825	23	33
1	97047018	11	30
1	97062987	17	29
1	97066445	12	41
1	97082831	17	22
1	97094580	12	35
1	97111277	15	23
1	97195699	13	47
1	97199597	11	20
1	97208957	18	20
1	97210240	9	42
1	97225299	11	28
1	97285357	12	31
1	97301351	9	32
1	97301443	13	30
1	97365850	10	30
1	97370086	9	29
1	97394094	14	33
1	97425924	20	26
1	97450890	20	32
1	97458248	14	28
1	97502382	12	25
1	97543702	17	28
1	97550628	23	18
1	97552437	18	22
1	97556650	13	30
1	97558532	13	34
1	97559113	16	29
1	97560958	18	35
1	97564732	14	27
1	97573367	9	31
1	97591131	18	25
1	97664299	11	26
1	97716061	12	25
1	97737153	19	21
1	97768428	17	31
1	97780556	9	33
1	97791818	17	26
1	97799367	17	24
1	97815716	14	27
1	97815984	11	34
1	97837071	10	34
1	97843768	11	36
1	97856172	12	32
1	97859276	11	31
1	97877281	7	35
1	97883095	8	29
1	97941936	7	36
1	97942633	8	29
1	97989538	10	27
1	97999063	14	32
1	98003886	20	21
1	98018427	8	46
1	98060771	19	39
1	98067855	17	23
1	98094449	15	29
1	98095814	18	24
1	98118444	9	29
1	98119216	17	39
1	98142583	20	40
1	98178056	18	24
1	98189795	17	27
1	98207426	14	33
1	98216143	9	24
1	98248903	16	26
1	98249478	13	32
1	98300913	16	24
1	98322786	13	35
1	98331638	12	33
1	98349208	19	33
1	98356833	8	36
1	98382105	10	37
1	98402172	20	27
1	98429021	9	32
1	98430528	20	30
1	98431769	18	25
1	98442581	21	33
1	98454303	15	35
1	98459842	14	36
1	98485983	14	27
1	98548694	13	38
1	98550772	24	21
1	98588863	17	32
1	98595436	9	31
1	98629851	19	31
1	98637941	20	39
1	98648021	15	32
1	98680652	11	28
1	98794221	4	32
1	98803109	12	29
1	98809632	12	29
1	98819105	19	27
1	98860624	14	42
1	98900152	10	23
1	98940698	8	30
1	98964933	12	27
1	99072888	17	27
1	99116255	14	22
1	99129194	11	28
1	99145772	15	37
1	99171313	15	28
1	99206424	12	30
1	99231908	19	33
1	99247229	11	26
1	99290834	20	26
1	99303245	7	33
1	99305266	14	24
1	99324228	15	36
1	99350612	13	33
1	99365488	17	36
1	99370275	22	27
1	99376266	10	38
1	99384584	13	21
1	99384728	18	38
1	99391926	19	41
1	99393443	21	36
1	99395318	28	39
1	99412197	13	29
1	99428175	19	36
1	99432651	17	24
1	99438746	13	32
1	99451401	19	28
1	99494252	19	37
1	99514779	20	30
1	99536620	19	34
1	99549869	8	36
1	99597135	14	43
1	99598833	18	22
1	99613037	12	23
1	99627126	8	22
1	99638295	3	30
1	99651082	22	35
1	99664969	19	21
1	99675794	13	28
1	99719326	15	26
1	99740067	8	43
1	99756389	19	35
1	99758185	24	22
1	99769574	13	21
1	99771877	9	26
1	99783194	14	32
1	99790297	15	43
1	99856635	13	30
1	99869769	18	30
1	99885739	13	32
1	99893961	14	23
1	99901327	21	31
1	99910125	20	34
1	99912260	11	23
1	99973356	20	25
