chromosome_index	position	alt_count	ref_count
1	117027	7	55
1	153556	3	39
1	371109	18	29
1	438755	11	34
1	517107	6	42
1	529789	4	45
1	564629	5	45
1	597148	4	38
1	667684	2	42
1	705513	5	35
1	735593	1	40
1	789447	2	48
1	920956	5	45
1	968552	5	33
1	1007232	3	42
1	1013353	2	39
1	1045720	7	42
1	1129683	4	51
1	1143216	9	39
1	1170659	4	59
1	1272582	2	48
1	1291649	1	42
1	1340077	4	41
1	1378224	5	40
1	1379930	3	40
1	1522475	5	47
1	1538846	4	43
1	1540569	1	47
1	1555426	5	42
1	1580950	5	42
1	1623215	5	32
1	1636523	13	29
1	1644328	1	35
1	1666358	8	41
1	1759632	1	37
1	1761714	2	49
1	1830525	4	39
1	1840026	5	40
1	1881967	3	36
1	1986458	2	46
1	1996198	1	53
1	2015201	1	47
1	2059079	1	50
1	2191985	8	43
1	2281920	10	58
1	2283821	1	55
1	2374996	1	56
1	2381348	1	40
1	2397859	1	35
1	2445132	3	36
1	2481700	6	42
1	2505048	14	35
1	2516968	5	32
1	2705739	3	41
1	2721800	1	42
1	2792296	1	38
1	2799999	3	42
1	2893706	16	19
1	2902650	5	32
1	2937449	11	42
1	2940715	3	31
1	2947507	2	46
1	2948734	5	52
1	2975656	4	33
1	3012110	5	42
1	3028518	5	42
1	3088091	1	44
1	3138208	2	35
1	3237177	5	41
1	3243593	3	50
1	3284896	4	41
1	3288587	8	39
1	3317653	7	46
1	3321397	2	45
1	3340840	8	29
1	3357089	1	37
1	3391730	1	46
1	3413227	1	50
1	3439412	3	38
1	3468687	5	32
1	3505990	2	46
1	3519127	3	42
1	3520933	4	45
1	3546112	1	40
1	3583085	5	46
1	3661779	1	44
1	3661928	4	51
1	3694310	1	55
1	3700992	39	6
1	3712481	5	38
1	3795962	4	42
1	3839484	4	42
1	3845023	1	40
1	3848322	5	47
1	3900422	2	38
1	3981089	11	32
1	4014308	4	29
1	4024737	9	34
1	4091280	13	39
1	4121317	2	53
1	4133622	5	38
1	4134919	1	36
1	4139285	5	30
1	4182635	18	27
1	4194054	7	41
1	4230107	5	38
1	4256547	1	39
1	4261701	8	32
1	4303175	6	28
1	4316175	4	36
1	4323908	1	34
1	4341143	2	35
1	4356375	5	31
1	4400490	8	44
1	4400823	1	37
1	4486430	2	42
1	4487138	1	32
1	4622912	1	39
1	4679661	2	50
1	4681081	5	45
1	4733483	12	33
1	4764277	9	35
1	4765363	3	47
1	4776699	8	34
1	4799000	1	36
1	4817760	5	46
1	4854672	5	36
1	4898736	4	39
1	4987161	5	44
1	4992724	6	37
1	5009196	2	56
1	5012844	25	23
1	5085944	5	35
1	5112711	5	38
1	5139620	2	37
1	5153822	5	48
1	5179624	8	47
1	5196409	5	52
1	5199841	4	43
1	5201182	15	30
1	5201656	1	51
1	5244205	2	47
1	5292290	3	46
1	5431390	5	39
1	5442165	25	28
1	5517680	8	41
1	5526784	1	51
1	5549745	9	35
1	5563489	1	43
1	5586889	3	35
1	5594762	5	37
1	5628617	1	34
1	5699455	2	39
1	5700858	2	47
1	5713649	3	33
1	5740785	1	41
1	5744223	12	33
1	5804356	2	46
1	5825293	4	42
1	5833188	3	38
1	5840244	1	35
1	5875555	1	40
1	5886269	2	47
1	6110290	6	49
1	6122929	1	45
1	6177751	3	38
1	6182604	8	38
1	6206163	3	40
1	6306849	3	41
1	6359119	3	49
1	6362682	4	37
1	6384425	9	36
1	6388943	2	46
1	6462919	5	40
1	6510399	5	41
1	6529128	4	51
1	6550150	3	42
1	6601751	5	38
1	6619537	3	31
1	6632071	2	36
1	6688636	1	45
1	6703407	4	37
1	6725830	1	50
1	6768242	18	18
1	6785303	22	25
1	6842675	18	29
1	6843309	19	21
1	6892725	28	20
1	6913323	19	22
1	6936413	24	27
1	6956082	15	25
1	7004952	20	21
1	7005202	15	18
1	7053357	21	24
1	7055545	26	25
1	7077742	22	22
1	7083132	16	25
1	7158750	19	30
1	7187902	20	20
1	7242632	18	27
1	7258095	14	27
1	7284403	20	25
1	7347895	20	24
1	7391885	16	33
1	7405533	18	23
1	7413408	19	19
1	7448109	26	23
1	7455657	16	35
1	7462581	37	30
1	7500840	23	11
1	7560979	25	28
1	7574592	31	19
1	7583462	21	24
1	7732045	10	25
1	7738845	21	33
1	7763564	16	21
1	7807529	24	29
1	7813994	17	24
1	7849007	12	26
1	7866794	17	20
1	7867979	11	30
1	7906034	15	34
1	7932355	14	32
1	7939605	21	18
1	8034896	15	23
1	8153214	17	40
1	8212665	20	29
1	8228401	29	33
1	8256787	12	32
1	8281904	19	21
1	8316996	16	25
1	8329935	17	20
1	8431651	17	27
1	8434765	14	32
1	8444566	17	35
1	8480841	26	33
1	8488260	20	24
1	8504460	25	22
1	8529007	12	34
1	8547120	21	25
1	8555015	21	19
1	8614329	21	19
1	8618301	24	41
1	8643628	26	19
1	8713283	19	27
1	8833532	17	22
1	8901993	20	23
1	8929366	19	31
1	9038638	22	27
1	9048547	19	29
1	9053445	21	21
1	9066173	21	25
1	9173397	19	22
1	9188409	23	23
1	9195140	20	36
1	9215012	22	29
1	9227280	19	22
1	9234078	29	32
1	9262434	21	31
1	9298636	24	27
1	9341770	25	24
1	9380538	20	27
1	9390265	22	23
1	9409412	23	26
1	9409787	20	29
1	9444839	14	29
1	9475479	23	36
1	9487630	20	21
1	9609984	18	28
1	9625427	19	28
1	9738383	14	30
1	9760352	17	26
1	9784435	9	31
1	9787092	20	24
1	9797285	23	19
1	9824672	22	28
1	9852815	16	20
1	9880997	22	17
1	9960778	20	24
1	10005711	26	17
1	10008078	10	29
1	10018241	18	26
1	10033794	17	29
1	10081008	14	36
1	10120388	19	27
1	10137149	16	25
1	10200367	24	16
1	10202954	24	21
1	10212016	15	17
1	10217353	15	22
1	10230473	11	19
1	10293625	13	29
1	10335168	15	35
1	10360727	24	21
1	10394577	24	21
1	10407351	20	22
1	10489552	26	28
1	10556534	21	28
1	10559242	23	21
1	10601573	23	25
1	10703098	20	27
1	10707920	24	32
1	10712164	11	35
1	10727843	27	21
1	10745096	18	29
1	10755532	22	20
1	10832456	18	26
1	10842470	17	27
1	10866076	29	32
1	10924244	26	23
1	10949131	24	24
1	11047015	14	29
1	11054771	16	23
1	11072623	15	27
1	11121207	20	32
1	11139535	14	24
1	11171519	15	28
1	11206451	24	23
1	11209602	18	31
1	11278023	32	24
1	11279789	15	29
1	11282674	20	22
1	11316799	21	22
1	11317243	20	20
1	11395317	18	24
1	11398702	20	27
1	11408969	22	11
1	11458122	12	25
1	11587452	24	31
1	11615862	16	33
1	11637813	17	32
1	11733034	17	28
1	11764099	20	22
1	11766755	17	30
1	11779646	18	33
1	11839569	25	33
1	11869046	22	30
1	11930764	17	24
1	11978487	15	21
1	11983288	14	27
1	12008581	17	19
1	12013088	21	27
1	12028576	24	35
1	12047677	19	29
1	12082543	19	30
1	12086262	20	18
1	12203844	16	29
1	12254876	18	24
1	12295105	19	30
1	12352022	21	25
1	12356632	26	23
1	12369237	22	25
1	12382828	18	32
1	12385054	31	26
1	12402864	27	25
1	12432289	19	26
1	12479967	17	20
1	12508205	36	17
1	12528872	15	21
1	12569722	11	23
1	12571981	10	31
1	12611238	20	23
1	12633351	16	24
1	12666038	28	27
1	12749888	21	25
1	12763454	29	23
1	12832835	19	26
1	12841171	22	23
1	12904839	17	30
1	12918377	12	20
1	12979019	28	36
1	13128249	19	30
1	13138050	12	28
1	13207388	17	16
1	13236949	17	26
1	13242116	17	21
1	13244162	22	21
1	13270898	25	21
1	13278897	23	18
1	13306077	22	21
1	13313039	14	31
1	13326378	23	25
1	13346581	25	20
1	13352378	18	29
1	13361799	17	20
1	13393390	19	29
1	13430206	14	24
1	13478201	24	30
1	13509483	22	25
1	13553347	24	22
1	13557326	12	34
1	13573796	25	22
1	13599740	19	33
1	13696715	20	28
1	13826746	15	34
1	13835115	11	26
1	13843994	25	30
1	13968375	21	25
1	13977589	24	26
1	13993699	13	22
1	14015628	24	27
1	14026990	17	25
1	14037095	16	34
1	14062470	15	18
1	14117524	15	25
1	14122031	26	24
1	14172995	31	31
1	14177415	16	31
1	14188494	15	30
1	14221179	22	24
1	14278909	16	23
1	14328125	24	27
1	14348954	18	40
1	14350724	18	22
1	14373985	16	22
1	14405126	19	25
1	14436635	21	26
1	14545137	13	25
1	14551738	23	29
1	14596942	21	31
1	14624950	19	27
1	14629548	15	19
1	14672349	15	24
1	14694595	12	31
1	14712045	24	19
1	14747783	23	28
1	14806029	26	33
1	14911879	13	24
1	14918771	20	28
1	14961298	17	31
1	14969511	12	25
1	14991761	21	17
1	15021215	23	20
1	15024940	22	17
1	15056212	19	21
1	15071172	15	20
1	15088711	17	25
1	15091801	20	24
1	15125929	8	25
1	15173267	13	29
1	15246709	28	27
1	15273863	15	31
1	15275183	25	21
1	15338795	21	25
1	15383973	20	31
1	15387639	17	34
1	15391452	21	21
1	15391919	23	22
1	15435484	16	25
1	15455723	27	26
1	15468824	26	24
1	15492650	19	29
1	15520243	18	26
1	15549547	20	25
1	15583938	16	16
1	15632256	15	31
1	15703152	21	30
1	15708430	17	24
1	15724841	22	19
1	15725150	21	16
1	15783824	17	23
1	15843359	18	25
1	15859781	12	27
1	15884750	14	22
1	15888376	23	28
1	15998482	18	34
1	16005743	16	29
1	16018748	25	27
1	16022089	18	38
1	16029677	16	33
1	16035097	18	28
1	16058934	27	17
1	16062289	17	19
1	16086358	14	20
1	16173895	16	42
1	16289274	14	23
1	16346458	17	27
1	16352301	23	35
1	16352441	18	33
1	16355676	23	34
1	16369664	17	27
1	16377012	14	29
1	16423835	15	26
1	16473443	16	13
1	16577134	22	25
1	16579663	22	22
1	16585242	16	44
1	16611404	15	25
1	16624722	27	35
1	16631738	15	34
1	16633667	16	35
1	16675749	21	32
1	16676467	23	31
1	16679674	20	26
1	16688902	21	26
1	16704657	28	18
1	16839968	17	29
1	16894486	16	30
1	16898696	20	21
1	16898870	26	25
1	16900258	17	30
1	16909868	14	20
1	16922750	21	21
1	16924376	24	35
1	16967726	22	31
1	16986734	20	28
1	16995785	11	37
1	16999145	16	29
1	17018410	18	20
1	17020171	27	25
1	17026234	20	21
1	17034565	14	24
1	17217040	22	21
1	17234039	12	27
1	17408949	14	23
1	17470251	17	33
1	17538833	29	15
1	17559498	10	32
1	17577319	21	19
1	17597213	20	23
1	17603469	20	24
1	17610600	19	31
1	17640300	28	27
1	17640608	32	16
1	17643340	15	24
1	17650537	17	19
1	17683488	21	18
1	17706349	22	24
1	17784792	25	24
1	17798074	18	27
1	17842592	29	26
1	17952284	14	31
1	17957710	24	12
1	17978411	15	41
1	18002554	20	23
1	18089739	18	25
1	18155757	24	30
1	18227170	24	35
1	18228234	21	24
1	18246515	16	37
1	18261516	18	23
1	18279914	17	19
1	18294179	22	24
1	18318372	16	24
1	18364146	23	23
1	18386706	16	22
1	18399101	13	17
1	18439292	22	24
1	18595058	21	21
1	18615055	16	31
1	18615850	26	26
1	18690113	12	31
1	18742179	19	25
1	18770757	18	14
1	18856227	18	32
1	18875752	18	22
1	18923538	19	20
1	18938272	16	28
1	18947092	24	33
1	18957125	24	21
1	18962408	19	20
1	18996087	12	28
1	19124780	12	24
1	19131463	35	25
1	19181772	17	29
1	19187954	21	24
1	19228961	27	18
1	19247019	12	34
1	19305065	25	21
1	19395259	17	32
1	19414940	18	27
1	19442088	14	23
1	19455586	18	30
1	19497538	21	20
1	19500646	11	22
1	19529174	23	14
1	19548917	15	29
1	19596717	16	34
1	19606834	12	22
1	19612031	17	29
1	19624610	32	34
1	19630166	24	35
1	19649854	23	17
1	19711110	19	31
1	19756172	12	23
1	19774091	20	20
1	19792013	18	19
1	19795966	19	28
1	19798896	12	41
1	19869663	27	29
1	19968207	23	28
1	20026370	16	20
1	20075442	17	26
1	20099740	15	21
1	20106515	17	26
1	20132525	12	22
1	20171006	20	21
1	20191011	9	35
1	20195320	18	19
1	20289662	30	28
1	20316756	22	20
1	20353742	18	24
1	20402895	26	24
1	20419413	25	29
1	20509300	14	26
1	20524869	28	25
1	20533473	27	27
1	20543753	20	24
1	20547792	29	24
1	20561399	22	23
1	20577687	17	23
1	20613007	18	34
1	20646708	22	18
1	20671842	19	25
1	20737670	21	25
1	20737917	22	24
1	20743533	14	35
1	20744421	19	24
1	20761685	30	25
1	20772702	18	29
1	20775342	17	19
1	20798489	12	27
1	20812278	13	29
1	20814168	22	21
1	20844971	19	43
1	20865209	21	21
1	20915523	21	23
1	21006903	19	22
1	21087053	9	27
1	21090189	15	31
1	21123311	25	24
1	21235821	17	32
1	21256019	20	15
1	21305669	11	21
1	21343619	18	22
1	21391315	18	26
1	21435511	16	26
1	21451847	6	19
1	21458961	20	22
1	21514387	9	31
1	21516758	25	26
1	21538224	15	28
1	21590107	20	16
1	21598225	16	38
1	21632462	10	29
1	21659952	22	17
1	21768751	12	26
1	21803829	25	21
1	21879137	19	33
1	21881638	21	23
1	21896403	20	20
1	21910786	11	28
1	21924714	12	23
1	21945902	20	22
1	21959020	14	23
1	21966653	27	21
1	21988581	20	27
1	22042162	15	29
1	22061398	18	30
1	22062302	20	20
1	22104737	22	18
1	22116112	19	24
1	22157626	25	17
1	22159503	22	19
1	22161542	20	27
1	22177547	27	24
1	22203234	24	21
1	22305295	16	25
1	22334432	25	21
1	22447416	22	19
1	22450951	16	22
1	22451282	17	25
1	22458551	16	17
1	22458582	16	36
1	22505873	18	31
1	22508400	14	24
1	22508607	25	29
1	22531108	18	19
1	22537366	15	23
1	22576049	20	25
1	22599162	14	34
1	22622690	14	31
1	22630917	12	23
1	22702908	16	23
1	22729083	17	29
1	22733540	22	17
1	22773730	17	20
1	22785132	24	23
1	22786551	21	17
1	22812238	21	21
1	22839943	29	27
1	22868824	15	24
1	22898891	17	26
1	22913217	22	22
1	22997067	23	30
1	23004230	16	28
1	23085579	12	40
1	23110961	15	29
1	23130849	20	27
1	23195117	23	23
1	23257123	17	30
1	23260120	20	27
1	23291163	17	30
1	23319533	14	35
1	23382400	16	35
1	23391316	19	31
1	23419148	14	30
1	23462337	16	21
1	23471704	25	28
1	23488253	19	35
1	23514683	24	24
1	23565910	20	27
1	23567177	30	21
1	23593189	15	21
1	23604274	15	33
1	23626956	18	25
1	23656224	21	25
1	23667375	32	19
1	23668538	19	24
1	23692800	22	22
1	23704401	15	33
1	23712149	13	23
1	23757575	24	25
1	23773318	24	20
1	23805600	11	17
1	23830592	15	25
1	23853909	21	20
1	23864318	19	36
1	23865834	18	18
1	23915634	20	30
1	23944368	18	31
1	23945896	24	27
1	23951114	21	21
1	23956785	20	26
1	23988500	21	21
1	23998105	26	22
1	24036409	21	26
1	24099019	15	28
1	24115506	24	24
1	24127719	15	21
1	24151481	25	14
1	24224338	20	28
1	24287050	26	30
1	24297413	19	34
1	24341320	24	37
1	24381224	20	26
1	24383209	17	29
1	24409565	21	31
1	24412279	12	42
1	24429660	12	21
1	24462107	17	28
1	24487116	12	28
1	24500656	29	10
1	24502456	21	29
1	24534180	23	28
1	24592054	16	32
1	24597604	33	21
1	24656928	18	25
1	24664682	11	25
1	24692096	18	14
1	24697637	19	28
1	24700947	18	20
1	24760472	13	19
1	24780701	30	26
1	24803873	19	35
1	24871198	20	21
1	24892927	15	28
1	24893258	23	22
1	24951128	18	32
1	24994055	15	23
1	25054762	15	29
1	25058723	20	36
1	25067355	14	17
1	25080100	24	31
1	25099909	21	20
1	25111894	16	29
1	25132940	23	17
1	25146314	17	30
1	25191319	19	25
1	25233762	17	19
1	25251206	21	31
1	25259862	17	35
1	25284786	19	34
1	25291496	13	29
1	25315739	20	20
1	25381141	23	31
1	25386390	21	21
1	25428752	17	19
1	25430821	23	26
1	25466174	21	22
1	25541217	27	33
1	25541509	19	19
1	25596359	24	26
1	25640041	19	18
1	25652242	22	23
1	25695457	21	24
1	25727671	36	14
1	25785897	18	26
1	25897302	20	25
1	25909381	19	34
1	25916213	19	26
1	25917674	18	21
1	26011277	16	31
1	26047365	23	26
1	26057033	13	28
1	26061448	18	19
1	26086948	24	16
1	26119133	20	19
1	26143372	23	20
1	26151066	17	16
1	26183907	23	21
1	26201258	14	28
1	26239201	12	28
1	26255923	27	36
1	26291184	15	23
1	26296995	16	24
1	26355556	13	34
1	26382415	22	21
1	26394510	15	21
1	26395928	17	29
1	26420187	9	23
1	26459365	23	32
1	26461789	21	20
1	26491735	16	19
1	26519897	21	23
1	26543241	15	28
1	26543866	23	26
1	26582566	20	35
1	26605005	25	27
1	26619985	21	24
1	26630103	16	26
1	26675034	26	26
1	26766934	21	20
1	26773943	15	33
1	26970571	18	37
1	27008633	17	26
1	27023518	27	20
1	27055929	27	32
1	27099146	21	21
1	27179317	17	31
1	27187851	24	29
1	27253078	16	28
1	27258036	18	19
1	27342525	14	29
1	27369428	18	27
1	27413270	17	27
1	27476499	22	19
1	27518461	29	23
1	27555556	10	27
1	27562223	12	26
1	27592420	19	36
1	27722171	18	20
1	27797431	16	28
1	27817746	21	20
1	27845294	24	32
1	27847654	19	36
1	27860529	12	27
1	27895692	19	21
1	28049977	17	21
1	28051251	21	31
1	28058442	34	26
1	28088550	20	26
1	28102386	16	25
1	28111140	16	21
1	28120221	15	30
1	28145581	23	19
1	28313826	14	26
1	28398398	15	20
1	28407435	14	34
1	28408375	27	21
1	28409438	19	22
1	28486871	27	17
1	28563792	22	26
1	28586681	19	15
1	28594620	22	25
1	28614356	18	20
1	28638084	20	26
1	28672130	19	23
1	28728113	13	27
1	28772090	17	24
1	28803034	20	26
1	28815259	16	23
1	28859873	20	24
1	28901367	16	33
1	28908751	20	26
1	28911079	20	24
1	28921669	9	22
1	29011663	20	30
1	29027010	14	28
1	29070032	17	26
1	29070710	15	31
1	29075204	14	20
1	29076138	18	29
1	29189927	20	30
1	29203349	18	30
1	29253600	13	26
1	29272454	18	23
1	29304113	21	21
1	29311558	23	28
1	29354594	22	35
1	29361782	28	23
1	29381004	9	23
1	29424250	20	26
1	29463530	10	35
1	29480812	20	32
1	29499842	26	24
1	29621607	21	23
1	29632207	20	24
1	29668471	14	21
1	29702606	22	28
1	29712779	9	36
1	29751961	10	34
1	29768381	26	28
1	29773325	24	26
1	29780154	28	32
1	29884753	19	26
1	29886274	17	19
1	29911091	16	26
1	29934620	18	29
1	29985894	18	22
1	30111810	21	21
1	30203502	22	18
1	30225742	30	27
1	30243184	14	19
1	30292187	16	26
1	30297442	13	28
1	30297574	25	16
1	30316366	16	30
1	30364374	17	23
1	30400310	23	22
1	30410936	22	15
1	30436330	14	22
1	30462477	33	27
1	30485299	24	31
1	30496968	25	29
1	30516711	23	26
1	30557428	14	27
1	30590546	21	27
1	30645373	16	20
1	30668954	15	34
1	30687361	19	26
1	30782282	26	21
1	30798434	18	32
1	30880721	14	24
1	30881696	17	20
1	30945812	18	20
1	30959290	23	24
1	31003222	30	24
1	31026365	22	29
1	31068744	20	25
1	31111535	15	35
1	31141872	15	29
1	31145668	25	27
1	31209337	21	32
1	31286719	16	20
1	31304056	12	31
1	31355154	16	31
1	31397865	24	20
1	31415539	27	29
1	31427717	10	21
1	31490677	15	21
1	31490994	24	27
1	31491321	22	22
1	31506535	12	14
1	31532876	21	26
1	31539861	27	22
1	31562716	15	19
1	31609171	24	21
1	31680403	25	36
1	31690085	15	31
1	31735660	17	21
1	31812597	15	28
1	31847975	29	23
1	31900187	35	15
1	32049055	14	32
1	32130546	17	28
1	32177281	29	19
1	32205498	15	36
1	32235850	19	34
1	32283585	16	24
1	32342662	23	25
1	32342733	22	24
1	32347386	25	21
1	32408362	25	26
1	32451598	20	23
1	32516227	18	28
1	32538828	18	20
1	32550009	22	23
1	32557382	15	32
1	32629621	28	31
1	32671794	17	31
1	32682675	21	29
1	32736391	16	26
1	32828589	18	21
1	32832503	15	19
1	32847585	13	18
1	32910789	16	16
1	32941708	17	22
1	32968911	16	24
1	32989575	21	20
1	33004484	19	36
1	33039675	19	17
1	33083814	18	23
1	33098900	26	19
1	33171804	20	22
1	33214677	21	22
1	33244307	11	31
1	33256716	24	21
1	33260652	15	24
1	33392818	27	31
1	33604561	14	28
1	33608363	18	24
1	33627332	22	21
1	33684373	18	34
1	33687849	20	26
1	33695989	17	29
1	33785783	25	20
1	33791516	23	17
1	33791990	20	19
1	33801763	22	35
1	33895613	15	25
1	33904995	14	27
1	33975524	11	25
1	33981858	16	28
1	34018456	15	38
1	34023992	20	24
1	34044228	15	18
1	34126017	19	24
1	34176072	29	26
1	34298398	19	32
1	34343011	14	33
1	34368197	19	29
1	34373040	16	29
1	34379578	11	34
1	34396098	16	15
1	34475098	21	24
1	34485385	18	21
1	34582355	21	23
1	34601481	19	31
1	34624928	18	27
1	34692235	20	29
1	34699942	19	23
1	34710322	20	21
1	34751535	20	29
1	34762121	16	30
1	34839813	20	26
1	34869819	23	25
1	34920836	19	24
1	34936408	12	26
1	34977813	25	27
1	34979027	19	27
1	34989477	28	17
1	35154366	12	26
1	35159531	19	23
1	35258720	15	30
1	35293508	23	27
1	35376360	30	17
1	35401778	18	22
1	35414481	19	26
1	35448310	22	25
1	35479086	36	35
1	35542719	17	30
1	35577279	25	30
1	35664535	19	25
1	35686771	22	25
1	35725967	23	21
1	35865940	14	45
1	35955025	20	33
1	35973835	17	26
1	36017344	25	19
1	36023922	25	19
1	36036846	19	26
1	36039174	19	22
1	36049830	18	32
1	36101051	13	22
1	36120255	20	30
1	36120557	20	29
1	36127965	19	22
1	36144017	18	22
1	36147825	21	22
1	36148531	14	24
1	36180940	18	25
1	36209814	19	36
1	36217122	24	27
1	36227428	22	24
1	36309984	17	32
1	36339070	34	24
1	36411114	20	26
1	36445248	20	26
1	36461480	25	29
1	36530378	21	27
1	36557085	11	18
1	36558166	20	18
1	36582544	18	26
1	36584557	15	28
1	36646629	19	30
1	36672948	14	24
1	36677228	23	24
1	36695625	26	21
1	36770007	21	34
1	36800841	21	25
1	36859731	27	22
1	36864445	17	35
1	36875721	26	16
1	36907800	22	27
1	36914586	18	29
1	36948507	16	40
1	36949052	17	28
1	36951400	17	48
1	36955274	18	29
1	36982872	14	29
1	36994268	16	29
1	37026658	29	36
1	37036348	19	20
1	37048623	16	22
1	37158670	15	29
1	37164759	27	11
1	37199295	17	30
1	37264304	17	27
1	37297442	20	30
1	37317192	15	42
1	37331445	22	29
1	37350982	15	25
1	37459831	19	28
1	37519236	16	32
1	37538598	21	24
1	37567733	10	30
1	37579603	19	23
1	37742736	19	25
1	37771241	27	32
1	37800548	21	34
1	37862351	12	24
1	37936472	20	25
1	37946744	25	19
1	37955789	21	22
1	37955828	15	36
1	37984043	10	27
1	38063834	20	24
1	38122169	19	19
1	38189036	22	25
1	38256989	18	19
1	38276554	18	30
1	38301311	19	39
1	38303708	9	27
1	38315574	20	33
1	38342917	15	13
1	38391114	15	24
1	38482642	23	16
1	38507093	18	23
1	38536024	20	25
1	38545934	20	18
1	38563468	18	29
1	38617001	16	22
1	38645535	16	27
1	38647520	17	22
1	38657533	29	24
1	38713949	23	24
1	38753123	19	16
1	38770693	31	29
1	38773550	23	27
1	38775643	20	14
1	38792518	22	32
1	38803081	29	20
1	38812750	13	27
1	38829185	10	35
1	38849390	17	32
1	38933699	16	22
1	38942730	17	28
1	38977854	14	39
1	39016065	17	28
1	39033428	21	34
1	39086323	19	19
1	39102779	26	28
1	39269466	16	33
1	39361673	27	26
1	39372254	23	29
1	39414229	17	24
1	39484939	17	21
1	39496305	26	19
1	39521081	19	19
1	39536062	24	26
1	39622104	20	24
1	39699251	17	23
1	39704319	25	26
1	39775434	17	33
1	39780738	16	33
1	39829117	16	31
1	40019595	28	25
1	40074391	15	33
1	40081051	37	22
1	40207569	22	25
1	40267113	20	23
1	40289734	18	24
1	40290709	21	22
1	40334072	21	25
1	40340580	7	28
1	40393810	12	22
1	40423539	16	33
1	40441212	18	24
1	40475827	12	32
1	40543785	6	24
1	40551193	21	23
1	40560090	15	35
1	40564009	15	24
1	40567880	13	16
1	40577796	13	23
1	40605492	18	23
1	40694089	18	36
1	40760029	26	23
1	40766529	14	19
1	40778407	18	36
1	40891664	13	32
1	40909286	19	28
1	40914436	14	22
1	41131077	22	25
1	41165019	19	15
1	41173172	14	30
1	41182718	11	31
1	41194774	19	31
1	41233945	21	24
1	41236325	25	35
1	41245319	15	24
1	41333050	16	26
1	41340063	13	24
1	41374211	25	28
1	41415140	29	24
1	41435417	16	27
1	41475115	15	16
1	41588688	18	22
1	41632446	21	23
1	41643853	30	25
1	41678247	16	29
1	41804511	10	28
1	41872979	16	21
1	41902442	17	28
1	41928438	21	28
1	41967665	16	16
1	42016414	17	23
1	42075228	21	22
1	42133627	16	33
1	42141872	25	26
1	42179758	25	31
1	42185563	26	24
1	42267632	13	33
1	42343147	18	25
1	42349823	20	27
1	42379628	20	14
1	42392949	17	27
1	42476384	11	34
1	42480322	20	23
1	42503766	19	26
1	42539804	12	19
1	42622950	16	24
1	42645475	18	23
1	42645911	26	15
1	42663308	20	25
1	42665148	17	27
1	42673908	19	21
1	42741289	16	23
1	42752997	17	32
1	42760816	20	30
1	42777844	14	37
1	42798296	21	29
1	42811021	18	24
1	42821580	24	20
1	42840045	19	20
1	42866218	23	24
1	42872731	26	27
1	42887387	15	25
1	42957256	14	25
1	43053591	20	23
1	43102743	19	26
1	43233691	23	21
1	43260850	12	41
1	43263160	20	25
1	43290168	25	20
1	43443755	14	26
1	43461753	22	28
1	43484779	24	23
1	43550153	16	31
1	43565290	11	24
1	43570631	18	29
1	43627913	21	26
1	43710931	17	29
1	43772097	22	23
1	43790789	21	34
1	43926131	26	21
1	43966515	17	37
1	43984965	12	36
1	43994927	17	31
1	44121914	23	18
1	44160428	17	35
1	44170304	17	29
1	44211856	21	23
1	44257519	25	26
1	44330814	27	28
1	44436356	9	35
1	44448097	23	21
1	44452689	13	30
1	44499706	28	17
1	44556059	21	27
1	44563721	26	30
1	44725744	13	25
1	44732130	25	27
1	44742808	18	29
1	44769603	18	27
1	44780772	15	19
1	44794967	29	19
1	44830521	16	23
1	44855927	25	24
1	44889075	12	26
1	44891959	22	30
1	44938064	26	22
1	44945640	19	22
1	44952517	24	26
1	44996094	26	21
1	45011210	16	26
1	45031075	18	37
1	45040135	26	26
1	45111855	23	26
1	45137026	31	26
1	45139053	18	26
1	45144938	21	22
1	45183402	26	25
1	45187069	18	19
1	45189067	12	28
1	45202303	20	28
1	45231963	15	30
1	45269351	18	27
1	45275929	18	27
1	45291542	22	22
1	45294348	24	28
1	45294791	14	28
1	45317193	26	30
1	45387845	22	23
1	45414410	21	24
1	45532922	20	26
1	45570530	21	28
1	45587548	28	22
1	45590906	12	19
1	45594255	15	27
1	45657846	22	21
1	45688029	13	33
1	45728575	23	27
1	45729292	21	23
1	45772442	28	27
1	45784218	24	24
1	45803072	16	18
1	45827542	29	16
1	45915962	29	15
1	46003683	21	20
1	46006339	8	24
1	46012046	16	24
1	46069281	10	30
1	46083985	15	18
1	46131837	19	32
1	46157266	19	29
1	46216623	22	24
1	46283764	17	17
1	46286502	23	19
1	46323555	18	30
1	46381590	18	20
1	46501850	20	26
1	46521093	16	28
1	46539982	21	21
1	46540455	19	23
1	46579639	24	23
1	46634518	23	26
1	46642804	15	23
1	46660203	17	23
1	46696808	23	29
1	46705092	18	33
1	46774277	15	17
1	46813070	21	23
1	46821116	15	16
1	46826458	27	26
1	46896826	26	30
1	46902898	22	26
1	46903701	12	30
1	46917770	14	27
1	46929746	14	26
1	46988841	17	24
1	47036864	29	30
1	47039791	20	30
1	47081735	19	28
1	47091532	18	28
1	47146878	16	21
1	47150459	20	30
1	47179403	10	27
1	47260545	14	24
1	47378189	20	29
1	47405995	18	24
1	47448398	16	34
1	47452104	15	38
1	47478438	13	38
1	47506365	18	20
1	47539628	28	36
1	47543339	17	27
1	47597113	18	26
1	47610051	24	22
1	47615964	24	22
1	47647792	18	32
1	47670828	23	21
1	47700542	18	21
1	47706051	11	25
1	47720322	29	16
1	47806932	21	33
1	47819363	18	30
1	47927193	21	36
1	48094065	26	26
1	48104708	34	23
1	48113449	11	24
1	48146222	16	23
1	48159181	18	24
1	48168934	23	31
1	48174051	16	26
1	48203976	19	22
1	48220578	14	27
1	48238612	18	22
1	48250297	26	29
1	48377839	13	30
1	48379448	9	22
1	48408613	35	29
1	48478444	15	36
1	48501952	16	37
1	48510121	14	18
1	48527376	11	21
1	48571485	20	27
1	48573046	25	24
1	48624181	15	33
1	48631591	9	33
1	48636667	12	24
1	48640296	22	30
1	48675120	16	15
1	48755083	20	21
1	48778184	25	18
1	48844258	23	31
1	48856813	25	25
1	48878316	20	19
1	48959223	17	19
1	48995083	27	19
1	49009221	29	12
1	49019598	22	26
1	49069378	12	30
1	49075905	23	29
1	49096832	15	25
1	49103891	21	27
1	49109872	29	31
1	49130182	17	17
1	49142665	28	32
1	49164719	16	29
1	49181063	18	42
1	49246792	21	22
1	49319927	17	25
1	49392844	9	18
1	49445315	22	21
1	49445804	17	14
1	49563723	19	22
1	49592907	22	32
1	49651261	12	34
1	49663164	19	28
1	49674027	28	23
1	49721352	11	25
1	49722172	22	17
1	49741275	25	21
1	49790896	20	23
1	49833646	18	21
1	49835064	12	26
1	49882602	17	25
1	49894116	25	31
1	49900343	15	32
1	49902018	18	26
1	49946573	16	21
1	49949727	18	25
1	49973312	18	26
1	50019710	14	25
1	50031626	17	21
1	50071574	15	31
1	50072025	28	23
1	50139937	15	21
1	50227479	18	21
1	50254575	7	27
1	50258079	17	32
1	50277093	15	31
1	50311065	24	29
1	50337709	27	21
1	50342736	17	24
1	50401976	20	18
1	50415122	24	24
1	50456176	15	23
1	50476215	21	26
1	50477536	17	24
1	50485751	24	30
1	50499132	26	15
1	50499500	13	20
1	50529013	20	34
1	50575484	22	21
1	50590518	16	26
1	50827644	20	33
1	50839139	14	22
1	50855662	19	29
1	50890766	28	29
1	50900706	25	21
1	50905974	15	33
1	50910403	21	23
1	50950607	19	38
1	50951839	16	29
1	50986440	24	23
1	50996276	25	24
1	51028144	23	26
1	51046894	13	20
1	51098089	12	27
1	51106562	17	27
1	51141339	13	19
1	51175013	11	32
1	51188462	23	35
1	51256982	27	23
1	51322641	19	24
1	51329215	23	19
1	51330649	14	33
1	51351198	24	25
1	51358708	9	32
1	51426084	17	19
1	51477895	13	31
1	51547592	13	24
1	51633196	17	23
1	51672821	32	26
1	51687942	21	29
1	51695190	14	29
1	51707646	12	32
1	51712438	16	26
1	51779288	23	33
1	51781728	11	27
1	51917480	14	31
1	51928115	20	26
1	51951837	21	17
1	52030976	10	26
1	52061453	9	15
1	52077680	26	27
1	52119833	16	18
1	52200773	17	28
1	52248518	15	28
1	52292516	12	21
1	52345968	27	23
1	52366348	25	23
1	52414394	20	27
1	52468056	8	23
1	52472520	18	35
1	52500602	18	25
1	52527914	16	32
1	52536202	17	33
1	52544846	23	19
1	52584547	18	32
1	52594820	19	32
1	52644213	20	23
1	52660681	18	28
1	52661576	24	29
1	52668693	19	26
1	52712416	25	23
1	52723807	23	18
1	52727027	20	28
1	52773146	22	20
1	52824876	11	28
1	52931926	20	23
1	52954568	7	24
1	52957388	19	29
1	52980561	24	27
1	52996399	23	33
1	53021850	30	21
1	53111306	19	26
1	53138391	23	19
1	53170550	16	18
1	53182836	27	27
1	53190573	13	25
1	53233182	21	22
1	53290337	15	23
1	53303054	16	28
1	53344552	24	22
1	53351210	17	22
1	53385677	24	23
1	53401102	21	32
1	53403783	17	22
1	53416073	20	34
1	53420824	22	26
1	53461830	14	27
1	53462598	11	35
1	53633547	19	22
1	53694489	21	19
1	53777600	24	25
1	53778260	31	23
1	53798278	16	19
1	53827156	17	22
1	53867733	21	18
1	53882812	16	23
1	53913291	22	20
1	53916879	29	30
1	53918751	18	18
1	53946399	22	18
1	53973118	21	23
1	54088480	23	28
1	54093508	14	16
1	54120421	13	27
1	54132127	20	31
1	54138052	24	34
1	54143601	24	14
1	54146704	15	34
1	54176243	22	30
1	54217403	17	27
1	54219761	18	27
1	54238506	18	24
1	54253489	24	19
1	54275491	33	27
1	54283712	17	40
1	54388759	18	26
1	54397919	14	25
1	54428334	15	22
1	54465508	23	25
1	54537404	13	36
1	54629487	16	28
1	54696118	22	24
1	54727367	16	25
1	54751136	14	27
1	54787302	21	37
1	54815962	23	25
1	54834011	17	34
1	54898238	22	32
1	54909860	20	24
1	54938572	20	13
1	54942038	22	31
1	54949503	24	26
1	54978746	27	23
1	54989949	13	15
1	55049918	20	31
1	55052514	24	27
1	55054930	25	25
1	55088998	19	24
1	55110955	24	27
1	55131853	17	24
1	55136014	18	26
1	55153937	16	34
1	55266467	10	32
1	55273221	15	29
1	55358779	26	19
1	55396633	26	21
1	55398850	17	20
1	55402350	23	14
1	55405919	21	27
1	55505737	20	23
1	55525851	12	20
1	55577321	18	26
1	55608910	16	21
1	55618412	21	37
1	55631834	13	24
1	55643520	21	22
1	55704132	21	30
1	55784312	22	19
1	55794752	15	26
1	55799590	16	26
1	55823148	26	22
1	55890733	17	26
1	55895332	15	19
1	55975045	21	17
1	56006627	21	19
1	56157142	23	37
1	56182734	15	25
1	56271267	12	32
1	56273643	22	22
1	56288823	23	19
1	56478989	16	24
1	56492761	17	39
1	56498821	24	23
1	56545964	33	27
1	56575881	17	19
1	56584886	5	24
1	56590890	18	39
1	56708435	16	31
1	56774732	16	29
1	56816329	21	31
1	56833014	17	22
1	56835416	28	25
1	56870978	15	23
1	56876392	16	29
1	56895230	22	19
1	57012338	26	35
1	57035775	23	22
1	57084435	22	30
1	57085838	20	22
1	57119578	13	24
1	57130569	9	26
1	57135363	12	28
1	57158420	22	27
1	57165819	19	24
1	57181400	25	13
1	57206555	16	34
1	57267342	26	23
1	57269197	13	36
1	57272517	13	25
1	57274052	20	37
1	57279609	19	37
1	57325252	21	21
1	57344390	20	24
1	57438233	16	28
1	57492311	16	23
1	57513440	15	26
1	57579541	19	25
1	57582914	26	26
1	57608513	14	23
1	57664774	22	20
1	57665748	16	26
1	57704583	24	20
1	57727217	20	20
1	57729133	17	23
1	57735190	19	31
1	57763469	18	14
1	57765502	19	26
1	57824283	20	22
1	57860557	17	29
1	57869310	27	23
1	57890992	22	29
1	57911656	20	29
1	57934866	18	29
1	57972492	25	29
1	57986813	19	37
1	58036344	16	30
1	58047297	19	24
1	58161277	17	28
1	58242810	21	26
1	58399196	20	20
1	58408272	26	26
1	58424357	23	24
1	58465659	11	26
1	58479965	21	25
1	58506706	23	21
1	58664695	12	36
1	58682358	17	25
1	58744054	32	19
1	58751256	25	21
1	58765027	17	22
1	58777187	25	24
1	58805755	22	24
1	58807835	19	24
1	58828326	15	28
1	58853771	15	20
1	58871443	19	27
1	58873582	24	30
1	58905703	16	19
1	58929295	22	31
1	59011054	25	28
1	59126621	17	19
1	59132709	15	28
1	59134217	23	23
1	59146202	17	28
1	59186126	13	32
1	59209934	20	30
1	59225755	20	24
1	59288212	13	25
1	59445905	26	27
1	59477435	12	25
1	59505716	11	21
1	59521810	21	14
1	59548668	13	21
1	59620597	21	30
1	59632188	21	31
1	59633307	15	28
1	59639899	25	26
1	59669313	34	34
1	59683812	19	28
1	59727066	19	17
1	59806236	17	24
1	59833080	31	34
1	59847808	15	33
1	59852027	11	31
1	59856479	25	27
1	59878710	17	28
1	59890366	25	24
1	59965588	14	31
1	59975238	16	26
1	60016704	17	32
1	60063470	22	27
1	60098817	16	24
1	60105854	15	26
1	60110180	17	20
1	60117681	26	21
1	60132745	17	26
1	60145577	14	16
1	60331559	19	18
1	60524202	23	26
1	60563773	21	23
1	60635544	14	34
1	60699585	19	34
1	60717306	21	29
1	60728775	18	20
1	60745547	8	33
1	60782129	18	22
1	60807288	18	29
1	60895312	14	23
1	60909446	18	22
1	60927658	21	26
1	61002121	18	27
1	61028421	11	25
1	61058715	15	24
1	61066156	23	26
1	61084374	25	24
1	61126143	18	26
1	61167463	17	22
1	61169540	16	21
1	61187185	19	31
1	61254279	23	31
1	61403553	20	25
1	61426413	18	29
1	61457308	27	16
1	61582974	21	25
1	61597187	20	37
1	61601448	23	23
1	61713154	15	38
1	61742379	23	23
1	61760167	18	17
1	61800036	24	20
1	61834670	21	27
1	61838298	21	26
1	61844764	31	24
1	61907887	21	29
1	61916356	24	23
1	61926324	17	26
1	61944879	22	21
1	62020162	19	30
1	62037184	19	23
1	62050501	11	28
1	62096016	17	31
1	62131565	26	27
1	62174481	22	30
1	62181652	26	18
1	62224379	18	26
1	62302340	16	21
1	62354833	18	28
1	62382123	19	28
1	62456646	24	27
1	62481934	21	20
1	62490544	24	33
1	62494096	19	22
1	62501183	25	21
1	62619201	17	18
1	62622273	25	29
1	62678154	22	30
1	62684731	26	17
1	62690925	16	16
1	62737270	22	17
1	62868086	22	28
1	62894326	11	24
1	62918432	21	33
1	62931852	21	31
1	63071455	24	26
1	63104434	14	21
1	63110593	19	30
1	63111914	16	30
1	63142515	30	19
1	63159321	20	21
1	63194322	18	19
1	63210468	21	19
1	63220232	28	22
1	63276385	16	20
1	63279014	18	23
1	63281307	18	27
1	63301840	11	30
1	63317390	15	28
1	63339477	15	22
1	63396679	20	30
1	63453567	23	33
1	63459756	19	20
1	63480478	18	25
1	63527732	17	26
1	63543344	17	22
1	63605842	23	33
1	63617907	13	30
1	63647091	20	31
1	63647636	13	26
1	63725339	16	20
1	63745873	14	23
1	63752511	10	19
1	63847837	16	30
1	63886420	21	18
1	63894275	10	27
1	63910989	9	24
1	63929626	21	36
1	63936725	24	26
1	63958816	20	26
1	63959604	9	39
1	64014149	21	22
1	64049749	19	22
1	64049993	29	26
1	64052616	16	29
1	64075343	25	35
1	64108375	27	21
1	64122744	5	38
1	64124281	13	19
1	64135582	8	20
1	64190239	20	29
1	64206079	14	38
1	64275419	21	31
1	64320429	24	26
1	64328728	19	32
1	64394430	19	33
1	64415370	12	28
1	64418101	19	29
1	64457185	16	21
1	64493419	17	42
1	64513667	18	18
1	64527337	12	24
1	64619230	17	28
1	64692983	17	29
1	64817599	15	29
1	64826878	24	35
1	64836567	16	25
1	64880728	26	19
1	64902175	27	23
1	64918213	19	24
1	64919666	10	30
1	64937093	15	27
1	64949750	20	35
1	64969965	24	34
1	64988606	29	26
1	64989916	26	31
1	65027140	11	25
1	65028630	22	38
1	65056042	16	22
1	65172154	15	31
1	65255611	15	29
1	65262349	21	20
1	65309832	12	31
1	65313710	22	26
1	65352471	12	32
1	65469491	32	33
1	65480305	17	37
1	65494594	24	32
1	65498966	21	32
1	65519712	28	37
1	65568054	14	30
1	65595150	29	21
1	65640109	25	13
1	65664755	21	22
1	65685421	24	23
1	65691292	13	20
1	65717204	14	29
1	65758135	34	27
1	65766789	25	30
1	65834702	20	26
1	65858673	18	26
1	65881341	10	38
1	65883257	15	28
1	65921302	19	36
1	65956675	18	20
1	66086151	18	30
1	66092469	18	35
1	66135528	24	22
1	66152969	23	29
1	66202818	21	32
1	66203761	12	24
1	66212603	17	32
1	66215042	21	30
1	66234645	15	24
1	66251259	21	16
1	66280135	28	17
1	66282936	30	30
1	66283196	15	43
1	66289686	20	25
1	66305185	10	28
1	66312404	23	17
1	66483123	22	21
1	66501250	18	24
1	66576476	11	28
1	66586628	13	17
1	66636217	18	24
1	66702955	24	27
1	66703609	21	27
1	66739956	15	28
1	66763169	28	16
1	66773127	20	20
1	66838841	19	27
1	66861361	13	33
1	66926700	24	23
1	66957191	23	23
1	66970281	29	29
1	66994938	13	18
1	67001655	18	21
1	67004372	18	22
1	67015943	19	31
1	67042663	19	14
1	67067526	14	16
1	67071506	15	24
1	67136422	18	31
1	67142193	20	23
1	67148274	29	29
1	67169241	25	21
1	67194891	29	30
1	67219229	16	30
1	67220920	18	36
1	67225079	22	23
1	67259096	17	30
1	67287446	14	29
1	67333222	19	26
1	67347036	23	26
1	67452714	24	24
1	67477052	14	19
1	67504747	16	35
1	67530329	15	37
1	67534188	17	21
1	67578530	19	26
1	67594031	10	38
1	67600889	20	18
1	67625148	18	25
1	67628131	19	28
1	67642858	19	20
1	67660496	18	17
1	67665160	10	24
1	67722705	15	25
1	67791258	11	34
1	67870917	21	22
1	67872179	13	32
1	67906579	17	30
1	67946842	16	25
1	67948447	24	23
1	67997273	11	18
1	68001368	21	30
1	68001376	19	33
1	68072801	11	22
1	68123815	19	34
1	68184242	23	31
1	68206014	17	24
1	68281153	18	27
1	68325481	19	21
1	68385641	23	24
1	68554475	16	33
1	68566121	17	30
1	68569750	28	22
1	68607459	16	31
1	68691235	20	21
1	68753899	19	28
1	68762910	18	23
1	68768378	19	29
1	68798753	24	23
1	68889996	22	29
1	68897647	29	34
1	68927876	14	22
1	68957287	21	21
1	68964305	20	24
1	68976617	17	30
1	68991699	16	20
1	69004425	32	24
1	69008195	29	26
1	69024761	13	28
1	69173456	17	20
1	69178695	30	20
1	69199327	17	21
1	69269855	17	31
1	69270236	19	24
1	69274624	29	23
1	69282423	26	25
1	69317252	8	35
1	69324908	18	28
1	69352881	22	34
1	69408290	25	16
1	69437763	9	24
1	69584777	16	27
1	69607483	17	25
1	69608806	23	29
1	69622045	12	35
1	69632275	22	20
1	69651089	11	33
1	69682747	20	18
1	69684035	14	42
1	69814672	14	22
1	69898248	16	19
1	70009993	17	16
1	70024659	22	19
1	70064381	12	25
1	70070588	16	35
1	70103570	23	23
1	70119497	20	20
1	70125552	19	34
1	70202071	26	25
1	70237173	21	25
1	70237734	21	25
1	70283879	24	20
1	70290315	24	15
1	70294233	17	29
1	70348609	15	12
1	70372575	16	27
1	70375107	16	26
1	70406227	10	16
1	70426782	29	22
1	70432606	21	20
1	70465953	18	29
1	70497711	14	20
1	70506461	18	24
1	70516231	11	15
1	70538572	17	27
1	70591369	23	32
1	70604240	19	27
1	70614311	22	25
1	70620205	19	25
1	70633995	22	20
1	70651866	21	21
1	70660338	24	21
1	70669432	23	24
1	70702466	17	29
1	70721815	26	28
1	70726294	22	15
1	70760056	24	21
1	70770290	32	27
1	70784141	25	25
1	70809197	33	31
1	70936612	21	27
1	70965346	14	29
1	71005827	12	26
1	71033524	18	25
1	71050427	16	20
1	71087885	15	31
1	71147594	22	24
1	71187012	20	22
1	71313150	23	23
1	71341619	35	18
1	71378262	16	21
1	71386001	18	29
1	71418406	12	33
1	71428890	18	18
1	71433690	15	17
1	71537757	15	23
1	71539964	17	19
1	71549384	24	31
1	71620906	16	22
1	71641392	26	20
1	71672502	20	23
1	71722027	27	23
1	71725338	19	27
1	71785445	17	19
1	71794635	12	18
1	71797415	33	24
1	71829846	14	20
1	71865343	21	35
1	71871660	23	28
1	71886732	20	26
1	71915302	15	25
1	71973940	18	30
1	71974208	24	23
1	71981590	20	20
1	72070470	12	21
1	72114871	19	21
1	72120043	21	17
1	72143977	10	30
1	72152164	16	28
1	72154281	25	32
1	72159814	22	28
1	72194983	23	32
1	72249092	13	20
1	72250184	41	24
1	72303203	18	30
1	72328313	22	22
1	72338398	13	32
1	72418239	23	21
1	72535274	21	32
1	72548258	21	32
1	72551660	18	27
1	72597767	23	20
1	72627283	27	21
1	72658600	15	26
1	72704112	12	33
1	72745886	16	24
1	72774388	18	23
1	72779448	19	35
1	72782340	16	30
1	72783907	26	21
1	72935618	25	29
1	72944930	23	33
1	72947786	21	21
1	73045604	14	46
1	73111454	16	26
1	73117566	20	23
1	73118044	20	18
1	73136951	16	35
1	73180333	16	25
1	73187126	16	26
1	73291912	11	27
1	73292016	18	23
1	73294086	30	27
1	73297089	29	22
1	73306032	17	26
1	73313915	9	25
1	73434121	17	23
1	73434343	21	19
1	73452362	25	26
1	73469730	13	29
1	73488295	15	30
1	73537566	18	25
1	73586039	29	18
1	73663660	24	24
1	73719557	16	22
1	73742896	18	18
1	73748258	11	22
1	73785022	22	26
1	73785191	27	17
1	73790898	18	36
1	73815811	26	19
1	73832114	14	33
1	73847330	19	26
1	73905800	22	28
1	73907502	19	18
1	73934248	16	32
1	73966106	18	20
1	73987856	22	28
1	74007602	15	31
1	74040109	8	32
1	74073561	14	34
1	74097236	24	22
1	74097368	12	25
1	74109538	17	22
1	74118889	15	36
1	74247915	24	29
1	74269733	20	19
1	74299643	25	21
1	74326566	15	24
1	74353851	15	25
1	74384469	21	27
1	74429766	19	27
1	74444363	23	22
1	74457238	18	31
1	74461072	10	25
1	74491709	19	28
1	74574136	19	29
1	74684634	19	24
1	74693936	26	28
1	74707594	18	22
1	74728029	18	29
1	74744968	22	24
1	74764184	18	33
1	74767959	18	29
1	74847516	20	28
1	74869096	18	20
1	74878905	22	35
1	74907960	21	26
1	74915105	19	26
1	74916702	16	20
1	74924196	18	23
1	75034875	15	24
1	75041011	12	20
1	75066471	14	23
1	75086342	20	19
1	75110415	24	22
1	75129026	21	18
1	75174621	27	24
1	75179347	10	35
1	75199329	15	28
1	75235000	21	19
1	75242713	14	30
1	75267760	21	30
1	75288412	19	16
1	75304733	19	31
1	75518114	12	28
1	75529966	23	26
1	75548490	26	30
1	75584197	16	39
1	75628547	13	24
1	75673542	19	25
1	75686862	18	26
1	75747984	18	27
1	75781905	20	28
1	75895852	23	21
1	75900229	21	15
1	75944406	18	28
1	76018774	22	25
1	76053527	14	38
1	76059922	22	32
1	76082683	31	18
1	76091529	10	29
1	76106711	22	29
1	76132515	12	20
1	76154579	21	26
1	76171743	22	20
1	76190614	18	25
1	76205216	14	29
1	76212674	27	25
1	76214438	23	26
1	76233782	20	22
1	76244335	22	24
1	76297515	28	18
1	76330797	21	26
1	76349010	23	21
1	76399165	14	31
1	76412161	21	30
1	76414331	19	25
1	76430016	18	37
1	76506430	12	21
1	76530863	14	25
1	76556684	15	30
1	76557918	15	29
1	76652117	22	32
1	76686487	22	24
1	76729162	22	29
1	76731767	25	24
1	76765286	27	22
1	76786524	21	25
1	76853401	20	23
1	76940047	16	30
1	76947092	23	27
1	76969921	18	31
1	77016140	14	25
1	77032908	16	26
1	77099761	19	17
1	77153111	13	23
1	77186801	20	21
1	77224256	15	22
1	77242114	24	29
1	77390017	23	32
1	77401539	23	40
1	77406288	20	26
1	77433077	14	23
1	77443768	24	20
1	77475374	17	22
1	77504950	14	30
1	77517548	16	28
1	77561312	29	21
1	77578683	15	27
1	77578726	18	29
1	77652058	18	28
1	77659286	17	21
1	77666342	15	29
1	77771102	25	19
1	77989225	16	26
1	78004866	25	21
1	78059641	17	17
1	78097615	17	29
1	78109770	5	36
1	78136395	26	25
1	78144302	12	36
1	78152743	10	19
1	78153390	23	33
1	78169761	19	27
1	78191255	19	29
1	78265405	23	31
1	78303152	24	25
1	78364191	22	20
1	78398759	22	31
1	78406183	28	22
1	78468928	21	31
1	78490659	37	24
1	78536973	15	25
1	78561274	9	27
1	78622330	20	21
1	78627009	20	29
1	78642787	16	36
1	78658452	16	30
1	78735052	21	21
1	78777199	22	20
1	78789765	15	30
1	78793458	21	25
1	78888524	21	28
1	78914316	22	30
1	78945347	18	22
1	78952698	21	27
1	78953797	19	30
1	79000751	22	10
1	79013710	15	27
1	79049188	23	11
1	79106940	13	36
1	79162736	15	22
1	79184484	18	22
1	79208681	20	27
1	79219421	18	27
1	79327024	12	38
1	79357154	25	29
1	79372014	14	29
1	79396951	24	27
1	79401561	16	27
1	79467424	22	29
1	79487630	19	20
1	79526529	22	29
1	79536572	19	24
1	79556544	21	33
1	79585600	18	18
1	79630827	23	25
1	79646741	11	28
1	79665210	29	19
1	79704173	21	28
1	79785561	19	33
1	79802955	25	22
1	79816229	17	22
1	79819447	23	27
1	79843022	20	21
1	79874460	20	20
1	79895197	18	23
1	79923137	24	26
1	79977413	24	35
1	79995261	21	29
1	80006283	19	25
1	80118552	18	28
1	80143729	16	22
1	80195383	14	25
1	80265115	23	22
1	80302193	14	36
1	80313305	12	22
1	80442885	15	28
1	80459458	25	22
1	80525501	11	25
1	80531251	24	17
1	80571943	13	33
1	80581334	16	17
1	80581626	26	29
1	80583564	22	17
1	80701147	15	32
1	80715267	11	27
1	80754687	6	31
1	80766217	17	10
1	80780169	12	27
1	80818823	17	25
1	80882544	14	20
1	80976007	16	27
1	80983024	17	22
1	80997396	19	29
1	81029050	24	32
1	81036224	21	19
1	81054328	12	27
1	81091257	16	30
1	81130319	19	31
1	81140965	10	28
1	81155034	16	27
1	81184406	23	28
1	81220001	13	23
1	81221720	20	25
1	81310738	12	36
1	81322225	19	10
1	81373259	8	31
1	81407667	20	27
1	81409798	11	22
1	81428757	18	23
1	81451448	16	24
1	81453012	11	24
1	81462164	21	25
1	81464734	28	30
1	81541399	23	17
1	81628312	20	22
1	81669589	19	26
1	81695342	19	25
1	81730315	17	36
1	81752167	14	26
1	81752732	26	24
1	81803812	24	15
1	81832139	25	19
1	81866457	27	21
1	81911895	16	44
1	81957475	18	22
1	81968126	24	27
1	81987238	21	22
1	82006492	10	38
1	82009376	26	22
1	82077778	15	24
1	82092536	23	31
1	82183003	23	24
1	82273310	23	28
1	82285077	20	31
1	82323988	21	18
1	82346202	19	19
1	82425412	16	24
1	82429824	14	19
1	82466995	17	25
1	82475124	26	26
1	82534337	18	30
1	82542141	16	24
1	82579042	17	29
1	82593706	11	24
1	82629566	14	27
1	82645920	16	30
1	82648397	16	21
1	82657982	12	30
1	82697386	35	26
1	82723985	10	33
1	82748863	28	23
1	82776092	14	37
1	82782621	25	25
1	82806546	16	31
1	82842566	12	29
1	82843302	15	18
1	82899912	16	35
1	82970210	19	32
1	82983895	16	25
1	82997842	18	24
1	83044472	26	25
1	83150324	26	28
1	83155748	22	25
1	83158150	20	24
1	83171222	26	15
1	83186935	11	22
1	83224191	22	21
1	83306800	26	27
1	83332267	16	21
1	83392247	19	21
1	83464881	14	28
1	83470832	21	20
1	83495296	23	22
1	83508511	13	35
1	83539748	9	25
1	83555098	28	24
1	83562123	17	20
1	83601958	26	24
1	83649163	20	37
1	83656907	25	23
1	83686928	22	27
1	83716504	18	23
1	83730362	20	19
1	83748446	16	23
1	83815144	31	17
1	83815649	19	30
1	83830498	22	30
1	83832151	27	28
1	83846750	20	25
1	83903709	21	24
1	84012364	8	23
1	84098576	23	23
1	84130425	32	16
1	84153968	24	31
1	84165326	18	29
1	84194746	20	22
1	84318468	18	23
1	84324099	11	15
1	84326185	17	28
1	84379930	19	26
1	84406185	20	35
1	84461808	25	28
1	84490188	19	20
1	84492805	22	22
1	84507908	20	25
1	84553076	34	24
1	84569661	17	22
1	84574977	15	28
1	84621396	26	15
1	84678319	22	19
1	84692305	20	33
1	84706212	19	27
1	84726956	25	20
1	84743845	17	27
1	84766789	17	33
1	84784832	27	21
1	84812169	14	33
1	84863008	20	41
1	84945100	16	25
1	84951959	18	33
1	85079432	23	23
1	85102410	13	23
1	85125532	18	24
1	85150887	19	22
1	85239478	20	26
1	85259041	26	15
1	85261301	19	24
1	85262519	15	26
1	85265955	20	17
1	85292782	18	22
1	85340161	13	27
1	85394561	16	30
1	85422334	16	17
1	85462599	27	24
1	85468148	15	23
1	85490906	27	18
1	85496910	24	24
1	85504782	21	33
1	85517769	25	18
1	85545833	22	27
1	85547875	13	26
1	85596114	14	22
1	85633571	19	22
1	85660398	11	32
1	85678708	16	29
1	85811293	17	32
1	85912564	15	26
1	85913969	18	31
1	85922391	24	27
1	85957331	25	30
1	86006899	19	18
1	86105505	25	27
1	86108942	16	24
1	86116582	14	33
1	86164885	18	22
1	86179572	23	30
1	86198823	17	28
1	86219061	25	20
1	86232791	16	24
1	86233474	22	20
1	86254171	22	31
1	86279021	15	32
1	86296340	12	36
1	86327770	15	24
1	86373601	20	23
1	86387984	22	27
1	86390441	23	26
1	86412564	20	21
1	86457392	15	32
1	86470942	17	29
1	86508361	20	27
1	86638093	22	24
1	86644409	21	24
1	86646180	19	29
1	86666458	18	33
1	86715975	14	22
1	86721944	22	27
1	86757094	17	26
1	86762573	22	24
1	86780377	24	27
1	86820253	26	22
1	86825109	15	26
1	86847991	21	30
1	86874534	18	30
1	86908544	17	22
1	86971545	25	26
1	86998092	24	26
1	87008141	20	23
1	87031889	24	26
1	87090936	18	35
1	87091408	25	36
1	87179329	19	36
1	87196911	26	34
1	87240155	21	16
1	87303359	21	27
1	87330722	19	27
1	87367160	17	20
1	87404388	18	28
1	87503508	23	19
1	87535177	26	23
1	87563785	20	30
1	87612713	22	27
1	87626885	19	25
1	87641738	20	22
1	87655050	19	29
1	87688101	14	28
1	87713369	21	19
1	87727488	26	31
1	87733407	27	28
1	87766936	17	25
1	87769617	9	26
1	87778514	18	17
1	87807976	31	24
1	87845683	11	22
1	87873214	15	36
1	87950338	23	32
1	87962487	15	26
1	88011780	20	27
1	88129107	16	38
1	88172520	16	34
1	88186674	26	27
1	88301831	14	25
1	88388665	17	15
1	88475272	12	40
1	88516689	24	23
1	88539164	22	25
1	88653327	13	26
1	88699068	21	32
1	88711868	22	21
1	88729392	20	19
1	88754680	20	26
1	88832379	22	32
1	88839519	17	25
1	88854127	23	27
1	88859053	19	29
1	88897122	17	28
1	88897370	17	28
1	89015497	24	22
1	89038720	23	33
1	89234586	13	18
1	89285674	18	25
1	89287952	14	34
1	89290110	18	20
1	89386481	7	22
1	89456245	21	31
1	89468309	18	23
1	89564795	23	18
1	89605990	20	31
1	89710210	23	23
1	89791809	23	24
1	89885383	20	26
1	89898512	24	20
1	89903422	27	25
1	89941110	15	32
1	89959818	24	26
1	89971981	20	25
1	89984556	24	26
1	90048322	18	29
1	90087180	16	30
1	90199074	12	35
1	90204216	20	30
1	90268406	28	29
1	90290844	7	35
1	90352918	19	14
1	90424588	20	16
1	90455958	23	27
1	90498096	23	24
1	90603682	21	29
1	90645631	24	29
1	90676297	13	27
1	90697366	19	30
1	90726010	13	26
1	90750078	21	27
1	90760907	16	32
1	90787059	12	28
1	90873679	14	26
1	90886982	18	31
1	90908289	15	21
1	90908407	11	25
1	90991644	19	35
1	90998861	18	24
1	91056690	9	31
1	91066400	21	17
1	91113166	15	31
1	91167108	13	37
1	91206838	18	16
1	91213070	23	21
1	91237759	18	26
1	91279097	19	33
1	91338145	19	27
1	91342203	15	28
1	91347202	29	25
1	91357814	23	33
1	91386262	12	23
1	91436868	13	28
1	91498362	23	19
1	91549540	35	24
1	91575424	19	28
1	91585760	20	20
1	91634624	21	18
1	91666068	18	20
1	91764341	23	21
1	91809612	23	22
1	91817465	17	23
1	91821447	20	26
1	91823272	18	41
1	91874399	22	25
1	91887625	26	24
1	91904835	23	22
1	91935771	15	25
1	92021972	22	16
1	92028773	10	25
1	92036977	18	22
1	92040412	14	33
1	92053257	14	26
1	92091365	21	36
1	92097925	24	23
1	92122463	26	24
1	92179581	22	26
1	92312171	16	17
1	92341434	11	27
1	92483053	21	26
1	92507306	27	21
1	92509089	11	23
1	92544882	25	34
1	92587851	16	30
1	92603710	22	22
1	92661119	17	24
1	92672493	22	28
1	92718497	22	30
1	92741532	21	35
1	92746791	19	25
1	92771189	18	24
1	92849607	16	18
1	92906040	21	30
1	92923439	18	18
1	92948978	16	24
1	92952422	17	33
1	92964146	16	22
1	93011502	25	26
1	93049952	14	27
1	93202883	15	22
1	93205493	22	24
1	93219012	21	22
1	93221272	21	23
1	93257820	20	30
1	93305017	11	29
1	93360732	27	22
1	93379644	24	21
1	93397548	17	38
1	93416794	18	17
1	93437057	24	20
1	93438057	21	35
1	93532174	20	36
1	93537506	16	24
1	93539810	20	31
1	93574714	19	33
1	93588050	19	18
1	93617375	23	26
1	93630891	20	27
1	93636774	17	32
1	93719075	13	12
1	93737107	21	27
1	93754014	14	20
1	93756404	13	25
1	93817095	11	33
1	93830373	18	31
1	93913339	11	28
1	94030044	16	31
1	94033384	24	35
1	94041783	27	14
1	94071110	12	30
1	94077352	13	33
1	94131964	17	41
1	94140510	18	23
1	94240976	24	34
1	94269146	12	40
1	94288678	26	28
1	94300023	20	30
1	94330001	16	28
1	94347460	21	20
1	94362634	30	27
1	94400668	18	31
1	94433172	16	31
1	94448873	16	30
1	94452232	20	22
1	94476837	21	22
1	94490638	22	24
1	94515831	18	21
1	94539076	18	20
1	94639169	23	15
1	94676492	24	19
1	94702603	22	31
1	94738516	21	26
1	94770291	24	26
1	94774697	20	15
1	94775065	18	26
1	94833953	11	17
1	94871674	17	24
1	94919121	27	21
1	94927347	15	29
1	94979896	19	29
1	94980135	22	22
1	95030075	29	22
1	95050475	17	19
1	95090161	17	20
1	95121541	17	32
1	95240627	17	26
1	95258290	21	26
1	95267849	26	22
1	95268098	22	23
1	95277551	17	19
1	95323669	19	20
1	95360421	15	21
1	95379724	19	28
1	95390675	13	25
1	95422719	18	32
1	95425602	11	31
1	95452870	28	27
1	95487795	22	24
1	95500538	27	31
1	95537115	25	16
1	95552914	21	25
1	95597671	19	41
1	95602108	21	30
1	95629070	21	37
1	95667266	20	36
1	95677826	25	24
1	95703048	18	19
1	95742568	20	17
1	95756301	15	23
1	95901360	16	31
1	95952376	18	29
1	95952759	12	28
1	96093960	17	13
1	96224812	21	31
1	96230905	21	24
1	96251519	21	27
1	96439472	9	32
1	96487507	23	23
1	96533761	16	28
1	96624192	20	27
1	96629583	22	20
1	96700407	17	31
1	96707066	16	32
1	96718618	31	30
1	96849764	26	22
1	96860825	17	31
1	96875212	22	28
1	96895737	19	29
1	96926860	18	24
1	96949699	30	24
1	96970746	12	23
1	96983108	13	29
1	96985542	14	25
1	96988302	22	20
1	97036429	21	34
1	97041820	24	24
1	97058080	14	37
1	97107133	26	32
1	97120570	20	24
1	97145529	28	30
1	97155546	20	21
1	97182604	19	23
1	97290565	19	25
1	97331781	21	20
1	97403881	20	34
1	97415875	21	19
1	97496303	21	34
1	97502798	18	26
1	97533876	20	22
1	97537487	19	25
1	97548076	16	17
1	97551630	24	20
1	97568738	26	31
1	97596369	10	29
1	97597236	20	23
1	97607394	18	20
1	97638509	11	25
1	97640874	27	29
1	97651487	22	25
1	97666594	15	35
1	97708727	26	37
1	97739508	26	27
1	97753680	24	33
1	97755319	18	29
1	97784179	14	27
1	97821387	27	26
1	97842126	24	36
1	97856688	26	37
1	97865696	20	28
1	97867462	19	21
1	97882321	17	20
1	97930114	11	21
1	97954947	15	30
1	97984808	18	35
1	98062594	16	25
1	98084019	17	21
1	98094321	20	23
1	98109211	15	18
1	98159983	18	24
1	98205921	23	28
1	98207552	19	23
1	98220511	31	21
1	98222489	24	22
1	98261661	20	34
1	98276496	25	27
1	98352267	13	23
1	98370896	16	28
1	98392518	16	23
1	98459125	12	28
1	98462115	25	27
1	98481211	26	32
1	98511653	24	30
1	98538598	14	25
1	98548851	16	25
1	98566350	16	26
1	98571954	23	25
1	98581539	25	23
1	98610940	16	32
1	98692709	14	32
1	98708167	18	29
1	98732827	21	22
1	98739950	19	22
1	98766669	19	24
1	98921323	21	20
1	98979259	30	23
1	98981972	19	27
1	99001142	15	30
1	99089356	11	19
1	99108288	21	26
1	99147913	22	30
1	99159321	28	27
1	99215288	22	26
1	99286902	16	23
1	99301639	25	34
1	99313010	16	34
1	99320525	28	21
1	99335404	18	35
1	99352232	19	25
1	99370644	19	21
1	99452364	22	20
1	99501120	10	31
1	99516139	16	26
1	99553948	23	21
1	99556171	25	23
1	99564221	8	21
1	99571314	21	26
1	99576874	23	25
1	99637053	26	16
1	99657463	24	26
1	99680131	10	19
1	99718467	14	23
1	99750970	17	19
1	99791720	18	14
1	99820817	21	25
1	99914332	16	27
1	99972627	18	28
1	99972804	30	22
