chr	end	Reference_Allele	Tumor_Seq_Allele2	mut.count	WT.count	subclonal.CN	mutation.copy.number	subclonal.fraction	no.chrs.bearing.mut
1	537478	A	T	24	33	2	1	1	1
1	493117	A	T	13	44	2	1	1	1
1	549750	A	T	21	36	2	1	1	1
1	823386	A	T	22	35	2	1	1	1
1	304923	A	T	19	38	2	1	1	1
1	301807	A	T	21	36	2	1	1	1
1	735622	A	T	29	28	2	1	1	1
1	353753	A	T	24	33	2	1	1	1
1	661748	A	T	20	37	2	1	1	1
1	681471	A	T	14	43	2	1	1	1
1	973178	A	T	15	42	2	1	1	1
1	455059	A	T	15	42	2	1	1	1
1	72128	A	T	14	43	2	1	1	1
1	179788	A	T	15	42	2	1	1	1
1	9064	A	T	20	37	2	1	1	1
1	847963	A	T	14	43	2	1	1	1
1	739501	A	T	17	40	2	1	1	1
1	657967	A	T	16	41	2	1	1	1
1	488138	A	T	13	44	2	1	1	1
1	269017	A	T	22	35	2	1	1	1
1	113543	A	T	17	40	2	1	1	1
1	161976	A	T	16	41	2	1	1	1
1	355691	A	T	16	41	2	1	1	1
1	495948	A	T	16	41	2	1	1	1
1	228155	A	T	11	46	2	1	1	1
1	221997	A	T	22	35	2	1	1	1
1	331265	A	T	15	42	2	1	1	1
1	338642	A	T	16	41	2	1	1	1
1	626192	A	T	21	36	2	1	1	1
1	212281	A	T	26	31	2	1	1	1
1	294499	A	T	20	37	2	1	1	1
1	394443	A	T	12	45	2	1	1	1
1	920365	A	T	23	34	2	1	1	1
1	933432	A	T	20	37	2	1	1	1
1	739610	A	T	9	48	2	1	1	1
1	154371	A	T	17	40	2	1	1	1
1	715938	A	T	14	43	2	1	1	1
1	790923	A	T	14	43	2	1	1	1
1	164430	A	T	19	38	2	1	1	1
1	151430	A	T	20	37	2	1	1	1
1	947284	A	T	20	37	2	1	1	1
1	736742	A	T	16	41	2	1	1	1
1	94136	A	T	15	42	2	1	1	1
1	980701	A	T	14	43	2	1	1	1
1	310953	A	T	13	44	2	1	1	1
1	787169	A	T	11	46	2	1	1	1
1	590371	A	T	17	40	2	1	1	1
1	974285	A	T	18	39	2	1	1	1
1	165357	A	T	28	29	2	1	1	1
1	404930	A	T	22	35	2	1	1	1
1	236272	A	T	20	37	2	1	1	1
1	808250	A	T	17	40	2	1	1	1
1	682852	A	T	17	40	2	1	1	1
1	451401	A	T	13	44	2	1	1	1
1	913466	A	T	21	36	2	1	1	1
1	461611	A	T	17	40	2	1	1	1
1	913162	A	T	14	43	2	1	1	1
1	484527	A	T	17	40	2	1	1	1
1	404698	A	T	16	41	2	1	1	1
1	909048	A	T	17	40	2	1	1	1
1	972379	A	T	24	33	2	1	1	1
1	565720	A	T	13	44	2	1	1	1
1	297532	A	T	20	37	2	1	1	1
1	750395	A	T	17	40	2	1	1	1
1	542795	A	T	17	40	2	1	1	1
1	135709	A	T	17	40	2	1	1	1
1	201604	A	T	17	40	2	1	1	1
1	611638	A	T	11	46	2	1	1	1
1	40336	A	T	13	44	2	1	1	1
1	143379	A	T	23	34	2	1	1	1
1	614727	A	T	18	39	2	1	1	1
1	188796	A	T	14	43	2	1	1	1
1	103631	A	T	13	44	2	1	1	1
1	329759	A	T	18	39	2	1	1	1
1	558185	A	T	6	51	2	1	1	1
1	286647	A	T	18	39	2	1	1	1
1	771491	A	T	22	35	2	1	1	1
1	116045	A	T	21	36	2	1	1	1
1	759993	A	T	21	36	2	1	1	1
1	376838	A	T	12	45	2	1	1	1
1	409230	A	T	21	36	2	1	1	1
1	271698	A	T	19	38	2	1	1	1
1	361649	A	T	25	32	2	1	1	1
1	951789	A	T	14	43	2	1	1	1
1	532746	A	T	18	39	2	1	1	1
1	612456	A	T	23	34	2	1	1	1
1	664794	A	T	20	37	2	1	1	1
1	870813	A	T	14	43	2	1	1	1
1	580675	A	T	20	37	2	1	1	1
1	616666	A	T	17	40	2	1	1	1
1	381066	A	T	18	39	2	1	1	1
1	680947	A	T	18	39	2	1	1	1
1	262983	A	T	21	36	2	1	1	1
1	282724	A	T	14	43	2	1	1	1
1	126461	A	T	27	30	2	1	1	1
1	481082	A	T	18	39	2	1	1	1
1	772249	A	T	13	44	2	1	1	1
1	399876	A	T	21	36	2	1	1	1
1	501188	A	T	9	48	2	1	1	1
1	591266	A	T	16	41	2	1	1	1
1	236299	A	T	20	37	2	1	1	1
1	796789	A	T	14	43	2	1	1	1
1	971983	A	T	15	42	2	1	1	1
1	841653	A	T	16	41	2	1	1	1
1	466081	A	T	13	44	2	1	1	1
1	209202	A	T	15	42	2	1	1	1
1	39498	A	T	13	44	2	1	1	1
1	336114	A	T	24	33	2	1	1	1
1	807701	A	T	17	40	2	1	1	1
1	798500	A	T	14	43	2	1	1	1
1	109573	A	T	18	39	2	1	1	1
1	553363	A	T	12	45	2	1	1	1
1	959309	A	T	25	32	2	1	1	1
1	855047	A	T	25	32	2	1	1	1
1	87644	A	T	28	29	2	1	1	1
1	64850	A	T	20	37	2	1	1	1
1	463797	A	T	16	41	2	1	1	1
1	681255	A	T	22	35	2	1	1	1
1	249892	A	T	18	39	2	1	1	1
1	913477	A	T	18	39	2	1	1	1
1	513396	A	T	19	38	2	1	1	1
1	678342	A	T	20	37	2	1	1	1
1	328873	A	T	23	34	2	1	1	1
1	205788	A	T	21	36	2	1	1	1
1	67366	A	T	18	39	2	1	1	1
1	411004	A	T	16	41	2	1	1	1
1	705201	A	T	15	42	2	1	1	1
1	21507	A	T	24	33	2	1	1	1
1	304502	A	T	15	42	2	1	1	1
1	149310	A	T	22	35	2	1	1	1
1	437181	A	T	23	34	2	1	1	1
1	53156	A	T	23	34	2	1	1	1
1	162506	A	T	17	40	2	1	1	1
1	457092	A	T	20	37	2	1	1	1
1	602526	A	T	12	45	2	1	1	1
1	505058	A	T	12	45	2	1	1	1
1	689814	A	T	15	42	2	1	1	1
1	923720	A	T	22	35	2	1	1	1
1	763012	A	T	17	40	2	1	1	1
1	674396	A	T	14	43	2	1	1	1
1	182446	A	T	23	34	2	1	1	1
1	652096	A	T	23	34	2	1	1	1
1	402257	A	T	15	42	2	1	1	1
1	463579	A	T	15	42	2	1	1	1
1	534902	A	T	18	39	2	1	1	1
1	500986	A	T	14	43	2	1	1	1
1	911782	A	T	17	40	2	1	1	1
1	756170	A	T	15	42	2	1	1	1
1	849349	A	T	15	42	2	1	1	1
1	735876	A	T	22	35	2	1	1	1
1	182900	A	T	10	47	2	1	1	1
1	781942	A	T	17	40	2	1	1	1
1	630110	A	T	24	33	2	1	1	1
1	554565	A	T	12	45	2	1	1	1
1	518798	A	T	20	37	2	1	1	1
1	866890	A	T	19	38	2	1	1	1
1	484282	A	T	30	27	2	1	1	1
1	50131	A	T	23	34	2	1	1	1
1	445759	A	T	19	38	2	1	1	1
1	257570	A	T	25	32	2	1	1	1
1	831382	A	T	30	27	2	1	1	1
1	847523	A	T	12	45	2	1	1	1
1	727536	A	T	11	46	2	1	1	1
1	255617	A	T	14	43	2	1	1	1
1	885507	A	T	17	40	2	1	1	1
1	91307	A	T	14	43	2	1	1	1
1	824324	A	T	18	39	2	1	1	1
1	417346	A	T	30	27	2	1	1	1
1	594733	A	T	25	32	2	1	1	1
1	417875	A	T	21	36	2	1	1	1
1	47430	A	T	13	44	2	1	1	1
1	781480	A	T	21	36	2	1	1	1
1	867140	A	T	14	43	2	1	1	1
1	568362	A	T	21	36	2	1	1	1
1	742172	A	T	19	38	2	1	1	1
1	645039	A	T	16	41	2	1	1	1
1	18047	A	T	27	30	2	1	1	1
1	563824	A	T	11	46	2	1	1	1
1	562597	A	T	22	35	2	1	1	1
1	476838	A	T	13	44	2	1	1	1
1	581192	A	T	13	44	2	1	1	1
1	324784	A	T	14	43	2	1	1	1
1	222092	A	T	15	42	2	1	1	1
1	590566	A	T	18	39	2	1	1	1
1	707216	A	T	20	37	2	1	1	1
1	768270	A	T	16	41	2	1	1	1
1	236480	A	T	21	36	2	1	1	1
1	368685	A	T	18	39	2	1	1	1
1	967289	A	T	16	41	2	1	1	1
1	411220	A	T	14	43	2	1	1	1
1	421513	A	T	9	48	2	1	1	1
1	82601	A	T	23	34	2	1	1	1
1	220505	A	T	19	38	2	1	1	1
1	137487	A	T	18	39	2	1	1	1
1	194504	A	T	18	39	2	1	1	1
1	996233	A	T	20	37	2	1	1	1
1	94028	A	T	18	39	2	1	1	1
1	805340	A	T	17	40	2	1	1	1
1	969264	A	T	27	30	2	1	1	1
1	215924	A	T	15	42	2	1	1	1
1	99245	A	T	14	43	2	1	1	1
1	322663	A	T	19	38	2	1	1	1
1	146244	A	T	18	39	2	1	1	1
1	305847	A	T	15	42	2	1	1	1
1	872204	A	T	18	39	2	1	1	1
1	911530	A	T	18	39	2	1	1	1
1	685325	A	T	15	42	2	1	1	1
1	253728	A	T	12	45	2	1	1	1
1	467288	A	T	22	35	2	1	1	1
1	656884	A	T	24	33	2	1	1	1
1	323929	A	T	18	39	2	1	1	1
1	180944	A	T	21	36	2	1	1	1
1	429922	A	T	14	43	2	1	1	1
1	599490	A	T	17	40	2	1	1	1
1	281273	A	T	16	41	2	1	1	1
1	428513	A	T	20	37	2	1	1	1
1	785508	A	T	28	29	2	1	1	1
1	515299	A	T	19	38	2	1	1	1
1	229061	A	T	21	36	2	1	1	1
1	934203	A	T	26	31	2	1	1	1
1	108468	A	T	16	41	2	1	1	1
1	473200	A	T	23	34	2	1	1	1
1	19883	A	T	14	43	2	1	1	1
1	292047	A	T	17	40	2	1	1	1
1	117244	A	T	18	39	2	1	1	1
1	810127	A	T	15	42	2	1	1	1
1	241315	A	T	24	33	2	1	1	1
1	803570	A	T	17	40	2	1	1	1
1	328709	A	T	10	47	2	1	1	1
1	751384	A	T	19	38	2	1	1	1
1	54881	A	T	27	30	2	1	1	1
1	336834	A	T	19	38	2	1	1	1
1	345239	A	T	17	40	2	1	1	1
1	998757	A	T	20	37	2	1	1	1
1	576056	A	T	20	37	2	1	1	1
1	786479	A	T	15	42	2	1	1	1
1	147682	A	T	18	39	2	1	1	1
1	987637	A	T	14	43	2	1	1	1
1	513246	A	T	16	41	2	1	1	1
1	104623	A	T	17	40	2	1	1	1
1	197859	A	T	19	38	2	1	1	1
1	85579	A	T	15	42	2	1	1	1
1	688237	A	T	23	34	2	1	1	1
1	427784	A	T	18	39	2	1	1	1
1	718779	A	T	22	35	2	1	1	1
1	159943	A	T	20	37	2	1	1	1
1	529261	A	T	23	34	2	1	1	1
1	390539	A	T	15	42	2	1	1	1
1	489177	A	T	20	37	2	1	1	1
1	939190	A	T	19	38	2	1	1	1
1	165031	A	T	22	35	2	1	1	1
1	777890	A	T	12	45	2	1	1	1
1	274256	A	T	13	44	2	1	1	1
1	680299	A	T	26	31	2	1	1	1
1	723889	A	T	21	36	2	1	1	1
1	276256	A	T	11	46	2	1	1	1
1	136315	A	T	24	33	2	1	1	1
1	115247	A	T	20	37	2	1	1	1
1	263755	A	T	20	37	2	1	1	1
1	132791	A	T	17	40	2	1	1	1
1	36089	A	T	11	46	2	1	1	1
1	89335	A	T	30	27	2	1	1	1
1	970199	A	T	9	48	2	1	1	1
1	888864	A	T	27	30	2	1	1	1
1	103114	A	T	12	45	2	1	1	1
1	39186	A	T	20	37	2	1	1	1
1	697512	A	T	22	35	2	1	1	1
1	995889	A	T	18	39	2	1	1	1
1	875072	A	T	20	37	2	1	1	1
1	49001	A	T	18	39	2	1	1	1
1	438796	A	T	11	46	2	1	1	1
1	716300	A	T	21	36	2	1	1	1
1	105399	A	T	17	40	2	1	1	1
1	308662	A	T	14	43	2	1	1	1
1	525383	A	T	8	49	2	1	1	1
1	955040	A	T	23	34	2	1	1	1
1	60390	A	T	20	37	2	1	1	1
1	55801	A	T	19	38	2	1	1	1
1	266210	A	T	16	41	2	1	1	1
1	449339	A	T	16	41	2	1	1	1
1	459404	A	T	20	37	2	1	1	1
1	736236	A	T	19	38	2	1	1	1
1	393249	A	T	20	37	2	1	1	1
1	787036	A	T	19	38	2	1	1	1
1	860784	A	T	20	37	2	1	1	1
1	622062	A	T	21	36	2	1	1	1
1	191427	A	T	29	28	2	1	1	1
1	469669	A	T	19	38	2	1	1	1
1	963351	A	T	24	33	2	1	1	1
1	421425	A	T	13	44	2	1	1	1
1	420257	A	T	23	34	2	1	1	1
1	889530	A	T	28	29	2	1	1	1
1	955347	A	T	19	38	2	1	1	1
1	51355	A	T	18	39	2	1	1	1
1	346634	A	T	18	39	2	1	1	1
1	953653	A	T	26	31	2	1	1	1
1	247672	A	T	16	41	2	1	1	1
1	658153	A	T	19	38	2	1	1	1
1	672044	A	T	16	41	2	1	1	1
1	123275	A	T	19	38	2	1	1	1
1	964970	A	T	19	38	2	1	1	1
1	341715	A	T	20	37	2	1	1	1
1	336892	A	T	20	37	2	1	1	1
1	542864	A	T	15	42	2	1	1	1
1	883380	A	T	10	47	2	1	1	1
1	372254	A	T	18	39	2	1	1	1
1	38658	A	T	13	44	2	1	1	1
1	233690	A	T	32	25	2	1	1	1
1	901904	A	T	18	39	2	1	1	1
1	95689	A	T	21	36	2	1	1	1
1	491243	A	T	14	43	2	1	1	1
1	360957	A	T	24	33	2	1	1	1
1	934778	A	T	16	41	2	1	1	1
1	142956	A	T	21	36	2	1	1	1
1	910346	A	T	15	42	2	1	1	1
1	70730	A	T	29	28	2	1	1	1
1	768109	A	T	29	28	2	1	1	1
1	352797	A	T	18	39	2	1	1	1
1	612256	A	T	20	37	2	1	1	1
1	213954	A	T	18	39	2	1	1	1
1	604611	A	T	27	30	2	1	1	1
1	323189	A	T	20	37	2	1	1	1
1	481083	A	T	27	30	2	1	1	1
1	951882	A	T	26	31	2	1	1	1
1	383790	A	T	19	38	2	1	1	1
1	872117	A	T	18	39	2	1	1	1
1	631453	A	T	19	38	2	1	1	1
1	413237	A	T	29	28	2	1	1	1
1	639675	A	T	13	44	2	1	1	1
1	633972	A	T	12	45	2	1	1	1
1	271070	A	T	18	39	2	1	1	1
1	130195	A	T	18	39	2	1	1	1
1	602215	A	T	18	39	2	1	1	1
1	577121	A	T	20	37	2	1	1	1
1	583544	A	T	15	42	2	1	1	1
1	451789	A	T	19	38	2	1	1	1
1	83890	A	T	17	40	2	1	1	1
1	609513	A	T	13	44	2	1	1	1
1	991387	A	T	17	40	2	1	1	1
1	608633	A	T	18	39	2	1	1	1
1	302062	A	T	23	34	2	1	1	1
1	856882	A	T	12	45	2	1	1	1
1	463042	A	T	22	35	2	1	1	1
1	128692	A	T	23	34	2	1	1	1
1	439729	A	T	16	41	2	1	1	1
1	957851	A	T	25	32	2	1	1	1
1	558969	A	T	14	43	2	1	1	1
1	970835	A	T	19	38	2	1	1	1
1	523751	A	T	21	36	2	1	1	1
1	306675	A	T	19	38	2	1	1	1
1	994713	A	T	15	42	2	1	1	1
1	19839	A	T	23	34	2	1	1	1
1	167233	A	T	12	45	2	1	1	1
1	824375	A	T	17	40	2	1	1	1
1	789619	A	T	19	38	2	1	1	1
1	159770	A	T	13	44	2	1	1	1
1	479172	A	T	22	35	2	1	1	1
1	815193	A	T	18	39	2	1	1	1
1	384215	A	T	15	42	2	1	1	1
1	862811	A	T	17	40	2	1	1	1
1	454238	A	T	17	40	2	1	1	1
1	943812	A	T	19	38	2	1	1	1
1	826082	A	T	10	47	2	1	1	1
1	434310	A	T	19	38	2	1	1	1
1	32633	A	T	20	37	2	1	1	1
1	458531	A	T	20	37	2	1	1	1
1	664451	A	T	21	36	2	1	1	1
1	941036	A	T	19	38	2	1	1	1
1	311304	A	T	18	39	2	1	1	1
1	817848	A	T	19	38	2	1	1	1
1	186351	A	T	17	40	2	1	1	1
1	707506	A	T	20	37	2	1	1	1
1	56238	A	T	19	38	2	1	1	1
1	964474	A	T	21	36	2	1	1	1
1	551688	A	T	14	43	2	1	1	1
1	472506	A	T	20	37	2	1	1	1
1	379833	A	T	16	41	2	1	1	1
1	172908	A	T	17	40	2	1	1	1
1	198621	A	T	15	42	2	1	1	1
1	218523	A	T	16	41	2	1	1	1
1	167661	A	T	19	38	2	1	1	1
1	538667	A	T	13	44	2	1	1	1
1	236115	A	T	28	29	2	1	1	1
1	617888	A	T	18	39	2	1	1	1
1	890961	A	T	21	36	2	1	1	1
1	92532	A	T	22	35	2	1	1	1
1	622404	A	T	18	39	2	1	1	1
1	952252	A	T	21	36	2	1	1	1
1	862122	A	T	19	38	2	1	1	1
1	224889	A	T	21	36	2	1	1	1
1	425598	A	T	23	34	2	1	1	1
1	554804	A	T	20	37	2	1	1	1
1	379960	A	T	21	36	2	1	1	1
1	471607	A	T	27	30	2	1	1	1
1	25982	A	T	17	40	2	1	1	1
1	767786	A	T	15	42	2	1	1	1
1	748313	A	T	15	42	2	1	1	1
1	294004	A	T	20	37	2	1	1	1
1	486369	A	T	23	34	2	1	1	1
1	988933	A	T	23	34	2	1	1	1
1	578426	A	T	18	39	2	1	1	1
1	4220	A	T	21	36	2	1	1	1
1	520724	A	T	15	42	2	1	1	1
1	590084	A	T	24	33	2	1	1	1
1	793989	A	T	16	41	2	1	1	1
1	443858	A	T	16	41	2	1	1	1
1	787295	A	T	14	43	2	1	1	1
1	780487	A	T	12	45	2	1	1	1
1	783265	A	T	16	41	2	1	1	1
1	54045	A	T	7	50	2	1	1	1
1	845485	A	T	14	43	2	1	1	1
1	337093	A	T	25	32	2	1	1	1
1	601145	A	T	20	37	2	1	1	1
1	386136	A	T	19	38	2	1	1	1
1	539633	A	T	26	31	2	1	1	1
1	832795	A	T	12	45	2	1	1	1
1	848341	A	T	18	39	2	1	1	1
1	602825	A	T	20	37	2	1	1	1
1	417894	A	T	17	40	2	1	1	1
1	475111	A	T	19	38	2	1	1	1
1	113654	A	T	19	38	2	1	1	1
1	36740	A	T	20	37	2	1	1	1
1	531450	A	T	21	36	2	1	1	1
1	291240	A	T	21	36	2	1	1	1
1	619514	A	T	23	34	2	1	1	1
1	869234	A	T	21	36	2	1	1	1
1	578197	A	T	22	35	2	1	1	1
1	538976	A	T	15	42	2	1	1	1
1	24932	A	T	13	44	2	1	1	1
1	189108	A	T	13	44	2	1	1	1
1	930968	A	T	14	43	2	1	1	1
1	15446	A	T	20	37	2	1	1	1
1	161787	A	T	9	48	2	1	1	1
1	12119	A	T	15	42	2	1	1	1
1	913886	A	T	20	37	2	1	1	1
1	834188	A	T	21	36	2	1	1	1
1	605869	A	T	11	46	2	1	1	1
1	314489	A	T	15	42	2	1	1	1
1	762577	A	T	19	38	2	1	1	1
1	229037	A	T	19	38	2	1	1	1
1	192980	A	T	20	37	2	1	1	1
1	54553	A	T	15	42	2	1	1	1
1	340072	A	T	23	34	2	1	1	1
1	74677	A	T	7	50	2	1	1	1
1	931404	A	T	21	36	2	1	1	1
1	210243	A	T	26	31	2	1	1	1
1	51457	A	T	10	47	2	1	1	1
1	880365	A	T	19	38	2	1	1	1
1	314289	A	T	15	42	2	1	1	1
1	794092	A	T	23	34	2	1	1	1
1	367724	A	T	21	36	2	1	1	1
1	469171	A	T	17	40	2	1	1	1
1	375162	A	T	13	44	2	1	1	1
1	529009	A	T	18	39	2	1	1	1
1	995067	A	T	21	36	2	1	1	1
1	350508	A	T	23	34	2	1	1	1
1	504385	A	T	22	35	2	1	1	1
1	453898	A	T	20	37	2	1	1	1
1	49038	A	T	17	40	2	1	1	1
1	108849	A	T	20	37	2	1	1	1
1	882365	A	T	23	34	2	1	1	1
1	322607	A	T	19	38	2	1	1	1
1	265166	A	T	16	41	2	1	1	1
1	640551	A	T	11	46	2	1	1	1
1	863438	A	T	16	41	2	1	1	1
1	167691	A	T	14	43	2	1	1	1
1	988759	A	T	17	40	2	1	1	1
1	599766	A	T	15	42	2	1	1	1
1	33760	A	T	17	40	2	1	1	1
1	977169	A	T	18	39	2	1	1	1
1	7732	A	T	27	30	2	1	1	1
1	802515	A	T	21	36	2	1	1	1
1	615710	A	T	16	41	2	1	1	1
1	341504	A	T	11	46	2	1	1	1
1	284632	A	T	19	38	2	1	1	1
1	809975	A	T	29	28	2	1	1	1
1	384111	A	T	25	32	2	1	1	1
1	235346	A	T	21	36	2	1	1	1
1	652679	A	T	19	38	2	1	1	1
1	902050	A	T	17	40	2	1	1	1
1	730535	A	T	28	29	2	1	1	1
1	719952	A	T	13	44	2	1	1	1
1	492510	A	T	21	36	2	1	1	1
1	242036	A	T	16	41	2	1	1	1
1	102721	A	T	16	41	2	1	1	1
1	506993	A	T	22	35	2	1	1	1
1	569950	A	T	14	43	2	1	1	1
1	190537	A	T	12	45	2	1	1	1
1	572810	A	T	15	42	2	1	1	1
1	792556	A	T	20	37	2	1	1	1
1	199838	A	T	20	37	2	1	1	1
1	862383	A	T	18	39	2	1	1	1
1	486595	A	T	18	39	2	1	1	1
1	888651	A	T	26	31	2	1	1	1
1	729110	A	T	17	40	2	1	1	1
1	940282	A	T	18	39	2	1	1	1
1	85342	A	T	12	45	2	1	1	1
1	497258	A	T	26	31	2	1	1	1
1	249406	A	T	18	39	2	1	1	1
1	765052	A	T	23	34	2	1	1	1
1	252642	A	T	20	37	2	1	1	1
1	867493	A	T	22	35	2	1	1	1
1	220351	A	T	15	42	2	1	1	1
1	17324	A	T	18	39	2	1	1	1
1	122318	A	T	24	33	2	1	1	1
1	241684	A	T	20	37	2	1	1	1
1	99390	A	T	16	41	2	1	1	1
1	642906	A	T	20	37	2	1	1	1
1	61391	A	T	21	36	2	1	1	1
1	837199	A	T	24	33	2	1	1	1
1	504780	A	T	17	40	2	1	1	1
1	168322	A	T	27	30	2	1	1	1
1	589180	A	T	17	40	2	1	1	1
1	457228	A	T	18	39	2	1	1	1
1	905628	A	T	18	39	2	1	1	1
1	938696	A	T	19	38	2	1	1	1
1	761191	A	T	13	44	2	1	1	1
1	509019	A	T	17	40	2	1	1	1
1	982274	A	T	16	41	2	1	1	1
1	163830	A	T	11	46	2	1	1	1
1	636979	A	T	13	44	2	1	1	1
1	417301	A	T	23	34	2	1	1	1
1	680817	A	T	25	32	2	1	1	1
1	276960	A	T	15	42	2	1	1	1
1	698587	A	T	14	43	2	1	1	1
1	915729	A	T	20	37	2	1	1	1
1	749862	A	T	16	41	2	1	1	1
1	488070	A	T	19	38	2	1	1	1
1	763737	A	T	14	43	2	1	1	1
1	688727	A	T	28	29	2	1	1	1
1	388409	A	T	15	42	2	1	1	1
1	599936	A	T	16	41	2	1	1	1
1	808054	A	T	10	47	2	1	1	1
1	686843	A	T	17	40	2	1	1	1
1	947797	A	T	18	39	2	1	1	1
1	89866	A	T	8	49	2	1	1	1
1	342800	A	T	19	38	2	1	1	1
1	896043	A	T	17	40	2	1	1	1
1	645894	A	T	14	43	2	1	1	1
1	509203	A	T	14	43	2	1	1	1
1	390447	A	T	9	48	2	1	1	1
1	9631	A	T	20	37	2	1	1	1
1	791473	A	T	30	27	2	1	1	1
1	41103	A	T	12	45	2	1	1	1
1	48668	A	T	21	36	2	1	1	1
1	550168	A	T	26	31	2	1	1	1
1	400955	A	T	23	34	2	1	1	1
1	868788	A	T	20	37	2	1	1	1
1	599434	A	T	26	31	2	1	1	1
1	803087	A	T	18	39	2	1	1	1
1	606071	A	T	27	30	2	1	1	1
1	703897	A	T	17	40	2	1	1	1
1	849376	A	T	22	35	2	1	1	1
1	277597	A	T	22	35	2	1	1	1
1	500162	A	T	14	43	2	1	1	1
1	270071	A	T	19	38	2	1	1	1
1	314545	A	T	10	47	2	1	1	1
1	380367	A	T	15	42	2	1	1	1
1	543864	A	T	16	41	2	1	1	1
1	664485	A	T	19	38	2	1	1	1
1	343920	A	T	34	23	2	1	1	1
1	378294	A	T	20	37	2	1	1	1
1	237625	A	T	25	32	2	1	1	1
1	408506	A	T	27	30	2	1	1	1
1	566580	A	T	14	43	2	1	1	1
1	9964	A	T	22	35	2	1	1	1
1	452291	A	T	26	31	2	1	1	1
1	441581	A	T	15	42	2	1	1	1
1	359829	A	T	21	36	2	1	1	1
1	261936	A	T	24	33	2	1	1	1
1	746679	A	T	14	43	2	1	1	1
1	768745	A	T	25	32	2	1	1	1
1	167394	A	T	16	41	2	1	1	1
1	204525	A	T	16	41	2	1	1	1
1	674855	A	T	20	37	2	1	1	1
1	640323	A	T	11	46	2	1	1	1
1	37086	A	T	24	33	2	1	1	1
1	108941	A	T	22	35	2	1	1	1
1	198487	A	T	18	39	2	1	1	1
1	946545	A	T	10	47	2	1	1	1
1	75228	A	T	16	41	2	1	1	1
1	591275	A	T	18	39	2	1	1	1
1	522459	A	T	19	38	2	1	1	1
1	457469	A	T	26	31	2	1	1	1
1	191735	A	T	30	27	2	1	1	1
1	777867	A	T	12	45	2	1	1	1
1	432134	A	T	25	32	2	1	1	1
1	566244	A	T	22	35	2	1	1	1
1	549732	A	T	18	39	2	1	1	1
1	184312	A	T	21	36	2	1	1	1
1	717562	A	T	16	41	2	1	1	1
1	509162	A	T	20	37	2	1	1	1
1	355900	A	T	23	34	2	1	1	1
1	764318	A	T	12	45	2	1	1	1
1	578239	A	T	17	40	2	1	1	1
1	190722	A	T	25	32	2	1	1	1
1	466852	A	T	35	22	2	1	1	1
1	40439	A	T	24	33	2	1	1	1
1	9876	A	T	11	46	2	1	1	1
1	513959	A	T	20	37	2	1	1	1
1	594799	A	T	23	34	2	1	1	1
1	172871	A	T	27	30	2	1	1	1
1	481136	A	T	18	39	2	1	1	1
1	252868	A	T	26	31	2	1	1	1
1	548025	A	T	26	31	2	1	1	1
1	309019	A	T	20	37	2	1	1	1
1	620540	A	T	18	39	2	1	1	1
1	843720	A	T	17	40	2	1	1	1
1	679475	A	T	12	45	2	1	1	1
1	788371	A	T	14	43	2	1	1	1
1	750873	A	T	29	28	2	1	1	1
1	679426	A	T	21	36	2	1	1	1
1	821061	A	T	17	40	2	1	1	1
1	826380	A	T	15	42	2	1	1	1
1	663999	A	T	21	36	2	1	1	1
1	431821	A	T	20	37	2	1	1	1
1	102208	A	T	18	39	2	1	1	1
1	358245	A	T	22	35	2	1	1	1
1	688879	A	T	24	33	2	1	1	1
1	337322	A	T	21	36	2	1	1	1
1	567676	A	T	18	39	2	1	1	1
1	471911	A	T	10	47	2	1	1	1
1	898065	A	T	26	31	2	1	1	1
1	298526	A	T	20	37	2	1	1	1
1	822718	A	T	29	28	2	1	1	1
1	879424	A	T	20	37	2	1	1	1
1	970538	A	T	14	43	2	1	1	1
1	562189	A	T	16	41	2	1	1	1
1	783841	A	T	13	44	2	1	1	1
1	139306	A	T	15	42	2	1	1	1
1	556699	A	T	20	37	2	1	1	1
1	713589	A	T	17	40	2	1	1	1
1	317164	A	T	20	37	2	1	1	1
1	825471	A	T	13	44	2	1	1	1
1	600085	A	T	18	39	2	1	1	1
1	511017	A	T	16	41	2	1	1	1
1	944362	A	T	22	35	2	1	1	1
1	48072	A	T	26	31	2	1	1	1
1	375238	A	T	13	44	2	1	1	1
1	450485	A	T	23	34	2	1	1	1
1	595937	A	T	19	38	2	1	1	1
1	796387	A	T	23	34	2	1	1	1
1	995553	A	T	23	34	2	1	1	1
1	638488	A	T	30	27	2	1	1	1
1	882730	A	T	26	31	2	1	1	1
1	744459	A	T	20	37	2	1	1	1
1	317265	A	T	7	50	2	1	1	1
1	242940	A	T	11	46	2	1	1	1
1	847680	A	T	21	36	2	1	1	1
1	155322	A	T	11	46	2	1	1	1
1	292834	A	T	19	38	2	1	1	1
1	105220	A	T	15	42	2	1	1	1
1	163203	A	T	13	44	2	1	1	1
1	600473	A	T	18	39	2	1	1	1
1	604690	A	T	15	42	2	1	1	1
1	257883	A	T	21	36	2	1	1	1
1	994816	A	T	15	42	2	1	1	1
1	87678	A	T	18	39	2	1	1	1
1	463091	A	T	18	39	2	1	1	1
1	840932	A	T	21	36	2	1	1	1
1	287201	A	T	24	33	2	1	1	1
1	728233	A	T	11	46	2	1	1	1
1	669978	A	T	14	43	2	1	1	1
1	129840	A	T	21	36	2	1	1	1
1	916516	A	T	23	34	2	1	1	1
1	896877	A	T	16	41	2	1	1	1
1	960260	A	T	21	36	2	1	1	1
1	79775	A	T	16	41	2	1	1	1
1	394462	A	T	16	41	2	1	1	1
1	280831	A	T	16	41	2	1	1	1
1	645466	A	T	15	42	2	1	1	1
1	582683	A	T	10	47	2	1	1	1
1	342757	A	T	13	44	2	1	1	1
1	205773	A	T	20	37	2	1	1	1
1	931485	A	T	15	42	2	1	1	1
1	851510	A	T	20	37	2	1	1	1
1	900673	A	T	27	30	2	1	1	1
1	727983	A	T	9	48	2	1	1	1
1	53366	A	T	24	33	2	1	1	1
1	926248	A	T	14	43	2	1	1	1
1	553331	A	T	20	37	2	1	1	1
1	948338	A	T	14	43	2	1	1	1
1	695098	A	T	21	36	2	1	1	1
1	596129	A	T	14	43	2	1	1	1
1	869044	A	T	15	42	2	1	1	1
1	442373	A	T	19	38	2	1	1	1
1	998790	A	T	22	35	2	1	1	1
1	44182	A	T	9	48	2	1	1	1
1	647877	A	T	15	42	2	1	1	1
1	16791	A	T	21	36	2	1	1	1
1	997563	A	T	11	46	2	1	1	1
1	974205	A	T	22	35	2	1	1	1
1	848115	A	T	22	35	2	1	1	1
1	342770	A	T	20	37	2	1	1	1
1	383052	A	T	17	40	2	1	1	1
1	753851	A	T	20	37	2	1	1	1
1	247869	A	T	21	36	2	1	1	1
1	142244	A	T	18	39	2	1	1	1
1	143970	A	T	11	46	2	1	1	1
1	637446	A	T	18	39	2	1	1	1
1	634696	A	T	17	40	2	1	1	1
1	288895	A	T	9	48	2	1	1	1
1	44068	A	T	14	43	2	1	1	1
1	871874	A	T	21	36	2	1	1	1
1	933339	A	T	21	36	2	1	1	1
1	829584	A	T	13	44	2	1	1	1
1	4324	A	T	27	30	2	1	1	1
1	962650	A	T	21	36	2	1	1	1
1	183502	A	T	17	40	2	1	1	1
1	16225	A	T	14	43	2	1	1	1
1	74371	A	T	19	38	2	1	1	1
1	159934	A	T	13	44	2	1	1	1
1	847387	A	T	20	37	2	1	1	1
1	757904	A	T	25	32	2	1	1	1
1	112021	A	T	21	36	2	1	1	1
1	363346	A	T	23	34	2	1	1	1
1	167403	A	T	22	35	2	1	1	1
1	508423	A	T	23	34	2	1	1	1
1	412230	A	T	13	44	2	1	1	1
1	25137	A	T	22	35	2	1	1	1
1	724337	A	T	30	27	2	1	1	1
1	6929	A	T	9	48	2	1	1	1
1	378435	A	T	13	44	2	1	1	1
1	854565	A	T	23	34	2	1	1	1
1	205420	A	T	12	45	2	1	1	1
1	201968	A	T	23	34	2	1	1	1
1	290977	A	T	22	35	2	1	1	1
1	496416	A	T	18	39	2	1	1	1
1	906190	A	T	26	31	2	1	1	1
1	407856	A	T	16	41	2	1	1	1
1	657178	A	T	13	44	2	1	1	1
1	891024	A	T	24	33	2	1	1	1
1	861411	A	T	19	38	2	1	1	1
1	21374	A	T	19	38	2	1	1	1
1	458804	A	T	23	34	2	1	1	1
1	956333	A	T	10	47	2	1	1	1
1	438029	A	T	15	42	2	1	1	1
1	258335	A	T	21	36	2	1	1	1
1	231221	A	T	20	37	2	1	1	1
1	9444	A	T	17	40	2	1	1	1
1	601146	A	T	14	43	2	1	1	1
1	899955	A	T	21	36	2	1	1	1
1	852830	A	T	13	44	2	1	1	1
1	928123	A	T	13	44	2	1	1	1
1	971649	A	T	12	45	2	1	1	1
1	734756	A	T	13	44	2	1	1	1
1	995295	A	T	24	33	2	1	1	1
1	187215	A	T	23	34	2	1	1	1
1	78208	A	T	21	36	2	1	1	1
1	994174	A	T	12	45	2	1	1	1
1	333674	A	T	14	43	2	1	1	1
1	948001	A	T	25	32	2	1	1	1
1	25802	A	T	19	38	2	1	1	1
1	149794	A	T	16	41	2	1	1	1
1	853936	A	T	18	39	2	1	1	1
1	426256	A	T	13	44	2	1	1	1
1	253502	A	T	13	44	2	1	1	1
1	873705	A	T	21	36	2	1	1	1
1	914664	A	T	21	36	2	1	1	1
1	12097	A	T	20	37	2	1	1	1
1	494760	A	T	18	39	2	1	1	1
1	619997	A	T	23	34	2	1	1	1
1	52745	A	T	25	32	2	1	1	1
1	858219	A	T	21	36	2	1	1	1
1	525483	A	T	11	46	2	1	1	1
1	878671	A	T	22	35	2	1	1	1
1	504505	A	T	24	33	2	1	1	1
1	499545	A	T	13	44	2	1	1	1
1	528384	A	T	18	39	2	1	1	1
1	286323	A	T	22	35	2	1	1	1
1	224581	A	T	12	45	2	1	1	1
1	723901	A	T	10	47	2	1	1	1
1	860548	A	T	20	37	2	1	1	1
1	625425	A	T	14	43	2	1	1	1
1	527406	A	T	24	33	2	1	1	1
1	186851	A	T	22	35	2	1	1	1
1	950375	A	T	22	35	2	1	1	1
1	988136	A	T	12	45	2	1	1	1
1	921035	A	T	16	41	2	1	1	1
1	47813	A	T	16	41	2	1	1	1
1	199363	A	T	18	39	2	1	1	1
1	355725	A	T	24	33	2	1	1	1
1	548865	A	T	18	39	2	1	1	1
1	472121	A	T	24	33	2	1	1	1
1	927153	A	T	20	37	2	1	1	1
1	414803	A	T	16	41	2	1	1	1
1	691980	A	T	20	37	2	1	1	1
1	989453	A	T	24	33	2	1	1	1
1	646431	A	T	7	50	2	1	1	1
1	888120	A	T	19	38	2	1	1	1
1	975431	A	T	20	37	2	1	1	1
1	682712	A	T	13	44	2	1	1	1
1	431060	A	T	24	33	2	1	1	1
1	878417	A	T	18	39	2	1	1	1
1	922451	A	T	19	38	2	1	1	1
1	310172	A	T	18	39	2	1	1	1
1	501809	A	T	19	38	2	1	1	1
1	132369	A	T	18	39	2	1	1	1
1	414436	A	T	23	34	2	1	1	1
1	17821	A	T	19	38	2	1	1	1
1	515361	A	T	15	42	2	1	1	1
1	485923	A	T	14	43	2	1	1	1
1	653778	A	T	27	30	2	1	1	1
1	98922	A	T	22	35	2	1	1	1
1	998885	A	T	10	47	2	1	1	1
1	42438	A	T	12	45	2	1	1	1
1	94304	A	T	25	32	2	1	1	1
1	598239	A	T	11	46	2	1	1	1
1	548536	A	T	11	46	2	1	1	1
1	183294	A	T	17	40	2	1	1	1
1	699264	A	T	20	37	2	1	1	1
1	244854	A	T	19	38	2	1	1	1
1	123993	A	T	14	43	2	1	1	1
1	307925	A	T	24	33	2	1	1	1
1	215660	A	T	21	36	2	1	1	1
1	624081	A	T	12	45	2	1	1	1
1	160180	A	T	19	38	2	1	1	1
1	477307	A	T	30	27	2	1	1	1
1	701084	A	T	14	43	2	1	1	1
1	969703	A	T	17	40	2	1	1	1
1	80371	A	T	29	28	2	1	1	1
1	980399	A	T	17	40	2	1	1	1
1	189686	A	T	21	36	2	1	1	1
1	677590	A	T	9	48	2	1	1	1
1	924873	A	T	21	36	2	1	1	1
1	344724	A	T	22	35	2	1	1	1
1	757527	A	T	19	38	2	1	1	1
1	215374	A	T	17	40	2	1	1	1
1	963993	A	T	18	39	2	1	1	1
1	190977	A	T	15	42	2	1	1	1
1	121101	A	T	11	46	2	1	1	1
1	524157	A	T	13	44	2	1	1	1
1	725741	A	T	17	40	2	1	1	1
1	920152	A	T	18	39	2	1	1	1
1	390639	A	T	17	40	2	1	1	1
1	665952	A	T	21	36	2	1	1	1
1	929896	A	T	15	42	2	1	1	1
1	632528	A	T	16	41	2	1	1	1
1	493111	A	T	15	42	2	1	1	1
1	571259	A	T	28	29	2	1	1	1
1	362386	A	T	19	38	2	1	1	1
1	513133	A	T	15	42	2	1	1	1
1	340807	A	T	23	34	2	1	1	1
1	696721	A	T	14	43	2	1	1	1
1	329091	A	T	12	45	2	1	1	1
1	154264	A	T	21	36	2	1	1	1
1	604947	A	T	19	38	2	1	1	1
1	461214	A	T	21	36	2	1	1	1
1	388868	A	T	18	39	2	1	1	1
1	993557	A	T	21	36	2	1	1	1
1	736009	A	T	24	33	2	1	1	1
1	418903	A	T	22	35	2	1	1	1
1	557562	A	T	15	42	2	1	1	1
1	6922	A	T	24	33	2	1	1	1
1	60038	A	T	21	36	2	1	1	1
1	146430	A	T	20	37	2	1	1	1
1	467951	A	T	20	37	2	1	1	1
1	949051	A	T	16	41	2	1	1	1
1	976005	A	T	22	35	2	1	1	1
1	711442	A	T	24	33	2	1	1	1
1	765429	A	T	17	40	2	1	1	1
1	631433	A	T	18	39	2	1	1	1
1	535714	A	T	18	39	2	1	1	1
1	33410	A	T	17	40	2	1	1	1
1	301485	A	T	19	38	2	1	1	1
1	508935	A	T	18	39	2	1	1	1
1	123041	A	T	15	42	2	1	1	1
1	506957	A	T	12	45	2	1	1	1
1	108973	A	T	15	42	2	1	1	1
1	739426	A	T	21	36	2	1	1	1
1	319550	A	T	16	41	2	1	1	1
1	557607	A	T	13	44	2	1	1	1
1	813881	A	T	24	33	2	1	1	1
1	139773	A	T	21	36	2	1	1	1
1	441242	A	T	22	35	2	1	1	1
1	293873	A	T	22	35	2	1	1	1
1	190406	A	T	12	45	2	1	1	1
1	641913	A	T	14	43	2	1	1	1
1	477322	A	T	18	39	2	1	1	1
1	474174	A	T	15	42	2	1	1	1
1	264534	A	T	25	32	2	1	1	1
1	230262	A	T	15	42	2	1	1	1
1	437088	A	T	22	35	2	1	1	1
1	590332	A	T	20	37	2	1	1	1
1	758566	A	T	11	46	2	1	1	1
1	504510	A	T	18	39	2	1	1	1
1	722151	A	T	14	43	2	1	1	1
1	882943	A	T	25	32	2	1	1	1
1	712875	A	T	21	36	2	1	1	1
1	222680	A	T	13	44	2	1	1	1
1	800507	A	T	25	32	2	1	1	1
1	739549	A	T	20	37	2	1	1	1
1	649481	A	T	21	36	2	1	1	1
1	183386	A	T	17	40	2	1	1	1
1	807838	A	T	25	32	2	1	1	1
1	458240	A	T	16	41	2	1	1	1
1	794203	A	T	15	42	2	1	1	1
1	149837	A	T	14	43	2	1	1	1
1	158731	A	T	16	41	2	1	1	1
1	637599	A	T	18	39	2	1	1	1
1	799203	A	T	21	36	2	1	1	1
1	769887	A	T	15	42	2	1	1	1
1	397381	A	T	26	31	2	1	1	1
1	117766	A	T	25	32	2	1	1	1
1	956295	A	T	16	41	2	1	1	1
1	135325	A	T	18	39	2	1	1	1
1	498829	A	T	20	37	2	1	1	1
1	21293	A	T	17	40	2	1	1	1
1	751315	A	T	17	40	2	1	1	1
1	6879	A	T	26	31	2	1	1	1
1	160987	A	T	21	36	2	1	1	1
1	94317	A	T	14	43	2	1	1	1
1	365540	A	T	16	41	2	1	1	1
1	99997	A	T	14	43	2	1	1	1
1	32091	A	T	18	39	2	1	1	1
1	364527	A	T	19	38	2	1	1	1
1	406262	A	T	22	35	2	1	1	1
1	752535	A	T	26	31	2	1	1	1
1	315837	A	T	17	40	2	1	1	1
1	396718	A	T	17	40	2	1	1	1
1	403979	A	T	14	43	2	1	1	1
1	53063	A	T	17	40	2	1	1	1
1	482729	A	T	20	37	2	1	1	1
1	943450	A	T	23	34	2	1	1	1
1	772792	A	T	21	36	2	1	1	1
1	828337	A	T	20	37	2	1	1	1
1	710965	A	T	26	31	2	1	1	1
1	964088	A	T	19	38	2	1	1	1
1	598949	A	T	27	30	2	1	1	1
1	15689	A	T	12	45	2	1	1	1
1	606012	A	T	13	44	2	1	1	1
1	589697	A	T	16	41	2	1	1	1
1	488660	A	T	22	35	2	1	1	1
1	503641	A	T	18	39	2	1	1	1
1	843208	A	T	17	40	2	1	1	1
1	666549	A	T	16	41	2	1	1	1
1	627641	A	T	24	33	2	1	1	1
1	904172	A	T	25	32	2	1	1	1
1	428310	A	T	18	39	2	1	1	1
1	740360	A	T	21	36	2	1	1	1
1	490908	A	T	26	31	2	1	1	1
1	673065	A	T	15	42	2	1	1	1
1	967027	A	T	10	47	2	1	1	1
1	432415	A	T	20	37	2	1	1	1
1	849142	A	T	13	44	2	1	1	1
1	358023	A	T	15	42	2	1	1	1
1	508841	A	T	14	43	2	1	1	1
1	811509	A	T	23	34	2	1	1	1
1	204763	A	T	15	42	2	1	1	1
1	767344	A	T	23	34	2	1	1	1
1	234143	A	T	29	28	2	1	1	1
1	277024	A	T	21	36	2	1	1	1
1	433080	A	T	23	34	2	1	1	1
1	18519	A	T	15	42	2	1	1	1
1	138169	A	T	23	34	2	1	1	1
1	744496	A	T	15	42	2	1	1	1
1	828799	A	T	18	39	2	1	1	1
1	89529	A	T	20	37	2	1	1	1
1	943292	A	T	10	47	2	1	1	1
1	195626	A	T	11	46	2	1	1	1
1	989006	A	T	17	40	2	1	1	1
1	302793	A	T	20	37	2	1	1	1
1	78776	A	T	20	37	2	1	1	1
1	188051	A	T	23	34	2	1	1	1
1	166879	A	T	19	38	2	1	1	1
1	41123	A	T	15	42	2	1	1	1
1	302994	A	T	22	35	2	1	1	1
1	93149	A	T	24	33	2	1	1	1
1	362099	A	T	26	31	2	1	1	1
1	794765	A	T	16	41	2	1	1	1
1	477481	A	T	18	39	2	1	1	1
1	426439	A	T	25	32	2	1	1	1
1	254962	A	T	20	37	2	1	1	1
1	842996	A	T	14	43	2	1	1	1
1	166517	A	T	21	36	2	1	1	1
1	427070	A	T	13	44	2	1	1	1
1	986268	A	T	18	39	2	1	1	1
1	92205	A	T	19	38	2	1	1	1
1	287439	A	T	24	33	2	1	1	1
1	512036	A	T	19	38	2	1	1	1
1	934836	A	T	14	43	2	1	1	1
1	676458	A	T	26	31	2	1	1	1
1	488433	A	T	23	34	2	1	1	1
1	601663	A	T	15	42	2	1	1	1
1	936979	A	T	12	45	2	1	1	1
1	834724	A	T	24	33	2	1	1	1
1	901166	A	T	18	39	2	1	1	1
1	101441	A	T	18	39	2	1	1	1
1	591652	A	T	17	40	2	1	1	1
1	798125	A	T	18	39	2	1	1	1
1	187393	A	T	22	35	2	1	1	1
1	231250	A	T	16	41	2	1	1	1
1	850564	A	T	22	35	2	1	1	1
1	608984	A	T	20	37	2	1	1	1
1	747804	A	T	16	41	2	1	1	1
1	486945	A	T	19	38	2	1	1	1
1	737459	A	T	15	42	2	1	1	1
1	43367	A	T	19	38	2	1	1	1
1	25041	A	T	25	32	2	1	1	1
1	956678	A	T	17	40	2	1	1	1
1	44868	A	T	15	42	2	1	1	1
1	149129	A	T	9	48	2	1	1	1
1	277857	A	T	20	37	2	1	1	1
1	143388	A	T	24	33	2	1	1	1
1	546209	A	T	26	31	2	1	1	1
1	141195	A	T	17	40	2	1	1	1
1	243088	A	T	11	46	2	1	1	1
1	122641	A	T	13	44	2	1	1	1
1	451672	A	T	20	37	2	1	1	1
1	531298	A	T	11	46	2	1	1	1
1	726707	A	T	22	35	2	1	1	1
1	69058	A	T	17	40	2	1	1	1
1	188017	A	T	13	44	2	1	1	1
1	792461	A	T	20	37	2	1	1	1
1	435882	A	T	19	38	2	1	1	1
1	604214	A	T	15	42	2	1	1	1
1	890186	A	T	10	47	2	1	1	1
1	545824	A	T	29	28	2	1	1	1
1	739659	A	T	22	35	2	1	1	1
1	150980	A	T	24	33	2	1	1	1
1	373904	A	T	12	45	2	1	1	1
1	989706	A	T	21	36	2	1	1	1
1	555085	A	T	20	37	2	1	1	1
1	344709	A	T	9	48	2	1	1	1
1	855814	A	T	19	38	2	1	1	1
1	773374	A	T	18	39	2	1	1	1
1	540432	A	T	21	36	2	1	1	1
1	961413	A	T	15	42	2	1	1	1
1	594367	A	T	17	40	2	1	1	1
1	789307	A	T	20	37	2	1	1	1
1	525893	A	T	19	38	2	1	1	1
1	726440	A	T	12	45	2	1	1	1
1	79610	A	T	23	34	2	1	1	1
1	16615	A	T	19	38	2	1	1	1
1	951198	A	T	15	42	2	1	1	1
1	457566	A	T	21	36	2	1	1	1
1	8745	A	T	21	36	2	1	1	1
1	120366	A	T	16	41	2	1	1	1
1	432206	A	T	24	33	2	1	1	1
1	960974	A	T	24	33	2	1	1	1
1	519075	A	T	20	37	2	1	1	1
1	853947	A	T	20	37	2	1	1	1
1	89305	A	T	19	38	2	1	1	1
1	920429	A	T	20	37	2	1	1	1
1	406944	A	T	27	30	2	1	1	1
1	142738	A	T	13	44	2	1	1	1
1	338691	A	T	18	39	2	1	1	1
1	416214	A	T	21	36	2	1	1	1
1	757575	A	T	10	47	2	1	1	1
1	956768	A	T	18	39	2	1	1	1
1	298022	A	T	16	41	2	1	1	1
1	477113	A	T	24	33	2	1	1	1
1	175265	A	T	17	40	2	1	1	1
1	263732	A	T	13	44	2	1	1	1
1	215371	A	T	28	29	2	1	1	1
1	345312	A	T	19	38	2	1	1	1
1	620410	A	T	18	39	2	1	1	1
1	352709	A	T	18	39	2	1	1	1
1	764405	A	T	13	44	2	1	1	1
1	894470	A	T	15	42	2	1	1	1
1	738512	A	T	24	33	2	1	1	1
1	51074	A	T	17	40	2	1	1	1
1	996115	A	T	15	42	2	1	1	1
1	494648	A	T	18	39	2	1	1	1
1	373594	A	T	15	42	2	1	1	1
1	52960	A	T	19	38	2	1	1	1
1	359785	A	T	14	43	2	1	1	1
1	683106	A	T	20	37	2	1	1	1
1	947702	A	T	26	31	2	1	1	1
1	629347	A	T	18	39	2	1	1	1
1	583824	A	T	13	44	2	1	1	1
1	518998	A	T	19	38	2	1	1	1
1	449967	A	T	14	43	2	1	1	1
1	179267	A	T	15	42	2	1	1	1
1	230002	A	T	18	39	2	1	1	1
1	17446	A	T	19	38	2	1	1	1
1	945666	A	T	15	42	2	1	1	1
1	496240	A	T	13	44	2	1	1	1
1	220647	A	T	17	40	2	1	1	1
1	833734	A	T	17	40	2	1	1	1
1	604853	A	T	13	44	2	1	1	1
1	440716	A	T	22	35	2	1	1	1
1	292242	A	T	14	43	2	1	1	1
1	853582	A	T	17	40	2	1	1	1
1	904453	A	T	23	34	2	1	1	1
1	874209	A	T	21	36	2	1	1	1
1	994630	A	T	14	43	2	1	1	1
1	461586	A	T	11	46	2	1	1	1
1	912648	A	T	20	37	2	1	1	1
1	151696	A	T	24	33	2	1	1	1
1	550434	A	T	19	38	2	1	1	1
1	148942	A	T	21	36	2	1	1	1
1	799118	A	T	17	40	2	1	1	1
1	150858	A	T	15	42	2	1	1	1
1	944735	A	T	22	35	2	1	1	1
1	538229	A	T	16	41	2	1	1	1
1	265608	A	T	21	36	2	1	1	1
1	537031	A	T	21	36	2	1	1	1
1	464317	A	T	18	39	2	1	1	1
1	409059	A	T	16	41	2	1	1	1
1	45236	A	T	20	37	2	1	1	1
1	533727	A	T	16	41	2	1	1	1
1	659152	A	T	19	38	2	1	1	1
1	178287	A	T	17	40	2	1	1	1
1	757750	A	T	9	48	2	1	1	1
1	500598	A	T	17	40	2	1	1	1
1	495839	A	T	17	40	2	1	1	1
1	330165	A	T	15	42	2	1	1	1
1	447941	A	T	23	34	2	1	1	1
1	455956	A	T	22	35	2	1	1	1
1	330163	A	T	14	43	2	1	1	1
1	307118	A	T	17	40	2	1	1	1
1	636655	A	T	17	40	2	1	1	1
1	852784	A	T	22	35	2	1	1	1
1	547091	A	T	7	50	2	1	1	1
1	194858	A	T	19	38	2	1	1	1
1	608200	A	T	24	33	2	1	1	1
1	781930	A	T	16	41	2	1	1	1
1	95323	A	T	14	43	2	1	1	1
1	528124	A	T	19	38	2	1	1	1
1	191977	A	T	19	38	2	1	1	1
1	521084	A	T	16	41	2	1	1	1
1	725540	A	T	19	38	2	1	1	1
1	82328	A	T	21	36	2	1	1	1
1	806455	A	T	17	40	2	1	1	1
1	397740	A	T	12	45	2	1	1	1
1	295669	A	T	21	36	2	1	1	1
1	129272	A	T	21	36	2	1	1	1
1	337169	A	T	25	32	2	1	1	1
1	213063	A	T	25	32	2	1	1	1
1	674614	A	T	17	40	2	1	1	1
1	208980	A	T	19	38	2	1	1	1
1	118627	A	T	15	42	2	1	1	1
1	17279	A	T	24	33	2	1	1	1
1	310187	A	T	24	33	2	1	1	1
1	912671	A	T	18	39	2	1	1	1
1	47577	A	T	14	43	2	1	1	1
1	565534	A	T	31	26	2	1	1	1
1	50249	A	T	13	44	2	1	1	1
1	62086	A	T	28	29	2	1	1	1
1	190648	A	T	18	39	2	1	1	1
1	699450	A	T	16	41	2	1	1	1
1	336381	A	T	20	37	2	1	1	1
1	170422	A	T	20	37	2	1	1	1
1	861259	A	T	23	34	2	1	1	1
1	791442	A	T	17	40	2	1	1	1
1	139500	A	T	20	37	2	1	1	1
1	811138	A	T	20	37	2	1	1	1
1	398418	A	T	9	48	2	1	1	1
1	750669	A	T	16	41	2	1	1	1
1	833328	A	T	19	38	2	1	1	1
1	953028	A	T	28	29	2	1	1	1
1	528470	A	T	22	35	2	1	1	1
1	611502	A	T	19	38	2	1	1	1
1	585722	A	T	16	41	2	1	1	1
1	464251	A	T	20	37	2	1	1	1
1	906803	A	T	11	46	2	1	1	1
1	364881	A	T	24	33	2	1	1	1
1	380515	A	T	21	36	2	1	1	1
1	335440	A	T	12	45	2	1	1	1
1	868803	A	T	11	46	2	1	1	1
1	557844	A	T	21	36	2	1	1	1
1	410518	A	T	21	36	2	1	1	1
1	698846	A	T	16	41	2	1	1	1
1	617604	A	T	24	33	2	1	1	1
1	953744	A	T	19	38	2	1	1	1
1	954414	A	T	25	32	2	1	1	1
1	35181	A	T	21	36	2	1	1	1
1	478497	A	T	21	36	2	1	1	1
1	797852	A	T	23	34	2	1	1	1
1	919234	A	T	22	35	2	1	1	1
1	683403	A	T	26	31	2	1	1	1
1	483380	A	T	17	40	2	1	1	1
1	433563	A	T	23	34	2	1	1	1
1	546197	A	T	28	29	2	1	1	1
1	340221	A	T	15	42	2	1	1	1
1	425790	A	T	14	43	2	1	1	1
1	509911	A	T	15	42	2	1	1	1
1	381810	A	T	21	36	2	1	1	1
1	865129	A	T	29	28	2	1	1	1
1	289901	A	T	18	39	2	1	1	1
1	485386	A	T	19	38	2	1	1	1
1	136066	A	T	10	47	2	1	1	1
1	348751	A	T	19	38	2	1	1	1
1	109676	A	T	20	37	2	1	1	1
1	984324	A	T	18	39	2	1	1	1
1	885903	A	T	13	44	2	1	1	1
1	243303	A	T	19	38	2	1	1	1
1	268171	A	T	23	34	2	1	1	1
1	887356	A	T	14	43	2	1	1	1
1	900944	A	T	23	34	2	1	1	1
1	694871	A	T	23	34	2	1	1	1
1	335192	A	T	15	42	2	1	1	1
1	896127	A	T	16	41	2	1	1	1
1	761146	A	T	23	34	2	1	1	1
1	634872	A	T	9	48	2	1	1	1
1	388274	A	T	12	45	2	1	1	1
1	253910	A	T	16	41	2	1	1	1
1	843166	A	T	17	40	2	1	1	1
1	856507	A	T	19	38	2	1	1	1
1	505734	A	T	24	33	2	1	1	1
1	238520	A	T	19	38	2	1	1	1
1	424533	A	T	8	49	2	1	1	1
1	139399	A	T	20	37	2	1	1	1
1	711982	A	T	22	35	2	1	1	1
1	348811	A	T	18	39	2	1	1	1
1	555318	A	T	22	35	2	1	1	1
1	981925	A	T	17	40	2	1	1	1
1	499935	A	T	18	39	2	1	1	1
1	68908	A	T	16	41	2	1	1	1
1	816656	A	T	19	38	2	1	1	1
1	605429	A	T	16	41	2	1	1	1
1	459138	A	T	18	39	2	1	1	1
1	2040	A	T	21	36	2	1	1	1
1	445493	A	T	11	46	2	1	1	1
1	615568	A	T	22	35	2	1	1	1
1	588191	A	T	17	40	2	1	1	1
1	520878	A	T	14	43	2	1	1	1
1	679797	A	T	17	40	2	1	1	1
1	29631	A	T	27	30	2	1	1	1
1	940625	A	T	26	31	2	1	1	1
1	322196	A	T	26	31	2	1	1	1
1	943823	A	T	26	31	2	1	1	1
1	967286	A	T	24	33	2	1	1	1
1	193398	A	T	24	33	2	1	1	1
1	853157	A	T	22	35	2	1	1	1
1	416255	A	T	17	40	2	1	1	1
1	263677	A	T	21	36	2	1	1	1
1	961744	A	T	22	35	2	1	1	1
1	672448	A	T	12	45	2	1	1	1
1	709769	A	T	15	42	2	1	1	1
1	558554	A	T	23	34	2	1	1	1
1	933025	A	T	21	36	2	1	1	1
1	916203	A	T	7	50	2	1	1	1
1	579058	A	T	15	42	2	1	1	1
1	771506	A	T	28	29	2	1	1	1
1	990396	A	T	19	38	2	1	1	1
1	156788	A	T	20	37	2	1	1	1
1	354838	A	T	18	39	2	1	1	1
1	412626	A	T	24	33	2	1	1	1
1	942155	A	T	18	39	2	1	1	1
1	685279	A	T	13	44	2	1	1	1
1	416385	A	T	13	44	2	1	1	1
1	722989	A	T	17	40	2	1	1	1
1	826571	A	T	20	37	2	1	1	1
1	874679	A	T	22	35	2	1	1	1
1	889293	A	T	10	47	2	1	1	1
1	466306	A	T	16	41	2	1	1	1
1	617776	A	T	15	42	2	1	1	1
1	962238	A	T	19	38	2	1	1	1
1	110998	A	T	19	38	2	1	1	1
1	927905	A	T	14	43	2	1	1	1
1	697424	A	T	24	33	2	1	1	1
1	745511	A	T	13	44	2	1	1	1
1	610017	A	T	24	33	2	1	1	1
1	353394	A	T	17	40	2	1	1	1
1	284642	A	T	22	35	2	1	1	1
1	792143	A	T	14	43	2	1	1	1
1	50695	A	T	16	41	2	1	1	1
1	299260	A	T	19	38	2	1	1	1
1	922177	A	T	14	43	2	1	1	1
1	149918	A	T	16	41	2	1	1	1
1	285515	A	T	22	35	2	1	1	1
1	806343	A	T	18	39	2	1	1	1
1	911409	A	T	26	31	2	1	1	1
1	156157	A	T	13	44	2	1	1	1
1	651982	A	T	22	35	2	1	1	1
1	439597	A	T	18	39	2	1	1	1
1	802581	A	T	15	42	2	1	1	1
1	124069	A	T	15	42	2	1	1	1
1	871839	A	T	14	43	2	1	1	1
1	132088	A	T	10	47	2	1	1	1
1	885926	A	T	17	40	2	1	1	1
1	552820	A	T	21	36	2	1	1	1
1	971809	A	T	24	33	2	1	1	1
1	743090	A	T	23	34	2	1	1	1
1	175142	A	T	17	40	2	1	1	1
1	561939	A	T	13	44	2	1	1	1
1	654047	A	T	18	39	2	1	1	1
1	871064	A	T	15	42	2	1	1	1
1	756258	A	T	21	36	2	1	1	1
1	612715	A	T	17	40	2	1	1	1
1	736086	A	T	10	47	2	1	1	1
1	114263	A	T	20	37	2	1	1	1
1	135374	A	T	22	35	2	1	1	1
1	152766	A	T	17	40	2	1	1	1
1	601994	A	T	21	36	2	1	1	1
1	652532	A	T	11	46	2	1	1	1
1	399237	A	T	20	37	2	1	1	1
1	745805	A	T	12	45	2	1	1	1
1	73246	A	T	20	37	2	1	1	1
1	881664	A	T	17	40	2	1	1	1
1	477877	A	T	15	42	2	1	1	1
1	492930	A	T	13	44	2	1	1	1
1	455999	A	T	24	33	2	1	1	1
1	157544	A	T	28	29	2	1	1	1
1	945284	A	T	19	38	2	1	1	1
1	106376	A	T	12	45	2	1	1	1
1	543728	A	T	14	43	2	1	1	1
1	933085	A	T	22	35	2	1	1	1
1	173763	A	T	28	29	2	1	1	1
1	679519	A	T	16	41	2	1	1	1
1	38940	A	T	21	36	2	1	1	1
1	500605	A	T	12	45	2	1	1	1
1	254604	A	T	20	37	2	1	1	1
1	881886	A	T	16	41	2	1	1	1
1	224487	A	T	18	39	2	1	1	1
1	196020	A	T	24	33	2	1	1	1
1	79464	A	T	25	32	2	1	1	1
1	858280	A	T	23	34	2	1	1	1
1	540743	A	T	21	36	2	1	1	1
1	659105	A	T	7	50	2	1	1	1
1	429108	A	T	17	40	2	1	1	1
1	62066	A	T	20	37	2	1	1	1
1	724837	A	T	28	29	2	1	1	1
1	527095	A	T	17	40	2	1	1	1
1	966810	A	T	11	46	2	1	1	1
1	265476	A	T	23	34	2	1	1	1
1	545041	A	T	19	38	2	1	1	1
1	708767	A	T	12	45	2	1	1	1
1	646221	A	T	23	34	2	1	1	1
1	959645	A	T	16	41	2	1	1	1
1	544631	A	T	22	35	2	1	1	1
1	666335	A	T	17	40	2	1	1	1
1	759395	A	T	9	48	2	1	1	1
1	735582	A	T	15	42	2	1	1	1
1	525073	A	T	13	44	2	1	1	1
1	690919	A	T	27	30	2	1	1	1
1	982716	A	T	13	44	2	1	1	1
1	928958	A	T	20	37	2	1	1	1
1	32138	A	T	11	46	2	1	1	1
1	16684	A	T	22	35	2	1	1	1
1	114084	A	T	13	44	2	1	1	1
1	684764	A	T	15	42	2	1	1	1
1	497199	A	T	24	33	2	1	1	1
1	273658	A	T	26	31	2	1	1	1
1	85970	A	T	12	45	2	1	1	1
1	676940	A	T	17	40	2	1	1	1
1	151255	A	T	23	34	2	1	1	1
1	604095	A	T	21	36	2	1	1	1
1	926447	A	T	16	41	2	1	1	1
1	108853	A	T	13	44	2	1	1	1
1	718865	A	T	19	38	2	1	1	1
1	348607	A	T	21	36	2	1	1	1
1	273625	A	T	22	35	2	1	1	1
1	183968	A	T	15	42	2	1	1	1
1	483231	A	T	20	37	2	1	1	1
1	236615	A	T	14	43	2	1	1	1
1	576362	A	T	28	29	2	1	1	1
1	256149	A	T	24	33	2	1	1	1
1	388074	A	T	25	32	2	1	1	1
1	330190	A	T	9	48	2	1	1	1
1	771129	A	T	20	37	2	1	1	1
1	714150	A	T	20	37	2	1	1	1
1	974693	A	T	29	28	2	1	1	1
1	142323	A	T	16	41	2	1	1	1
1	139977	A	T	15	42	2	1	1	1
1	782183	A	T	19	38	2	1	1	1
1	726393	A	T	15	42	2	1	1	1
1	874459	A	T	20	37	2	1	1	1
1	381027	A	T	19	38	2	1	1	1
1	763114	A	T	23	34	2	1	1	1
1	627205	A	T	21	36	2	1	1	1
1	593174	A	T	15	42	2	1	1	1
1	79459	A	T	16	41	2	1	1	1
1	332679	A	T	13	44	2	1	1	1
1	730046	A	T	10	47	2	1	1	1
1	132835	A	T	23	34	2	1	1	1
1	611694	A	T	10	47	2	1	1	1
1	581604	A	T	17	40	2	1	1	1
1	379577	A	T	10	47	2	1	1	1
1	796867	A	T	20	37	2	1	1	1
1	923409	A	T	20	37	2	1	1	1
1	147389	A	T	17	40	2	1	1	1
1	37947	A	T	13	44	2	1	1	1
1	583387	A	T	17	40	2	1	1	1
1	820733	A	T	16	41	2	1	1	1
1	331572	A	T	16	41	2	1	1	1
1	825005	A	T	20	37	2	1	1	1
1	262476	A	T	24	33	2	1	1	1
1	20855	A	T	20	37	2	1	1	1
1	554687	A	T	15	42	2	1	1	1
1	170654	A	T	15	42	2	1	1	1
1	694086	A	T	21	36	2	1	1	1
1	495168	A	T	15	42	2	1	1	1
1	249460	A	T	19	38	2	1	1	1
1	693736	A	T	11	46	2	1	1	1
1	120141	A	T	25	32	2	1	1	1
1	601670	A	T	16	41	2	1	1	1
1	292478	A	T	17	40	2	1	1	1
1	984380	A	T	15	42	2	1	1	1
1	489764	A	T	17	40	2	1	1	1
1	876462	A	T	20	37	2	1	1	1
1	594417	A	T	21	36	2	1	1	1
1	440057	A	T	19	38	2	1	1	1
1	168019	A	T	12	45	2	1	1	1
1	972725	A	T	13	44	2	1	1	1
1	202520	A	T	20	37	2	1	1	1
1	983380	A	T	19	38	2	1	1	1
1	865190	A	T	14	43	2	1	1	1
1	600032	A	T	22	35	2	1	1	1
1	237104	A	T	15	42	2	1	1	1
1	444344	A	T	20	37	2	1	1	1
1	793870	A	T	16	41	2	1	1	1
1	834391	A	T	17	40	2	1	1	1
1	830801	A	T	10	47	2	1	1	1
1	459120	A	T	14	43	2	1	1	1
1	379467	A	T	24	33	2	1	1	1
1	131529	A	T	10	47	2	1	1	1
1	235027	A	T	21	36	2	1	1	1
1	724357	A	T	22	35	2	1	1	1
1	413972	A	T	12	45	2	1	1	1
1	767329	A	T	22	35	2	1	1	1
1	195694	A	T	23	34	2	1	1	1
1	36051	A	T	15	42	2	1	1	1
1	945037	A	T	20	37	2	1	1	1
1	203349	A	T	6	51	2	1	1	1
1	952599	A	T	19	38	2	1	1	1
1	521243	A	T	26	31	2	1	1	1
1	847972	A	T	21	36	2	1	1	1
1	717993	A	T	18	39	2	1	1	1
1	619112	A	T	16	41	2	1	1	1
1	158439	A	T	27	30	2	1	1	1
1	329154	A	T	13	44	2	1	1	1
1	17601	A	T	14	43	2	1	1	1
1	902591	A	T	12	45	2	1	1	1
1	437890	A	T	18	39	2	1	1	1
1	919787	A	T	17	40	2	1	1	1
1	599053	A	T	14	43	2	1	1	1
1	971961	A	T	11	46	2	1	1	1
1	685781	A	T	9	48	2	1	1	1
1	111945	A	T	15	42	2	1	1	1
1	7075	A	T	27	30	2	1	1	1
1	878258	A	T	29	28	2	1	1	1
1	959445	A	T	13	44	2	1	1	1
1	426272	A	T	23	34	2	1	1	1
1	758524	A	T	21	36	2	1	1	1
1	820353	A	T	17	40	2	1	1	1
1	545071	A	T	12	45	2	1	1	1
1	697164	A	T	18	39	2	1	1	1
1	840782	A	T	17	40	2	1	1	1
1	400303	A	T	17	40	2	1	1	1
1	345474	A	T	16	41	2	1	1	1
1	8634	A	T	19	38	2	1	1	1
1	529010	A	T	16	41	2	1	1	1
1	335316	A	T	20	37	2	1	1	1
1	147754	A	T	16	41	2	1	1	1
1	616124	A	T	17	40	2	1	1	1
1	409927	A	T	15	42	2	1	1	1
1	878091	A	T	18	39	2	1	1	1
1	216228	A	T	18	39	2	1	1	1
1	67062	A	T	20	37	2	1	1	1
1	443920	A	T	23	34	2	1	1	1
1	711694	A	T	23	34	2	1	1	1
1	858793	A	T	19	38	2	1	1	1
1	940891	A	T	19	38	2	1	1	1
1	860027	A	T	21	36	2	1	1	1
1	272371	A	T	16	41	2	1	1	1
1	212012	A	T	25	32	2	1	1	1
1	636088	A	T	15	42	2	1	1	1
1	151456	A	T	24	33	2	1	1	1
1	484409	A	T	15	42	2	1	1	1
1	56349	A	T	19	38	2	1	1	1
1	878408	A	T	19	38	2	1	1	1
1	555083	A	T	25	32	2	1	1	1
1	807867	A	T	17	40	2	1	1	1
1	525552	A	T	27	30	2	1	1	1
1	850540	A	T	18	39	2	1	1	1
1	832098	A	T	14	43	2	1	1	1
1	794019	A	T	18	39	2	1	1	1
1	660577	A	T	22	35	2	1	1	1
1	532562	A	T	25	32	2	1	1	1
1	824790	A	T	13	44	2	1	1	1
1	634617	A	T	20	37	2	1	1	1
1	101006	A	T	17	40	2	1	1	1
1	922061	A	T	15	42	2	1	1	1
1	890413	A	T	18	39	2	1	1	1
1	815721	A	T	22	35	2	1	1	1
1	678413	A	T	11	46	2	1	1	1
1	230589	A	T	19	38	2	1	1	1
1	138693	A	T	18	39	2	1	1	1
1	858176	A	T	15	42	2	1	1	1
1	728196	A	T	22	35	2	1	1	1
1	616775	A	T	15	42	2	1	1	1
1	843672	A	T	20	37	2	1	1	1
1	617228	A	T	16	41	2	1	1	1
1	119919	A	T	21	36	2	1	1	1
1	593395	A	T	24	33	2	1	1	1
1	702118	A	T	17	40	2	1	1	1
1	754220	A	T	18	39	2	1	1	1
1	279687	A	T	17	40	2	1	1	1
1	794115	A	T	19	38	2	1	1	1
1	207517	A	T	22	35	2	1	1	1
1	122862	A	T	19	38	2	1	1	1
1	159071	A	T	14	43	2	1	1	1
1	592650	A	T	16	41	2	1	1	1
1	612474	A	T	18	39	2	1	1	1
1	6113	A	T	17	40	2	1	1	1
1	947738	A	T	11	46	2	1	1	1
1	478505	A	T	16	41	2	1	1	1
1	953746	A	T	17	40	2	1	1	1
1	192516	A	T	15	42	2	1	1	1
1	82389	A	T	13	44	2	1	1	1
1	920657	A	T	11	46	2	1	1	1
1	360618	A	T	23	34	2	1	1	1
1	129464	A	T	16	41	2	1	1	1
1	796496	A	T	17	40	2	1	1	1
1	435703	A	T	13	44	2	1	1	1
1	319707	A	T	18	39	2	1	1	1
1	306128	A	T	16	41	2	1	1	1
1	361929	A	T	21	36	2	1	1	1
1	794656	A	T	15	42	2	1	1	1
1	159629	A	T	20	37	2	1	1	1
1	248556	A	T	21	36	2	1	1	1
1	86500	A	T	11	46	2	1	1	1
1	615626	A	T	18	39	2	1	1	1
1	430322	A	T	21	36	2	1	1	1
1	639116	A	T	23	34	2	1	1	1
1	233596	A	T	24	33	2	1	1	1
1	273880	A	T	15	42	2	1	1	1
1	570687	A	T	18	39	2	1	1	1
1	771856	A	T	9	48	2	1	1	1
1	26477	A	T	25	32	2	1	1	1
1	390201	A	T	19	38	2	1	1	1
1	306570	A	T	12	45	2	1	1	1
1	905530	A	T	17	40	2	1	1	1
1	386972	A	T	19	38	2	1	1	1
1	414884	A	T	18	39	2	1	1	1
1	5032	A	T	22	35	2	1	1	1
1	846441	A	T	19	38	2	1	1	1
1	140573	A	T	29	28	2	1	1	1
1	64342	A	T	19	38	2	1	1	1
1	959500	A	T	17	40	2	1	1	1
1	88336	A	T	25	32	2	1	1	1
1	303807	A	T	17	40	2	1	1	1
1	376814	A	T	21	36	2	1	1	1
1	392021	A	T	15	42	2	1	1	1
1	905707	A	T	22	35	2	1	1	1
1	979145	A	T	13	44	2	1	1	1
1	809958	A	T	21	36	2	1	1	1
1	731708	A	T	13	44	2	1	1	1
1	248291	A	T	19	38	2	1	1	1
1	711772	A	T	19	38	2	1	1	1
1	251437	A	T	9	48	2	1	1	1
1	855726	A	T	19	38	2	1	1	1
1	868909	A	T	25	32	2	1	1	1
1	901227	A	T	13	44	2	1	1	1
1	478602	A	T	17	40	2	1	1	1
1	347828	A	T	19	38	2	1	1	1
1	498966	A	T	23	34	2	1	1	1
1	99091	A	T	24	33	2	1	1	1
1	681284	A	T	15	42	2	1	1	1
1	327625	A	T	21	36	2	1	1	1
1	902087	A	T	15	42	2	1	1	1
1	741087	A	T	15	42	2	1	1	1
1	627443	A	T	23	34	2	1	1	1
1	332324	A	T	19	38	2	1	1	1
1	473893	A	T	23	34	2	1	1	1
1	134670	A	T	11	46	2	1	1	1
1	545584	A	T	17	40	2	1	1	1
1	789002	A	T	20	37	2	1	1	1
1	101001	A	T	22	35	2	1	1	1
1	467774	A	T	24	33	2	1	1	1
1	931394	A	T	16	41	2	1	1	1
1	579867	A	T	26	31	2	1	1	1
1	416853	A	T	22	35	2	1	1	1
1	154064	A	T	24	33	2	1	1	1
1	348641	A	T	17	40	2	1	1	1
1	408340	A	T	15	42	2	1	1	1
1	759887	A	T	26	31	2	1	1	1
1	604385	A	T	21	36	2	1	1	1
1	262107	A	T	10	47	2	1	1	1
1	667503	A	T	17	40	2	1	1	1
1	928584	A	T	20	37	2	1	1	1
1	537301	A	T	20	37	2	1	1	1
1	373449	A	T	18	39	2	1	1	1
1	951156	A	T	14	43	2	1	1	1
1	210758	A	T	17	40	2	1	1	1
1	937356	A	T	21	36	2	1	1	1
1	502162	A	T	22	35	2	1	1	1
1	378509	A	T	24	33	2	1	1	1
1	521452	A	T	19	38	2	1	1	1
1	644679	A	T	11	46	2	1	1	1
1	630406	A	T	10	47	2	1	1	1
1	192604	A	T	19	38	2	1	1	1
1	957265	A	T	21	36	2	1	1	1
1	983479	A	T	16	41	2	1	1	1
1	713951	A	T	15	42	2	1	1	1
1	969247	A	T	22	35	2	1	1	1
1	526124	A	T	11	46	2	1	1	1
1	603799	A	T	21	36	2	1	1	1
1	415391	A	T	21	36	2	1	1	1
1	602047	A	T	30	27	2	1	1	1
1	374796	A	T	18	39	2	1	1	1
1	770982	A	T	26	31	2	1	1	1
1	288016	A	T	18	39	2	1	1	1
1	160007	A	T	10	47	2	1	1	1
1	457135	A	T	28	29	2	1	1	1
1	18305	A	T	18	39	2	1	1	1
1	266218	A	T	19	38	2	1	1	1
1	430672	A	T	20	37	2	1	1	1
1	646915	A	T	21	36	2	1	1	1
1	322476	A	T	25	32	2	1	1	1
1	749216	A	T	26	31	2	1	1	1
1	249593	A	T	12	45	2	1	1	1
1	402947	A	T	24	33	2	1	1	1
1	693033	A	T	13	44	2	1	1	1
1	760896	A	T	17	40	2	1	1	1
1	732777	A	T	24	33	2	1	1	1
1	744849	A	T	17	40	2	1	1	1
1	431763	A	T	17	40	2	1	1	1
1	130345	A	T	21	36	2	1	1	1
1	572571	A	T	16	41	2	1	1	1
1	273803	A	T	21	36	2	1	1	1
1	155277	A	T	21	36	2	1	1	1
1	514456	A	T	11	46	2	1	1	1
1	119892	A	T	11	46	2	1	1	1
1	208713	A	T	22	35	2	1	1	1
1	773067	A	T	26	31	2	1	1	1
1	547390	A	T	10	47	2	1	1	1
1	623634	A	T	24	33	2	1	1	1
1	922515	A	T	14	43	2	1	1	1
1	864454	A	T	18	39	2	1	1	1
1	173713	A	T	22	35	2	1	1	1
1	29490	A	T	16	41	2	1	1	1
1	23588	A	T	21	36	2	1	1	1
1	245871	A	T	27	30	2	1	1	1
1	195225	A	T	15	42	2	1	1	1
1	306992	A	T	17	40	2	1	1	1
1	72105	A	T	25	32	2	1	1	1
1	670974	A	T	12	45	2	1	1	1
1	532592	A	T	30	27	2	1	1	1
1	967145	A	T	19	38	2	1	1	1
1	106050	A	T	21	36	2	1	1	1
1	78403	A	T	15	42	2	1	1	1
1	833565	A	T	17	40	2	1	1	1
1	840919	A	T	20	37	2	1	1	1
1	668476	A	T	20	37	2	1	1	1
1	332358	A	T	24	33	2	1	1	1
1	720050	A	T	25	32	2	1	1	1
1	127245	A	T	24	33	2	1	1	1
1	880560	A	T	20	37	2	1	1	1
1	544264	A	T	17	40	2	1	1	1
1	321443	A	T	22	35	2	1	1	1
1	917352	A	T	17	40	2	1	1	1
1	444628	A	T	16	41	2	1	1	1
1	948284	A	T	28	29	2	1	1	1
1	546251	A	T	19	38	2	1	1	1
1	234663	A	T	23	34	2	1	1	1
1	350785	A	T	21	36	2	1	1	1
1	547405	A	T	20	37	2	1	1	1
1	462176	A	T	15	42	2	1	1	1
1	191633	A	T	13	44	2	1	1	1
1	994816	A	T	19	38	2	1	1	1
1	344005	A	T	14	43	2	1	1	1
1	696209	A	T	13	44	2	1	1	1
1	604293	A	T	16	41	2	1	1	1
1	193017	A	T	14	43	2	1	1	1
1	456754	A	T	16	41	2	1	1	1
1	898356	A	T	17	40	2	1	1	1
1	860788	A	T	20	37	2	1	1	1
1	644454	A	T	26	31	2	1	1	1
1	294473	A	T	17	40	2	1	1	1
1	223058	A	T	11	46	2	1	1	1
1	447694	A	T	26	31	2	1	1	1
1	376575	A	T	10	47	2	1	1	1
1	916759	A	T	21	36	2	1	1	1
1	116067	A	T	21	36	2	1	1	1
1	957260	A	T	23	34	2	1	1	1
1	57580	A	T	21	36	2	1	1	1
1	614049	A	T	18	39	2	1	1	1
1	255286	A	T	17	40	2	1	1	1
1	285097	A	T	23	34	2	1	1	1
1	203383	A	T	22	35	2	1	1	1
1	412043	A	T	19	38	2	1	1	1
1	564983	A	T	27	30	2	1	1	1
1	321286	A	T	9	48	2	1	1	1
1	227238	A	T	15	42	2	1	1	1
1	531520	A	T	28	29	2	1	1	1
1	543946	A	T	16	41	2	1	1	1
1	130066	A	T	20	37	2	1	1	1
1	895565	A	T	16	41	2	1	1	1
1	435896	A	T	12	45	2	1	1	1
1	759229	A	T	12	45	2	1	1	1
1	363061	A	T	20	37	2	1	1	1
1	174859	A	T	7	50	2	1	1	1
1	340763	A	T	20	37	2	1	1	1
1	729588	A	T	15	42	2	1	1	1
1	950911	A	T	22	35	2	1	1	1
1	469819	A	T	14	43	2	1	1	1
1	971392	A	T	18	39	2	1	1	1
1	849459	A	T	19	38	2	1	1	1
1	965387	A	T	12	45	2	1	1	1
1	827195	A	T	25	32	2	1	1	1
1	491146	A	T	25	32	2	1	1	1
1	174546	A	T	25	32	2	1	1	1
1	229643	A	T	14	43	2	1	1	1
1	92966	A	T	20	37	2	1	1	1
1	876007	A	T	18	39	2	1	1	1
1	468000	A	T	11	46	2	1	1	1
1	183635	A	T	27	30	2	1	1	1
1	276647	A	T	21	36	2	1	1	1
1	412125	A	T	24	33	2	1	1	1
1	407027	A	T	14	43	2	1	1	1
1	843641	A	T	11	46	2	1	1	1
1	28468	A	T	15	42	2	1	1	1
1	569732	A	T	21	36	2	1	1	1
1	22265	A	T	19	38	2	1	1	1
1	244602	A	T	10	47	2	1	1	1
1	708621	A	T	24	33	2	1	1	1
1	999829	A	T	24	33	2	1	1	1
1	535735	A	T	20	37	2	1	1	1
1	747538	A	T	10	47	2	1	1	1
1	830529	A	T	25	32	2	1	1	1
1	90650	A	T	18	39	2	1	1	1
1	862194	A	T	16	41	2	1	1	1
1	875451	A	T	23	34	2	1	1	1
1	172195	A	T	25	32	2	1	1	1
1	303311	A	T	18	39	2	1	1	1
1	999483	A	T	13	44	2	1	1	1
1	99315	A	T	11	46	2	1	1	1
1	288882	A	T	26	31	2	1	1	1
1	254741	A	T	20	37	2	1	1	1
1	341354	A	T	15	42	2	1	1	1
1	279592	A	T	28	29	2	1	1	1
1	686023	A	T	26	31	2	1	1	1
1	547745	A	T	27	30	2	1	1	1
1	701546	A	T	18	39	2	1	1	1
1	933169	A	T	14	43	2	1	1	1
1	674112	A	T	25	32	2	1	1	1
1	379259	A	T	16	41	2	1	1	1
1	792497	A	T	27	30	2	1	1	1
1	704870	A	T	21	36	2	1	1	1
1	542170	A	T	29	28	2	1	1	1
1	425693	A	T	16	41	2	1	1	1
1	566340	A	T	14	43	2	1	1	1
1	826925	A	T	16	41	2	1	1	1
1	480071	A	T	19	38	2	1	1	1
1	776077	A	T	17	40	2	1	1	1
1	369427	A	T	19	38	2	1	1	1
1	30780	A	T	11	46	2	1	1	1
1	241032	A	T	16	41	2	1	1	1
1	927685	A	T	20	37	2	1	1	1
1	189327	A	T	14	43	2	1	1	1
1	385537	A	T	13	44	2	1	1	1
1	586398	A	T	22	35	2	1	1	1
1	16551	A	T	18	39	2	1	1	1
1	993820	A	T	23	34	2	1	1	1
1	73724	A	T	19	38	2	1	1	1
1	815010	A	T	29	28	2	1	1	1
1	757909	A	T	14	43	2	1	1	1
1	141678	A	T	18	39	2	1	1	1
1	95880	A	T	18	39	2	1	1	1
1	485524	A	T	18	39	2	1	1	1
1	318105	A	T	21	36	2	1	1	1
1	603300	A	T	15	42	2	1	1	1
1	115441	A	T	17	40	2	1	1	1
1	589443	A	T	15	42	2	1	1	1
1	201646	A	T	14	43	2	1	1	1
1	77371	A	T	24	33	2	1	1	1
1	491312	A	T	21	36	2	1	1	1
1	610553	A	T	15	42	2	1	1	1
1	810048	A	T	13	44	2	1	1	1
1	985996	A	T	25	32	2	1	1	1
1	296526	A	T	23	34	2	1	1	1
1	18166	A	T	22	35	2	1	1	1
1	113237	A	T	23	34	2	1	1	1
1	61569	A	T	11	46	2	1	1	1
1	678898	A	T	10	47	2	1	1	1
1	460592	A	T	18	39	2	1	1	1
1	941580	A	T	22	35	2	1	1	1
1	843667	A	T	13	44	2	1	1	1
1	350245	A	T	17	40	2	1	1	1
1	421113	A	T	10	47	2	1	1	1
1	951055	A	T	20	37	2	1	1	1
1	429446	A	T	15	42	2	1	1	1
1	53002	A	T	19	38	2	1	1	1
1	474846	A	T	13	44	2	1	1	1
1	148641	A	T	15	42	2	1	1	1
1	700284	A	T	12	45	2	1	1	1
1	752828	A	T	20	37	2	1	1	1
1	982650	A	T	17	40	2	1	1	1
1	679130	A	T	18	39	2	1	1	1
1	244691	A	T	28	29	2	1	1	1
1	803620	A	T	15	42	2	1	1	1
1	104225	A	T	17	40	2	1	1	1
1	901505	A	T	20	37	2	1	1	1
1	131541	A	T	19	38	2	1	1	1
1	830560	A	T	22	35	2	1	1	1
1	18240	A	T	22	35	2	1	1	1
1	42015	A	T	24	33	2	1	1	1
1	552994	A	T	21	36	2	1	1	1
1	892515	A	T	22	35	2	1	1	1
1	802597	A	T	14	43	2	1	1	1
1	311287	A	T	16	41	2	1	1	1
1	73268	A	T	15	42	2	1	1	1
1	109906	A	T	27	30	2	1	1	1
1	520617	A	T	21	36	2	1	1	1
1	930844	A	T	17	40	2	1	1	1
1	200429	A	T	16	41	2	1	1	1
1	167475	A	T	14	43	2	1	1	1
1	93411	A	T	11	46	2	1	1	1
1	337902	A	T	22	35	2	1	1	1
1	138729	A	T	18	39	2	1	1	1
1	720503	A	T	15	42	2	1	1	1
1	315692	A	T	13	44	2	1	1	1
1	256470	A	T	16	41	2	1	1	1
1	492790	A	T	15	42	2	1	1	1
1	720659	A	T	18	39	2	1	1	1
1	484188	A	T	18	39	2	1	1	1
1	394291	A	T	31	26	2	1	1	1
1	374013	A	T	18	39	2	1	1	1
1	955118	A	T	11	46	2	1	1	1
1	462681	A	T	25	32	2	1	1	1
1	645914	A	T	20	37	2	1	1	1
1	777647	A	T	17	40	2	1	1	1
1	25964	A	T	20	37	2	1	1	1
1	168389	A	T	19	38	2	1	1	1
1	413386	A	T	14	43	2	1	1	1
1	252407	A	T	18	39	2	1	1	1
1	918723	A	T	21	36	2	1	1	1
1	32944	A	T	17	40	2	1	1	1
1	862995	A	T	17	40	2	1	1	1
1	30997	A	T	20	37	2	1	1	1
1	916369	A	T	17	40	2	1	1	1
1	328813	A	T	18	39	2	1	1	1
1	266816	A	T	21	36	2	1	1	1
1	100877	A	T	15	42	2	1	1	1
1	8927	A	T	19	38	2	1	1	1
1	137654	A	T	14	43	2	1	1	1
1	202814	A	T	24	33	2	1	1	1
1	577923	A	T	20	37	2	1	1	1
1	164012	A	T	20	37	2	1	1	1
1	796355	A	T	21	36	2	1	1	1
1	624374	A	T	30	27	2	1	1	1
1	544176	A	T	11	46	2	1	1	1
1	287118	A	T	15	42	2	1	1	1
1	394234	A	T	21	36	2	1	1	1
1	123711	A	T	26	31	2	1	1	1
1	453895	A	T	16	41	2	1	1	1
1	612191	A	T	26	31	2	1	1	1
1	126459	A	T	26	31	2	1	1	1
1	482133	A	T	21	36	2	1	1	1
1	414558	A	T	12	45	2	1	1	1
1	622468	A	T	19	38	2	1	1	1
1	729789	A	T	25	32	2	1	1	1
1	850315	A	T	22	35	2	1	1	1
1	423830	A	T	21	36	2	1	1	1
1	811303	A	T	22	35	2	1	1	1
1	365792	A	T	16	41	2	1	1	1
1	121509	A	T	21	36	2	1	1	1
1	832066	A	T	19	38	2	1	1	1
1	346939	A	T	15	42	2	1	1	1
1	952345	A	T	20	37	2	1	1	1
1	86489	A	T	10	47	2	1	1	1
1	208395	A	T	16	41	2	1	1	1
1	748652	A	T	32	25	2	1	1	1
1	887668	A	T	16	41	2	1	1	1
1	835088	A	T	13	44	2	1	1	1
1	255419	A	T	22	35	2	1	1	1
1	599669	A	T	14	43	2	1	1	1
1	596167	A	T	16	41	2	1	1	1
1	350597	A	T	17	40	2	1	1	1
1	50825	A	T	17	40	2	1	1	1
1	742727	A	T	15	42	2	1	1	1
1	74903	A	T	14	43	2	1	1	1
1	442276	A	T	22	35	2	1	1	1
1	347229	A	T	29	28	2	1	1	1
1	30123	A	T	14	43	2	1	1	1
1	827117	A	T	22	35	2	1	1	1
1	842510	A	T	15	42	2	1	1	1
1	491175	A	T	24	33	2	1	1	1
1	841041	A	T	26	31	2	1	1	1
1	711655	A	T	13	44	2	1	1	1
1	403759	A	T	12	45	2	1	1	1
1	480302	A	T	17	40	2	1	1	1
1	558547	A	T	11	46	2	1	1	1
1	194998	A	T	20	37	2	1	1	1
1	688493	A	T	28	29	2	1	1	1
1	341684	A	T	19	38	2	1	1	1
1	131198	A	T	22	35	2	1	1	1
1	531490	A	T	21	36	2	1	1	1
1	522561	A	T	22	35	2	1	1	1
1	484798	A	T	8	49	2	1	1	1
1	430861	A	T	21	36	2	1	1	1
1	861826	A	T	14	43	2	1	1	1
1	288051	A	T	17	40	2	1	1	1
1	204665	A	T	19	38	2	1	1	1
1	895927	A	T	14	43	2	1	1	1
1	246941	A	T	17	40	2	1	1	1
1	65601	A	T	13	44	2	1	1	1
1	482596	A	T	22	35	2	1	1	1
1	536472	A	T	16	41	2	1	1	1
1	149467	A	T	19	38	2	1	1	1
1	349206	A	T	16	41	2	1	1	1
1	946283	A	T	25	32	2	1	1	1
1	257415	A	T	27	30	2	1	1	1
1	720334	A	T	26	31	2	1	1	1
1	566546	A	T	21	36	2	1	1	1
1	303993	A	T	19	38	2	1	1	1
1	160133	A	T	16	41	2	1	1	1
1	615745	A	T	17	40	2	1	1	1
1	535000	A	T	19	38	2	1	1	1
1	497130	A	T	21	36	2	1	1	1
1	66477	A	T	13	44	2	1	1	1
1	809993	A	T	17	40	2	1	1	1
1	29010	A	T	21	36	2	1	1	1
1	157079	A	T	23	34	2	1	1	1
1	135748	A	T	18	39	2	1	1	1
1	328328	A	T	14	43	2	1	1	1
1	766047	A	T	24	33	2	1	1	1
1	564243	A	T	17	40	2	1	1	1
1	7005	A	T	17	40	2	1	1	1
1	455924	A	T	19	38	2	1	1	1
1	274935	A	T	18	39	2	1	1	1
1	613254	A	T	22	35	2	1	1	1
1	391428	A	T	17	40	2	1	1	1
1	746388	A	T	13	44	2	1	1	1
1	890012	A	T	14	43	2	1	1	1
1	915857	A	T	18	39	2	1	1	1
1	985946	A	T	26	31	2	1	1	1
1	357560	A	T	14	43	2	1	1	1
1	994166	A	T	19	38	2	1	1	1
1	204463	A	T	25	32	2	1	1	1
1	524831	A	T	13	44	2	1	1	1
1	615069	A	T	12	45	2	1	1	1
1	195353	A	T	19	38	2	1	1	1
1	4404	A	T	5	52	2	1	1	1
1	792920	A	T	19	38	2	1	1	1
1	115336	A	T	20	37	2	1	1	1
1	951370	A	T	17	40	2	1	1	1
1	683721	A	T	20	37	2	1	1	1
1	383771	A	T	14	43	2	1	1	1
1	216058	A	T	16	41	2	1	1	1
1	338415	A	T	21	36	2	1	1	1
1	930959	A	T	16	41	2	1	1	1
1	115862	A	T	14	43	2	1	1	1
1	277206	A	T	25	32	2	1	1	1
1	152372	A	T	22	35	2	1	1	1
1	652566	A	T	23	34	2	1	1	1
1	461615	A	T	19	38	2	1	1	1
1	743936	A	T	15	42	2	1	1	1
1	470158	A	T	21	36	2	1	1	1
1	577795	A	T	11	46	2	1	1	1
1	136632	A	T	26	31	2	1	1	1
1	423473	A	T	18	39	2	1	1	1
1	897782	A	T	14	43	2	1	1	1
1	732034	A	T	16	41	2	1	1	1
1	966357	A	T	13	44	2	1	1	1
1	397613	A	T	15	42	2	1	1	1
1	767707	A	T	20	37	2	1	1	1
1	702464	A	T	19	38	2	1	1	1
1	640893	A	T	19	38	2	1	1	1
1	213720	A	T	22	35	2	1	1	1
1	802523	A	T	11	46	2	1	1	1
1	800303	A	T	18	39	2	1	1	1
1	718535	A	T	16	41	2	1	1	1
1	442815	A	T	9	48	2	1	1	1
1	832309	A	T	15	42	2	1	1	1
1	552263	A	T	19	38	2	1	1	1
1	659039	A	T	13	44	2	1	1	1
1	205184	A	T	19	38	2	1	1	1
1	464044	A	T	22	35	2	1	1	1
1	7024	A	T	16	41	2	1	1	1
1	797931	A	T	10	47	2	1	1	1
1	893377	A	T	14	43	2	1	1	1
1	119778	A	T	14	43	2	1	1	1
1	216852	A	T	21	36	2	1	1	1
1	389616	A	T	17	40	2	1	1	1
1	784255	A	T	19	38	2	1	1	1
1	677378	A	T	18	39	2	1	1	1
1	130868	A	T	11	46	2	1	1	1
1	639609	A	T	17	40	2	1	1	1
1	138529	A	T	14	43	2	1	1	1
1	318112	A	T	20	37	2	1	1	1
1	178187	A	T	20	37	2	1	1	1
1	896747	A	T	20	37	2	1	1	1
1	205604	A	T	23	34	2	1	1	1
1	62184	A	T	17	40	2	1	1	1
1	7355	A	T	22	35	2	1	1	1
1	404390	A	T	12	45	2	1	1	1
1	389574	A	T	18	39	2	1	1	1
1	806011	A	T	14	43	2	1	1	1
1	816832	A	T	17	40	2	1	1	1
1	81356	A	T	18	39	2	1	1	1
1	753706	A	T	18	39	2	1	1	1
1	206801	A	T	11	46	2	1	1	1
1	922048	A	T	15	42	2	1	1	1
1	84862	A	T	26	31	2	1	1	1
1	279485	A	T	19	38	2	1	1	1
1	542151	A	T	19	38	2	1	1	1
1	74031	A	T	19	38	2	1	1	1
1	123369	A	T	18	39	2	1	1	1
1	673614	A	T	16	41	2	1	1	1
1	401162	A	T	24	33	2	1	1	1
1	275133	A	T	16	41	2	1	1	1
1	214037	A	T	19	38	2	1	1	1
1	27624	A	T	13	44	2	1	1	1
1	774080	A	T	17	40	2	1	1	1
1	871685	A	T	23	34	2	1	1	1
1	836466	A	T	14	43	2	1	1	1
1	550510	A	T	15	42	2	1	1	1
1	90924	A	T	16	41	2	1	1	1
1	296255	A	T	15	42	2	1	1	1
1	54001	A	T	18	39	2	1	1	1
1	274704	A	T	12	45	2	1	1	1
1	655690	A	T	14	43	2	1	1	1
1	580805	A	T	26	31	2	1	1	1
1	825950	A	T	21	36	2	1	1	1
1	789992	A	T	19	38	2	1	1	1
1	749097	A	T	15	42	2	1	1	1
1	513742	A	T	12	45	2	1	1	1
1	463934	A	T	21	36	2	1	1	1
1	775992	A	T	19	38	2	1	1	1
1	502771	A	T	15	42	2	1	1	1
1	137387	A	T	23	34	2	1	1	1
1	29258	A	T	20	37	2	1	1	1
1	610819	A	T	16	41	2	1	1	1
1	120898	A	T	22	35	2	1	1	1
1	350365	A	T	25	32	2	1	1	1
1	961843	A	T	31	26	2	1	1	1
1	249428	A	T	17	40	2	1	1	1
1	403970	A	T	25	32	2	1	1	1
1	547422	A	T	16	41	2	1	1	1
1	924897	A	T	19	38	2	1	1	1
1	543636	A	T	14	43	2	1	1	1
1	324713	A	T	13	44	2	1	1	1
1	521391	A	T	17	40	2	1	1	1
1	19004	A	T	26	31	2	1	1	1
1	377355	A	T	17	40	2	1	1	1
1	47208	A	T	14	43	2	1	1	1
1	184920	A	T	15	42	2	1	1	1
1	389008	A	T	19	38	2	1	1	1
1	459342	A	T	15	42	2	1	1	1
1	887021	A	T	17	40	2	1	1	1
1	156879	A	T	8	49	2	1	1	1
1	410180	A	T	22	35	2	1	1	1
1	664714	A	T	8	49	2	1	1	1
1	571772	A	T	13	44	2	1	1	1
1	440414	A	T	21	36	2	1	1	1
1	369478	A	T	22	35	2	1	1	1
1	170506	A	T	21	36	2	1	1	1
1	496014	A	T	18	39	2	1	1	1
1	601982	A	T	21	36	2	1	1	1
1	258095	A	T	17	40	2	1	1	1
1	227178	A	T	18	39	2	1	1	1
1	558083	A	T	16	41	2	1	1	1
1	812150	A	T	16	41	2	1	1	1
1	641351	A	T	18	39	2	1	1	1
1	332710	A	T	23	34	2	1	1	1
1	913578	A	T	31	26	2	1	1	1
1	664142	A	T	18	39	2	1	1	1
1	101009	A	T	19	38	2	1	1	1
1	192760	A	T	21	36	2	1	1	1
1	793476	A	T	31	26	2	1	1	1
1	515712	A	T	21	36	2	1	1	1
1	757049	A	T	19	38	2	1	1	1
1	60511	A	T	24	33	2	1	1	1
1	997842	A	T	15	42	2	1	1	1
1	164913	A	T	22	35	2	1	1	1
1	418125	A	T	19	38	2	1	1	1
1	951828	A	T	25	32	2	1	1	1
1	68504	A	T	18	39	2	1	1	1
1	552792	A	T	16	41	2	1	1	1
1	456249	A	T	22	35	2	1	1	1
1	117995	A	T	15	42	2	1	1	1
1	807559	A	T	30	27	2	1	1	1
1	674409	A	T	14	43	2	1	1	1
1	83974	A	T	16	41	2	1	1	1
1	448969	A	T	21	36	2	1	1	1
1	627797	A	T	18	39	2	1	1	1
1	462809	A	T	14	43	2	1	1	1
1	36131	A	T	20	37	2	1	1	1
1	154732	A	T	15	42	2	1	1	1
1	659045	A	T	25	32	2	1	1	1
1	778365	A	T	19	38	2	1	1	1
1	27013	A	T	22	35	2	1	1	1
1	466381	A	T	19	38	2	1	1	1
1	256904	A	T	24	33	2	1	1	1
1	795249	A	T	19	38	2	1	1	1
1	294222	A	T	13	44	2	1	1	1
1	128811	A	T	21	36	2	1	1	1
1	728119	A	T	20	37	2	1	1	1
1	382138	A	T	16	41	2	1	1	1
1	111090	A	T	14	43	2	1	1	1
1	257834	A	T	23	34	2	1	1	1
1	538612	A	T	20	37	2	1	1	1
1	316096	A	T	26	31	2	1	1	1
1	649986	A	T	29	28	2	1	1	1
1	69533	A	T	18	39	2	1	1	1
1	454409	A	T	12	45	2	1	1	1
1	795306	A	T	18	39	2	1	1	1
1	538207	A	T	15	42	2	1	1	1
1	820361	A	T	10	47	2	1	1	1
1	655247	A	T	13	44	2	1	1	1
1	659507	A	T	10	47	2	1	1	1
1	667845	A	T	14	43	2	1	1	1
1	869087	A	T	18	39	2	1	1	1
1	715933	A	T	19	38	2	1	1	1
1	32949	A	T	15	42	2	1	1	1
1	750333	A	T	19	38	2	1	1	1
1	720332	A	T	11	46	2	1	1	1
1	4574	A	T	19	38	2	1	1	1
1	272877	A	T	21	36	2	1	1	1
1	490261	A	T	19	38	2	1	1	1
1	67946	A	T	13	44	2	1	1	1
1	390453	A	T	13	44	2	1	1	1
1	732332	A	T	16	41	2	1	1	1
1	971648	A	T	19	38	2	1	1	1
1	651269	A	T	14	43	2	1	1	1
1	108886	A	T	19	38	2	1	1	1
1	612868	A	T	16	41	2	1	1	1
1	104859	A	T	21	36	2	1	1	1
1	176093	A	T	10	47	2	1	1	1
1	161653	A	T	18	39	2	1	1	1
1	766775	A	T	18	39	2	1	1	1
1	34119	A	T	17	40	2	1	1	1
1	578018	A	T	13	44	2	1	1	1
1	741114	A	T	20	37	2	1	1	1
1	365338	A	T	21	36	2	1	1	1
1	338096	A	T	23	34	2	1	1	1
1	511747	A	T	20	37	2	1	1	1
1	804262	A	T	17	40	2	1	1	1
1	181602	A	T	19	38	2	1	1	1
1	947510	A	T	18	39	2	1	1	1
1	742937	A	T	22	35	2	1	1	1
1	513051	A	T	23	34	2	1	1	1
1	423347	A	T	18	39	2	1	1	1
1	62017	A	T	16	41	2	1	1	1
1	891209	A	T	21	36	2	1	1	1
1	223212	A	T	23	34	2	1	1	1
1	236502	A	T	10	47	2	1	1	1
1	928029	A	T	14	43	2	1	1	1
1	134693	A	T	20	37	2	1	1	1
1	794450	A	T	29	28	2	1	1	1
1	837375	A	T	30	27	2	1	1	1
1	472913	A	T	13	44	2	1	1	1
1	857218	A	T	16	41	2	1	1	1
1	880033	A	T	20	37	2	1	1	1
1	729733	A	T	19	38	2	1	1	1
1	872097	A	T	15	42	2	1	1	1
1	970309	A	T	21	36	2	1	1	1
1	986946	A	T	16	41	2	1	1	1
1	366651	A	T	17	40	2	1	1	1
1	509778	A	T	13	44	2	1	1	1
1	649164	A	T	31	26	2	1	1	1
1	822008	A	T	21	36	2	1	1	1
1	64643	A	T	21	36	2	1	1	1
1	278862	A	T	20	37	2	1	1	1
1	647706	A	T	21	36	2	1	1	1
1	815809	A	T	26	31	2	1	1	1
1	251852	A	T	6	51	2	1	1	1
1	245851	A	T	19	38	2	1	1	1
1	875343	A	T	18	39	2	1	1	1
1	607157	A	T	15	42	2	1	1	1
1	721100	A	T	21	36	2	1	1	1
1	767508	A	T	18	39	2	1	1	1
1	370935	A	T	14	43	2	1	1	1
1	616200	A	T	21	36	2	1	1	1
1	123727	A	T	16	41	2	1	1	1
1	609044	A	T	26	31	2	1	1	1
1	236588	A	T	19	38	2	1	1	1
1	362836	A	T	15	42	2	1	1	1
1	212490	A	T	19	38	2	1	1	1
1	289340	A	T	22	35	2	1	1	1
1	539557	A	T	25	32	2	1	1	1
1	383322	A	T	23	34	2	1	1	1
1	910966	A	T	20	37	2	1	1	1
1	125442	A	T	26	31	2	1	1	1
1	883195	A	T	23	34	2	1	1	1
1	210155	A	T	15	42	2	1	1	1
1	457618	A	T	15	42	2	1	1	1
1	895536	A	T	19	38	2	1	1	1
1	892641	A	T	24	33	2	1	1	1
1	461754	A	T	19	38	2	1	1	1
1	23277	A	T	20	37	2	1	1	1
1	493141	A	T	14	43	2	1	1	1
1	231576	A	T	14	43	2	1	1	1
1	419581	A	T	21	36	2	1	1	1
1	201483	A	T	24	33	2	1	1	1
1	970450	A	T	11	46	2	1	1	1
1	498706	A	T	19	38	2	1	1	1
1	582073	A	T	26	31	2	1	1	1
1	482970	A	T	15	42	2	1	1	1
1	752917	A	T	22	35	2	1	1	1
1	542793	A	T	32	25	2	1	1	1
1	523159	A	T	14	43	2	1	1	1
1	825262	A	T	24	33	2	1	1	1
1	123017	A	T	20	37	2	1	1	1
1	781026	A	T	17	40	2	1	1	1
1	944222	A	T	18	39	2	1	1	1
1	335535	A	T	29	28	2	1	1	1
1	196872	A	T	17	40	2	1	1	1
1	857342	A	T	25	32	2	1	1	1
1	736434	A	T	19	38	2	1	1	1
1	292261	A	T	16	41	2	1	1	1
1	774134	A	T	22	35	2	1	1	1
1	567105	A	T	16	41	2	1	1	1
1	852241	A	T	17	40	2	1	1	1
1	59807	A	T	23	34	2	1	1	1
1	253056	A	T	24	33	2	1	1	1
1	804918	A	T	22	35	2	1	1	1
1	428581	A	T	15	42	2	1	1	1
1	518479	A	T	22	35	2	1	1	1
1	524980	A	T	14	43	2	1	1	1
1	267858	A	T	20	37	2	1	1	1
1	837623	A	T	14	43	2	1	1	1
1	477065	A	T	19	38	2	1	1	1
1	18983	A	T	24	33	2	1	1	1
1	305874	A	T	19	38	2	1	1	1
1	644393	A	T	18	39	2	1	1	1
1	134879	A	T	23	34	2	1	1	1
1	236932	A	T	23	34	2	1	1	1
1	904381	A	T	26	31	2	1	1	1
1	895497	A	T	21	36	2	1	1	1
1	338926	A	T	19	38	2	1	1	1
1	157636	A	T	17	40	2	1	1	1
1	409224	A	T	11	46	2	1	1	1
1	557562	A	T	22	35	2	1	1	1
1	549321	A	T	18	39	2	1	1	1
1	382969	A	T	25	32	2	1	1	1
1	587922	A	T	24	33	2	1	1	1
1	692658	A	T	25	32	2	1	1	1
1	334934	A	T	21	36	2	1	1	1
1	597463	A	T	31	26	2	1	1	1
1	444556	A	T	21	36	2	1	1	1
1	672631	A	T	20	37	2	1	1	1
1	850021	A	T	27	30	2	1	1	1
1	462588	A	T	22	35	2	1	1	1
1	803313	A	T	21	36	2	1	1	1
1	602514	A	T	19	38	2	1	1	1
1	264882	A	T	16	41	2	1	1	1
1	692489	A	T	25	32	2	1	1	1
1	917878	A	T	11	46	2	1	1	1
1	924691	A	T	21	36	2	1	1	1
1	760001	A	T	14	43	2	1	1	1
1	280078	A	T	14	43	2	1	1	1
1	960992	A	T	19	38	2	1	1	1
1	898812	A	T	8	49	2	1	1	1
1	148228	A	T	20	37	2	1	1	1
1	50104	A	T	16	41	2	1	1	1
1	332158	A	T	25	32	2	1	1	1
1	310269	A	T	14	43	2	1	1	1
1	678822	A	T	14	43	2	1	1	1
1	576210	A	T	17	40	2	1	1	1
1	360609	A	T	22	35	2	1	1	1
1	205373	A	T	23	34	2	1	1	1
1	458509	A	T	22	35	2	1	1	1
1	578424	A	T	23	34	2	1	1	1
1	324033	A	T	19	38	2	1	1	1
1	364579	A	T	10	47	2	1	1	1
1	326928	A	T	25	32	2	1	1	1
1	912862	A	T	20	37	2	1	1	1
1	50486	A	T	24	33	2	1	1	1
1	571584	A	T	19	38	2	1	1	1
1	381216	A	T	12	45	2	1	1	1
1	286803	A	T	25	32	2	1	1	1
1	703478	A	T	22	35	2	1	1	1
1	357052	A	T	21	36	2	1	1	1
1	961825	A	T	17	40	2	1	1	1
1	433121	A	T	8	49	2	1	1	1
1	804918	A	T	27	30	2	1	1	1
1	333039	A	T	17	40	2	1	1	1
1	974604	A	T	19	38	2	1	1	1
1	250308	A	T	24	33	2	1	1	1
1	734508	A	T	14	43	2	1	1	1
1	767145	A	T	19	38	2	1	1	1
1	513512	A	T	22	35	2	1	1	1
1	723512	A	T	16	41	2	1	1	1
1	12912	A	T	17	40	2	1	1	1
1	606311	A	T	18	39	2	1	1	1
1	920890	A	T	17	40	2	1	1	1
1	577644	A	T	15	42	2	1	1	1
1	573050	A	T	24	33	2	1	1	1
1	883155	A	T	16	41	2	1	1	1
1	385691	A	T	22	35	2	1	1	1
1	215554	A	T	12	45	2	1	1	1
1	850074	A	T	19	38	2	1	1	1
1	408599	A	T	16	41	2	1	1	1
1	554390	A	T	17	40	2	1	1	1
1	553063	A	T	13	44	2	1	1	1
1	539848	A	T	16	41	2	1	1	1
1	621383	A	T	14	43	2	1	1	1
1	769853	A	T	16	41	2	1	1	1
1	245941	A	T	20	37	2	1	1	1
1	231128	A	T	21	36	2	1	1	1
1	267690	A	T	20	37	2	1	1	1
1	235064	A	T	11	46	2	1	1	1
1	418896	A	T	22	35	2	1	1	1
1	56178	A	T	28	29	2	1	1	1
1	5635	A	T	20	37	2	1	1	1
1	850873	A	T	20	37	2	1	1	1
1	746960	A	T	19	38	2	1	1	1
1	881625	A	T	20	37	2	1	1	1
1	586286	A	T	18	39	2	1	1	1
1	23951	A	T	18	39	2	1	1	1
1	638873	A	T	17	40	2	1	1	1
1	395333	A	T	22	35	2	1	1	1
1	289137	A	T	16	41	2	1	1	1
1	76675	A	T	16	41	2	1	1	1
1	313564	A	T	17	40	2	1	1	1
1	327278	A	T	15	42	2	1	1	1
1	392672	A	T	18	39	2	1	1	1
1	827421	A	T	18	39	2	1	1	1
1	689608	A	T	19	38	2	1	1	1
1	599026	A	T	16	41	2	1	1	1
1	705571	A	T	22	35	2	1	1	1
1	290559	A	T	24	33	2	1	1	1
1	150037	A	T	18	39	2	1	1	1
1	306122	A	T	21	36	2	1	1	1
1	647649	A	T	22	35	2	1	1	1
1	971231	A	T	18	39	2	1	1	1
1	493614	A	T	21	36	2	1	1	1
1	285546	A	T	12	45	2	1	1	1
1	66884	A	T	25	32	2	1	1	1
1	957605	A	T	15	42	2	1	1	1
1	828174	A	T	26	31	2	1	1	1
1	85141	A	T	12	45	2	1	1	1
1	777670	A	T	14	43	2	1	1	1
1	795564	A	T	15	42	2	1	1	1
1	576572	A	T	18	39	2	1	1	1
1	340382	A	T	22	35	2	1	1	1
1	136041	A	T	28	29	2	1	1	1
1	979798	A	T	11	46	2	1	1	1
1	957791	A	T	19	38	2	1	1	1
1	487088	A	T	15	42	2	1	1	1
1	44615	A	T	17	40	2	1	1	1
1	951642	A	T	13	44	2	1	1	1
1	146204	A	T	9	48	2	1	1	1
1	774561	A	T	19	38	2	1	1	1
1	146187	A	T	14	43	2	1	1	1
1	415650	A	T	21	36	2	1	1	1
1	322849	A	T	19	38	2	1	1	1
1	318257	A	T	24	33	2	1	1	1
1	415589	A	T	19	38	2	1	1	1
1	476974	A	T	21	36	2	1	1	1
1	533831	A	T	17	40	2	1	1	1
1	925990	A	T	17	40	2	1	1	1
1	243894	A	T	17	40	2	1	1	1
1	772002	A	T	19	38	2	1	1	1
1	530639	A	T	16	41	2	1	1	1
1	524729	A	T	15	42	2	1	1	1
1	879830	A	T	28	29	2	1	1	1
1	931266	A	T	13	44	2	1	1	1
1	447521	A	T	15	42	2	1	1	1
1	383594	A	T	17	40	2	1	1	1
1	960521	A	T	19	38	2	1	1	1
1	608557	A	T	13	44	2	1	1	1
1	533149	A	T	21	36	2	1	1	1
1	434158	A	T	12	45	2	1	1	1
1	751906	A	T	18	39	2	1	1	1
1	417832	A	T	16	41	2	1	1	1
1	507946	A	T	13	44	2	1	1	1
1	866998	A	T	20	37	2	1	1	1
1	199786	A	T	15	42	2	1	1	1
1	54651	A	T	6	51	2	1	1	1
1	844479	A	T	23	34	2	1	1	1
1	84266	A	T	24	33	2	1	1	1
1	547829	A	T	12	45	2	1	1	1
1	953774	A	T	20	37	2	1	1	1
1	567114	A	T	27	30	2	1	1	1
1	83716	A	T	17	40	2	1	1	1
1	231469	A	T	15	42	2	1	1	1
1	253272	A	T	18	39	2	1	1	1
1	395413	A	T	14	43	2	1	1	1
1	778240	A	T	19	38	2	1	1	1
1	92773	A	T	22	35	2	1	1	1
1	154485	A	T	15	42	2	1	1	1
1	638609	A	T	16	41	2	1	1	1
1	398340	A	T	22	35	2	1	1	1
1	483308	A	T	16	41	2	1	1	1
1	582943	A	T	24	33	2	1	1	1
1	147679	A	T	18	39	2	1	1	1
1	83229	A	T	25	32	2	1	1	1
1	792814	A	T	19	38	2	1	1	1
1	903614	A	T	15	42	2	1	1	1
1	264576	A	T	15	42	2	1	1	1
1	867088	A	T	19	38	2	1	1	1
1	422492	A	T	17	40	2	1	1	1
1	553658	A	T	15	42	2	1	1	1
1	515798	A	T	23	34	2	1	1	1
1	213812	A	T	18	39	2	1	1	1
1	148081	A	T	12	45	2	1	1	1
1	109544	A	T	12	45	2	1	1	1
1	104114	A	T	18	39	2	1	1	1
1	321043	A	T	24	33	2	1	1	1
1	317036	A	T	23	34	2	1	1	1
1	923904	A	T	25	32	2	1	1	1
1	178343	A	T	20	37	2	1	1	1
1	801964	A	T	16	41	2	1	1	1
1	840868	A	T	18	39	2	1	1	1
1	924622	A	T	25	32	2	1	1	1
1	423227	A	T	24	33	2	1	1	1
1	119489	A	T	33	24	2	1	1	1
1	89895	A	T	23	34	2	1	1	1
1	263860	A	T	13	44	2	1	1	1
1	924969	A	T	13	44	2	1	1	1
1	934270	A	T	18	39	2	1	1	1
1	82613	A	T	17	40	2	1	1	1
1	367446	A	T	23	34	2	1	1	1
1	901599	A	T	18	39	2	1	1	1
1	104365	A	T	16	41	2	1	1	1
1	546441	A	T	24	33	2	1	1	1
1	870676	A	T	17	40	2	1	1	1
1	412425	A	T	18	39	2	1	1	1
1	786925	A	T	14	43	2	1	1	1
1	835613	A	T	22	35	2	1	1	1
1	169296	A	T	21	36	2	1	1	1
1	600083	A	T	20	37	2	1	1	1
1	503582	A	T	24	33	2	1	1	1
1	108044	A	T	20	37	2	1	1	1
1	488459	A	T	28	29	2	1	1	1
1	753340	A	T	26	31	2	1	1	1
1	445972	A	T	17	40	2	1	1	1
1	308321	A	T	22	35	2	1	1	1
1	787841	A	T	22	35	2	1	1	1
1	29131	A	T	20	37	2	1	1	1
1	41407	A	T	17	40	2	1	1	1
1	527018	A	T	14	43	2	1	1	1
1	394029	A	T	19	38	2	1	1	1
1	505729	A	T	27	30	2	1	1	1
1	648679	A	T	28	29	2	1	1	1
1	885479	A	T	18	39	2	1	1	1
1	576614	A	T	17	40	2	1	1	1
1	844236	A	T	17	40	2	1	1	1
1	76673	A	T	12	45	2	1	1	1
1	718939	A	T	19	38	2	1	1	1
1	747631	A	T	18	39	2	1	1	1
1	923729	A	T	16	41	2	1	1	1
1	155469	A	T	6	51	2	1	1	1
1	264919	A	T	20	37	2	1	1	1
1	761404	A	T	21	36	2	1	1	1
1	232651	A	T	18	39	2	1	1	1
1	550226	A	T	26	31	2	1	1	1
1	175087	A	T	14	43	2	1	1	1
1	826113	A	T	20	37	2	1	1	1
1	982730	A	T	17	40	2	1	1	1
1	280599	A	T	25	32	2	1	1	1
1	537542	A	T	20	37	2	1	1	1
1	821785	A	T	15	42	2	1	1	1
1	149186	A	T	18	39	2	1	1	1
1	670771	A	T	23	34	2	1	1	1
1	613684	A	T	11	46	2	1	1	1
1	822136	A	T	20	37	2	1	1	1
1	423669	A	T	27	30	2	1	1	1
1	391732	A	T	41	16	2	1	1	1
1	572904	A	T	16	41	2	1	1	1
1	518810	A	T	14	43	2	1	1	1
1	105089	A	T	16	41	2	1	1	1
1	151088	A	T	17	40	2	1	1	1
1	936671	A	T	17	40	2	1	1	1
1	755604	A	T	30	27	2	1	1	1
1	162916	A	T	20	37	2	1	1	1
1	626031	A	T	21	36	2	1	1	1
1	51062	A	T	21	36	2	1	1	1
1	419486	A	T	26	31	2	1	1	1
1	442366	A	T	18	39	2	1	1	1
1	422064	A	T	13	44	2	1	1	1
1	827354	A	T	9	48	2	1	1	1
1	768862	A	T	18	39	2	1	1	1
1	487781	A	T	22	35	2	1	1	1
1	754716	A	T	12	45	2	1	1	1
1	771271	A	T	28	29	2	1	1	1
1	947344	A	T	15	42	2	1	1	1
1	923943	A	T	21	36	2	1	1	1
1	51432	A	T	23	34	2	1	1	1
1	402766	A	T	24	33	2	1	1	1
1	514222	A	T	21	36	2	1	1	1
1	601712	A	T	28	29	2	1	1	1
1	151770	A	T	19	38	2	1	1	1
1	853200	A	T	19	38	2	1	1	1
1	638398	A	T	11	46	2	1	1	1
1	786220	A	T	18	39	2	1	1	1
1	28566	A	T	20	37	2	1	1	1
1	864252	A	T	15	42	2	1	1	1
1	358398	A	T	16	41	2	1	1	1
1	705188	A	T	20	37	2	1	1	1
1	523667	A	T	13	44	2	1	1	1
1	864241	A	T	23	34	2	1	1	1
1	785049	A	T	17	40	2	1	1	1
1	790937	A	T	23	34	2	1	1	1
1	243017	A	T	20	37	2	1	1	1
1	959863	A	T	21	36	2	1	1	1
1	216752	A	T	19	38	2	1	1	1
1	255884	A	T	14	43	2	1	1	1
1	245634	A	T	24	33	2	1	1	1
1	844039	A	T	12	45	2	1	1	1
1	989683	A	T	15	42	2	1	1	1
1	733292	A	T	14	43	2	1	1	1
1	638565	A	T	21	36	2	1	1	1
1	649375	A	T	16	41	2	1	1	1
1	652703	A	T	16	41	2	1	1	1
1	911449	A	T	23	34	2	1	1	1
1	569722	A	T	12	45	2	1	1	1
1	77640	A	T	26	31	2	1	1	1
1	564342	A	T	14	43	2	1	1	1
1	839652	A	T	20	37	2	1	1	1
1	927180	A	T	14	43	2	1	1	1
1	568627	A	T	18	39	2	1	1	1
1	277550	A	T	14	43	2	1	1	1
1	493741	A	T	14	43	2	1	1	1
1	202040	A	T	14	43	2	1	1	1
1	832902	A	T	15	42	2	1	1	1
1	200055	A	T	16	41	2	1	1	1
1	17785	A	T	15	42	2	1	1	1
1	446670	A	T	23	34	2	1	1	1
1	397483	A	T	16	41	2	1	1	1
1	809964	A	T	21	36	2	1	1	1
1	495971	A	T	19	38	2	1	1	1
1	527530	A	T	16	41	2	1	1	1
1	547600	A	T	14	43	2	1	1	1
1	970129	A	T	16	41	2	1	1	1
1	736663	A	T	19	38	2	1	1	1
1	735141	A	T	23	34	2	1	1	1
1	687429	A	T	11	46	2	1	1	1
1	29337	A	T	22	35	2	1	1	1
1	369793	A	T	18	39	2	1	1	1
1	224918	A	T	16	41	2	1	1	1
1	542757	A	T	27	30	2	1	1	1
1	198831	A	T	17	40	2	1	1	1
1	977239	A	T	19	38	2	1	1	1
1	357511	A	T	17	40	2	1	1	1
1	167565	A	T	23	34	2	1	1	1
1	582822	A	T	22	35	2	1	1	1
1	899638	A	T	16	41	2	1	1	1
1	486061	A	T	19	38	2	1	1	1
1	559356	A	T	23	34	2	1	1	1
1	186546	A	T	23	34	2	1	1	1
1	816227	A	T	17	40	2	1	1	1
1	71752	A	T	22	35	2	1	1	1
1	826073	A	T	22	35	2	1	1	1
1	131501	A	T	17	40	2	1	1	1
1	853693	A	T	17	40	2	1	1	1
1	216437	A	T	18	39	2	1	1	1
1	954604	A	T	18	39	2	1	1	1
1	728703	A	T	13	44	2	1	1	1
1	57442	A	T	14	43	2	1	1	1
1	840890	A	T	28	29	2	1	1	1
1	984601	A	T	14	43	2	1	1	1
1	156205	A	T	16	41	2	1	1	1
1	494579	A	T	15	42	2	1	1	1
1	620722	A	T	17	40	2	1	1	1
1	28043	A	T	23	34	2	1	1	1
1	339379	A	T	11	46	2	1	1	1
1	528776	A	T	24	33	2	1	1	1
1	986245	A	T	16	41	2	1	1	1
1	380978	A	T	19	38	2	1	1	1
1	528045	A	T	17	40	2	1	1	1
1	907788	A	T	22	35	2	1	1	1
1	998673	A	T	26	31	2	1	1	1
1	411310	A	T	19	38	2	1	1	1
1	605856	A	T	18	39	2	1	1	1
1	147932	A	T	23	34	2	1	1	1
1	246707	A	T	19	38	2	1	1	1
1	857170	A	T	17	40	2	1	1	1
1	60170	A	T	13	44	2	1	1	1
1	433486	A	T	15	42	2	1	1	1
1	532863	A	T	21	36	2	1	1	1
1	919338	A	T	25	32	2	1	1	1
1	787405	A	T	24	33	2	1	1	1
1	432254	A	T	11	46	2	1	1	1
1	291987	A	T	16	41	2	1	1	1
1	877197	A	T	28	29	2	1	1	1
1	813797	A	T	16	41	2	1	1	1
1	85377	A	T	21	36	2	1	1	1
1	150493	A	T	13	44	2	1	1	1
1	93859	A	T	17	40	2	1	1	1
1	520213	A	T	13	44	2	1	1	1
1	667353	A	T	13	44	2	1	1	1
1	816362	A	T	13	44	2	1	1	1
1	643491	A	T	23	34	2	1	1	1
1	355708	A	T	12	45	2	1	1	1
1	564018	A	T	18	39	2	1	1	1
1	393446	A	T	15	42	2	1	1	1
1	590825	A	T	7	50	2	1	1	1
1	348774	A	T	25	32	2	1	1	1
1	297081	A	T	10	47	2	1	1	1
1	962893	A	T	16	41	2	1	1	1
1	921543	A	T	30	27	2	1	1	1
1	735833	A	T	16	41	2	1	1	1
1	614635	A	T	14	43	2	1	1	1
1	546204	A	T	23	34	2	1	1	1
1	63378	A	T	18	39	2	1	1	1
1	239394	A	T	20	37	2	1	1	1
1	79723	A	T	14	43	2	1	1	1
1	927715	A	T	17	40	2	1	1	1
1	28245	A	T	15	42	2	1	1	1
1	153358	A	T	27	30	2	1	1	1
1	354039	A	T	14	43	2	1	1	1
1	546532	A	T	13	44	2	1	1	1
1	619086	A	T	16	41	2	1	1	1
1	463180	A	T	16	41	2	1	1	1
1	639340	A	T	20	37	2	1	1	1
1	937828	A	T	19	38	2	1	1	1
1	419062	A	T	21	36	2	1	1	1
1	425390	A	T	9	48	2	1	1	1
1	157565	A	T	16	41	2	1	1	1
1	977411	A	T	13	44	2	1	1	1
1	592294	A	T	11	46	2	1	1	1
1	747958	A	T	20	37	2	1	1	1
1	578422	A	T	15	42	2	1	1	1
1	869598	A	T	11	46	2	1	1	1
1	210598	A	T	17	40	2	1	1	1
1	364645	A	T	13	44	2	1	1	1
1	857319	A	T	17	40	2	1	1	1
1	692662	A	T	19	38	2	1	1	1
1	555008	A	T	15	42	2	1	1	1
1	808893	A	T	13	44	2	1	1	1
1	57740	A	T	21	36	2	1	1	1
1	655337	A	T	12	45	2	1	1	1
1	666712	A	T	21	36	2	1	1	1
1	253703	A	T	19	38	2	1	1	1
1	680429	A	T	24	33	2	1	1	1
1	92327	A	T	17	40	2	1	1	1
1	23004	A	T	17	40	2	1	1	1
1	971646	A	T	30	27	2	1	1	1
1	972978	A	T	12	45	2	1	1	1
1	785897	A	T	16	41	2	1	1	1
1	204740	A	T	17	40	2	1	1	1
1	180225	A	T	18	39	2	1	1	1
1	4403	A	T	20	37	2	1	1	1
1	30624	A	T	15	42	2	1	1	1
1	877292	A	T	25	32	2	1	1	1
1	14031	A	T	28	29	2	1	1	1
1	838558	A	T	14	43	2	1	1	1
1	341999	A	T	22	35	2	1	1	1
1	483025	A	T	22	35	2	1	1	1
1	516394	A	T	16	41	2	1	1	1
1	666125	A	T	20	37	2	1	1	1
1	703615	A	T	13	44	2	1	1	1
1	321430	A	T	21	36	2	1	1	1
1	830942	A	T	16	41	2	1	1	1
1	571371	A	T	24	33	2	1	1	1
1	334321	A	T	24	33	2	1	1	1
1	435007	A	T	13	44	2	1	1	1
1	369333	A	T	14	43	2	1	1	1
1	366804	A	T	22	35	2	1	1	1
1	864432	A	T	14	43	2	1	1	1
1	926785	A	T	16	41	2	1	1	1
1	274855	A	T	13	44	2	1	1	1
1	259414	A	T	22	35	2	1	1	1
1	57434	A	T	22	35	2	1	1	1
1	588797	A	T	16	41	2	1	1	1
1	399923	A	T	15	42	2	1	1	1
1	275361	A	T	17	40	2	1	1	1
1	881566	A	T	12	45	2	1	1	1
1	350508	A	T	11	46	2	1	1	1
1	856901	A	T	16	41	2	1	1	1
1	799429	A	T	17	40	2	1	1	1
1	7330	A	T	18	39	2	1	1	1
1	528176	A	T	18	39	2	1	1	1
1	821009	A	T	24	33	2	1	1	1
1	578234	A	T	20	37	2	1	1	1
1	423851	A	T	24	33	2	1	1	1
1	14748	A	T	15	42	2	1	1	1
1	137841	A	T	18	39	2	1	1	1
1	431199	A	T	19	38	2	1	1	1
1	996941	A	T	20	37	2	1	1	1
1	345985	A	T	18	39	2	1	1	1
1	847129	A	T	14	43	2	1	1	1
1	708321	A	T	22	35	2	1	1	1
1	206196	A	T	18	39	2	1	1	1
1	38472	A	T	20	37	2	1	1	1
1	727591	A	T	24	33	2	1	1	1
1	254666	A	T	16	41	2	1	1	1
1	525659	A	T	24	33	2	1	1	1
1	813684	A	T	15	42	2	1	1	1
1	533722	A	T	21	36	2	1	1	1
1	612969	A	T	24	33	2	1	1	1
1	982685	A	T	28	29	2	1	1	1
1	742457	A	T	16	41	2	1	1	1
1	173179	A	T	17	40	2	1	1	1
1	184763	A	T	19	38	2	1	1	1
1	245557	A	T	14	43	2	1	1	1
1	902828	A	T	25	32	2	1	1	1
1	212790	A	T	21	36	2	1	1	1
1	392041	A	T	13	44	2	1	1	1
1	81674	A	T	18	39	2	1	1	1
1	141831	A	T	27	30	2	1	1	1
1	587025	A	T	13	44	2	1	1	1
1	980130	A	T	13	44	2	1	1	1
1	323265	A	T	29	28	2	1	1	1
1	536269	A	T	26	31	2	1	1	1
1	311700	A	T	11	46	2	1	1	1
1	868118	A	T	16	41	2	1	1	1
1	687404	A	T	13	44	2	1	1	1
1	38829	A	T	28	29	2	1	1	1
1	510162	A	T	22	35	2	1	1	1
1	469098	A	T	16	41	2	1	1	1
1	83627	A	T	20	37	2	1	1	1
1	401227	A	T	22	35	2	1	1	1
1	98833	A	T	24	33	2	1	1	1
1	517306	A	T	19	38	2	1	1	1
1	508321	A	T	18	39	2	1	1	1
1	552753	A	T	10	47	2	1	1	1
1	569892	A	T	13	44	2	1	1	1
1	561006	A	T	13	44	2	1	1	1
1	638002	A	T	23	34	2	1	1	1
1	906545	A	T	17	40	2	1	1	1
1	217018	A	T	14	43	2	1	1	1
1	505668	A	T	21	36	2	1	1	1
1	848961	A	T	11	46	2	1	1	1
1	848848	A	T	19	38	2	1	1	1
1	146615	A	T	13	44	2	1	1	1
1	125913	A	T	16	41	2	1	1	1
1	443488	A	T	23	34	2	1	1	1
1	562988	A	T	23	34	2	1	1	1
1	582295	A	T	18	39	2	1	1	1
1	98571	A	T	15	42	2	1	1	1
1	613395	A	T	16	41	2	1	1	1
1	213010	A	T	25	32	2	1	1	1
1	610055	A	T	16	41	2	1	1	1
1	172425	A	T	16	41	2	1	1	1
1	975846	A	T	19	38	2	1	1	1
1	815910	A	T	21	36	2	1	1	1
1	371984	A	T	12	45	2	1	1	1
1	821438	A	T	11	46	2	1	1	1
1	854609	A	T	19	38	2	1	1	1
1	307216	A	T	19	38	2	1	1	1
1	515724	A	T	15	42	2	1	1	1
1	941451	A	T	12	45	2	1	1	1
1	780110	A	T	13	44	2	1	1	1
1	307577	A	T	25	32	2	1	1	1
1	109034	A	T	14	43	2	1	1	1
1	801247	A	T	16	41	2	1	1	1
1	910778	A	T	19	38	2	1	1	1
1	731479	A	T	27	30	2	1	1	1
1	48234	A	T	22	35	2	1	1	1
1	743276	A	T	21	36	2	1	1	1
1	377198	A	T	17	40	2	1	1	1
1	361884	A	T	18	39	2	1	1	1
1	911431	A	T	10	47	2	1	1	1
1	774045	A	T	16	41	2	1	1	1
1	595650	A	T	31	26	2	1	1	1
1	195072	A	T	17	40	2	1	1	1
1	493276	A	T	17	40	2	1	1	1
1	145007	A	T	15	42	2	1	1	1
1	238153	A	T	21	36	2	1	1	1
1	491711	A	T	24	33	2	1	1	1
1	497727	A	T	17	40	2	1	1	1
1	377855	A	T	18	39	2	1	1	1
1	320670	A	T	15	42	2	1	1	1
1	120635	A	T	20	37	2	1	1	1
1	390989	A	T	22	35	2	1	1	1
1	639936	A	T	14	43	2	1	1	1
1	295560	A	T	11	46	2	1	1	1
1	826617	A	T	21	36	2	1	1	1
1	901570	A	T	20	37	2	1	1	1
1	528407	A	T	21	36	2	1	1	1
1	516870	A	T	23	34	2	1	1	1
1	474408	A	T	26	31	2	1	1	1
1	212861	A	T	24	33	2	1	1	1
1	473499	A	T	19	38	2	1	1	1
1	392797	A	T	15	42	2	1	1	1
1	10909	A	T	25	32	2	1	1	1
1	523957	A	T	11	46	2	1	1	1
1	868273	A	T	13	44	2	1	1	1
1	163470	A	T	28	29	2	1	1	1
1	90962	A	T	10	47	2	1	1	1
1	441126	A	T	17	40	2	1	1	1
1	821126	A	T	17	40	2	1	1	1
1	172487	A	T	26	31	2	1	1	1
1	342780	A	T	16	41	2	1	1	1
1	815077	A	T	11	46	2	1	1	1
1	100177	A	T	13	44	2	1	1	1
1	517531	A	T	8	49	2	1	1	1
1	783218	A	T	20	37	2	1	1	1
1	598235	A	T	16	41	2	1	1	1
1	782876	A	T	12	45	2	1	1	1
1	652740	A	T	13	44	2	1	1	1
1	668701	A	T	22	35	2	1	1	1
1	584466	A	T	12	45	2	1	1	1
1	259031	A	T	20	37	2	1	1	1
1	352486	A	T	23	34	2	1	1	1
1	222051	A	T	21	36	2	1	1	1
1	450375	A	T	17	40	2	1	1	1
1	628602	A	T	16	41	2	1	1	1
1	900352	A	T	19	38	2	1	1	1
1	421583	A	T	18	39	2	1	1	1
1	240294	A	T	15	42	2	1	1	1
1	830273	A	T	11	46	2	1	1	1
1	192514	A	T	13	44	2	1	1	1
1	681920	A	T	17	40	2	1	1	1
1	372938	A	T	23	34	2	1	1	1
1	172348	A	T	17	40	2	1	1	1
1	947562	A	T	10	47	2	1	1	1
1	252221	A	T	25	32	2	1	1	1
1	946505	A	T	16	41	2	1	1	1
1	784221	A	T	28	29	2	1	1	1
1	787771	A	T	20	37	2	1	1	1
1	28969	A	T	25	32	2	1	1	1
1	56162	A	T	15	42	2	1	1	1
1	871721	A	T	17	40	2	1	1	1
1	677471	A	T	19	38	2	1	1	1
1	102531	A	T	14	43	2	1	1	1
1	279006	A	T	17	40	2	1	1	1
1	689910	A	T	24	33	2	1	1	1
1	963128	A	T	18	39	2	1	1	1
1	752985	A	T	12	45	2	1	1	1
1	395480	A	T	17	40	2	1	1	1
1	28470	A	T	20	37	2	1	1	1
1	699700	A	T	20	37	2	1	1	1
1	179370	A	T	28	29	2	1	1	1
1	454242	A	T	22	35	2	1	1	1
1	277017	A	T	16	41	2	1	1	1
1	728101	A	T	22	35	2	1	1	1
1	411791	A	T	20	37	2	1	1	1
1	838260	A	T	20	37	2	1	1	1
1	119588	A	T	22	35	2	1	1	1
1	803366	A	T	16	41	2	1	1	1
1	949621	A	T	21	36	2	1	1	1
1	467592	A	T	15	42	2	1	1	1
1	848839	A	T	27	30	2	1	1	1
1	526679	A	T	20	37	2	1	1	1
1	164859	A	T	19	38	2	1	1	1
1	366825	A	T	11	46	2	1	1	1
1	595517	A	T	16	41	2	1	1	1
1	925278	A	T	24	33	2	1	1	1
1	367604	A	T	14	43	2	1	1	1
1	38344	A	T	20	37	2	1	1	1
1	828873	A	T	17	40	2	1	1	1
1	542129	A	T	22	35	2	1	1	1
1	889471	A	T	23	34	2	1	1	1
1	630080	A	T	14	43	2	1	1	1
1	424893	A	T	16	41	2	1	1	1
1	193816	A	T	11	46	2	1	1	1
1	544398	A	T	16	41	2	1	1	1
1	262397	A	T	23	34	2	1	1	1
1	821347	A	T	20	37	2	1	1	1
1	733678	A	T	20	37	2	1	1	1
1	678990	A	T	16	41	2	1	1	1
1	462747	A	T	14	43	2	1	1	1
1	78711	A	T	13	44	2	1	1	1
1	476394	A	T	18	39	2	1	1	1
1	492381	A	T	16	41	2	1	1	1
1	753406	A	T	15	42	2	1	1	1
1	795673	A	T	20	37	2	1	1	1
1	271138	A	T	14	43	2	1	1	1
1	449754	A	T	29	28	2	1	1	1
1	855391	A	T	20	37	2	1	1	1
1	444940	A	T	12	45	2	1	1	1
1	327620	A	T	18	39	2	1	1	1
1	582576	A	T	16	41	2	1	1	1
1	698244	A	T	13	44	2	1	1	1
1	700662	A	T	31	26	2	1	1	1
1	701275	A	T	9	48	2	1	1	1
1	382295	A	T	18	39	2	1	1	1
1	80365	A	T	12	45	2	1	1	1
1	10249	A	T	14	43	2	1	1	1
1	440177	A	T	16	41	2	1	1	1
1	805059	A	T	21	36	2	1	1	1
1	859573	A	T	21	36	2	1	1	1
1	203596	A	T	20	37	2	1	1	1
1	818924	A	T	18	39	2	1	1	1
1	539862	A	T	22	35	2	1	1	1
1	485795	A	T	15	42	2	1	1	1
1	99064	A	T	18	39	2	1	1	1
1	124074	A	T	18	39	2	1	1	1
1	682936	A	T	15	42	2	1	1	1
1	496152	A	T	19	38	2	1	1	1
1	456626	A	T	19	38	2	1	1	1
1	891205	A	T	15	42	2	1	1	1
1	790815	A	T	12	45	2	1	1	1
1	338472	A	T	18	39	2	1	1	1
1	821310	A	T	22	35	2	1	1	1
1	889428	A	T	20	37	2	1	1	1
1	545341	A	T	18	39	2	1	1	1
1	759310	A	T	16	41	2	1	1	1
1	404753	A	T	13	44	2	1	1	1
1	717137	A	T	24	33	2	1	1	1
1	274235	A	T	12	45	2	1	1	1
1	98810	A	T	28	29	2	1	1	1
1	129465	A	T	25	32	2	1	1	1
1	393156	A	T	15	42	2	1	1	1
1	558144	A	T	9	48	2	1	1	1
1	414995	A	T	18	39	2	1	1	1
1	849505	A	T	25	32	2	1	1	1
1	40574	A	T	9	48	2	1	1	1
1	797528	A	T	20	37	2	1	1	1
1	804284	A	T	20	37	2	1	1	1
1	739415	A	T	27	30	2	1	1	1
1	321169	A	T	18	39	2	1	1	1
1	549268	A	T	15	42	2	1	1	1
1	770998	A	T	22	35	2	1	1	1
1	716260	A	T	20	37	2	1	1	1
1	952116	A	T	16	41	2	1	1	1
1	860555	A	T	17	40	2	1	1	1
1	259297	A	T	18	39	2	1	1	1
1	105470	A	T	25	32	2	1	1	1
1	435877	A	T	14	43	2	1	1	1
1	801423	A	T	16	41	2	1	1	1
1	190706	A	T	22	35	2	1	1	1
1	375384	A	T	19	38	2	1	1	1
1	939239	A	T	27	30	2	1	1	1
1	42548	A	T	20	37	2	1	1	1
1	163340	A	T	16	41	2	1	1	1
1	376164	A	T	13	44	2	1	1	1
1	892213	A	T	15	42	2	1	1	1
1	793535	A	T	21	36	2	1	1	1
1	539311	A	T	27	30	2	1	1	1
1	54877	A	T	19	38	2	1	1	1
1	836157	A	T	6	51	2	1	1	1
1	624838	A	T	19	38	2	1	1	1
1	348675	A	T	22	35	2	1	1	1
1	738895	A	T	18	39	2	1	1	1
1	835705	A	T	23	34	2	1	1	1
1	662083	A	T	21	36	2	1	1	1
1	376802	A	T	16	41	2	1	1	1
1	522983	A	T	13	44	2	1	1	1
1	633274	A	T	23	34	2	1	1	1
1	886420	A	T	17	40	2	1	1	1
1	891644	A	T	26	31	2	1	1	1
1	392973	A	T	20	37	2	1	1	1
1	743567	A	T	20	37	2	1	1	1
1	125141	A	T	19	38	2	1	1	1
1	211351	A	T	21	36	2	1	1	1
1	982369	A	T	10	47	2	1	1	1
1	934314	A	T	28	29	2	1	1	1
1	96297	A	T	12	45	2	1	1	1
1	58503	A	T	15	42	2	1	1	1
1	918656	A	T	19	38	2	1	1	1
1	614167	A	T	14	43	2	1	1	1
1	497200	A	T	21	36	2	1	1	1
1	515125	A	T	22	35	2	1	1	1
1	955716	A	T	18	39	2	1	1	1
1	796254	A	T	12	45	2	1	1	1
1	79048	A	T	16	41	2	1	1	1
1	777044	A	T	23	34	2	1	1	1
1	289561	A	T	22	35	2	1	1	1
1	182096	A	T	21	36	2	1	1	1
1	45811	A	T	23	34	2	1	1	1
1	41311	A	T	18	39	2	1	1	1
1	169368	A	T	24	33	2	1	1	1
1	439066	A	T	20	37	2	1	1	1
1	27149	A	T	14	43	2	1	1	1
1	58587	A	T	27	30	2	1	1	1
1	731953	A	T	25	32	2	1	1	1
1	873769	A	T	19	38	2	1	1	1
1	115596	A	T	22	35	2	1	1	1
1	516553	A	T	16	41	2	1	1	1
1	262656	A	T	22	35	2	1	1	1
1	429642	A	T	23	34	2	1	1	1
1	657719	A	T	10	47	2	1	1	1
1	965715	A	T	25	32	2	1	1	1
1	13327	A	T	18	39	2	1	1	1
1	92006	A	T	21	36	2	1	1	1
1	407494	A	T	15	42	2	1	1	1
1	147216	A	T	18	39	2	1	1	1
1	281092	A	T	14	43	2	1	1	1
1	298487	A	T	14	43	2	1	1	1
1	434800	A	T	15	42	2	1	1	1
1	19508	A	T	16	41	2	1	1	1
1	167857	A	T	17	40	2	1	1	1
1	28059	A	T	29	28	2	1	1	1
1	619872	A	T	17	40	2	1	1	1
1	570215	A	T	14	43	2	1	1	1
1	854671	A	T	17	40	2	1	1	1
1	265103	A	T	16	41	2	1	1	1
1	300390	A	T	22	35	2	1	1	1
1	564939	A	T	18	39	2	1	1	1
1	420967	A	T	25	32	2	1	1	1
1	308757	A	T	15	42	2	1	1	1
1	965448	A	T	9	48	2	1	1	1
1	262301	A	T	20	37	2	1	1	1
1	526634	A	T	13	44	2	1	1	1
1	558891	A	T	23	34	2	1	1	1
1	941305	A	T	25	32	2	1	1	1
1	360129	A	T	15	42	2	1	1	1
1	450031	A	T	20	37	2	1	1	1
1	483131	A	T	19	38	2	1	1	1
1	463444	A	T	13	44	2	1	1	1
1	254999	A	T	16	41	2	1	1	1
1	374473	A	T	10	47	2	1	1	1
1	434220	A	T	16	41	2	1	1	1
1	728555	A	T	21	36	2	1	1	1
1	231876	A	T	19	38	2	1	1	1
1	955221	A	T	17	40	2	1	1	1
1	108194	A	T	17	40	2	1	1	1
1	582420	A	T	17	40	2	1	1	1
1	412330	A	T	26	31	2	1	1	1
1	277181	A	T	26	31	2	1	1	1
1	272130	A	T	18	39	2	1	1	1
1	572496	A	T	24	33	2	1	1	1
1	328912	A	T	19	38	2	1	1	1
1	384325	A	T	23	34	2	1	1	1
1	597301	A	T	13	44	2	1	1	1
1	73330	A	T	26	31	2	1	1	1
1	516288	A	T	17	40	2	1	1	1
1	987353	A	T	19	38	2	1	1	1
1	883675	A	T	17	40	2	1	1	1
1	585173	A	T	7	50	2	1	1	1
1	86582	A	T	20	37	2	1	1	1
1	754534	A	T	17	40	2	1	1	1
1	66740	A	T	21	36	2	1	1	1
1	254155	A	T	21	36	2	1	1	1
1	795940	A	T	17	40	2	1	1	1
1	437608	A	T	17	40	2	1	1	1
1	388901	A	T	29	28	2	1	1	1
1	416521	A	T	20	37	2	1	1	1
1	239738	A	T	17	40	2	1	1	1
1	858501	A	T	19	38	2	1	1	1
1	61723	A	T	17	40	2	1	1	1
1	538359	A	T	31	26	2	1	1	1
1	83791	A	T	26	31	2	1	1	1
1	993449	A	T	16	41	2	1	1	1
1	784639	A	T	22	35	2	1	1	1
1	552110	A	T	18	39	2	1	1	1
1	693283	A	T	22	35	2	1	1	1
1	965133	A	T	11	46	2	1	1	1
1	291511	A	T	11	46	2	1	1	1
1	44734	A	T	26	31	2	1	1	1
1	737988	A	T	19	38	2	1	1	1
1	708483	A	T	21	36	2	1	1	1
1	87399	A	T	18	39	2	1	1	1
1	212527	A	T	15	42	2	1	1	1
1	423726	A	T	22	35	2	1	1	1
1	550825	A	T	18	39	2	1	1	1
1	273756	A	T	19	38	2	1	1	1
1	18653	A	T	19	38	2	1	1	1
1	270075	A	T	16	41	2	1	1	1
1	543022	A	T	20	37	2	1	1	1
1	594751	A	T	22	35	2	1	1	1
1	997819	A	T	20	37	2	1	1	1
1	978995	A	T	12	45	2	1	1	1
1	536994	A	T	22	35	2	1	1	1
1	434265	A	T	7	50	2	1	1	1
1	538022	A	T	28	29	2	1	1	1
1	465080	A	T	20	37	2	1	1	1
1	434822	A	T	28	29	2	1	1	1
1	89653	A	T	19	38	2	1	1	1
1	249081	A	T	23	34	2	1	1	1
1	508489	A	T	15	42	2	1	1	1
1	904485	A	T	18	39	2	1	1	1
1	481767	A	T	27	30	2	1	1	1
1	966252	A	T	20	37	2	1	1	1
1	999559	A	T	16	41	2	1	1	1
1	522855	A	T	17	40	2	1	1	1
1	923074	A	T	24	33	2	1	1	1
1	908938	A	T	14	43	2	1	1	1
1	976483	A	T	14	43	2	1	1	1
1	895901	A	T	25	32	2	1	1	1
1	833506	A	T	21	36	2	1	1	1
1	203302	A	T	17	40	2	1	1	1
1	153651	A	T	16	41	2	1	1	1
1	849149	A	T	14	43	2	1	1	1
1	98561	A	T	17	40	2	1	1	1
1	341381	A	T	12	45	2	1	1	1
1	503512	A	T	21	36	2	1	1	1
1	473126	A	T	11	46	2	1	1	1
1	188085	A	T	25	32	2	1	1	1
1	882761	A	T	18	39	2	1	1	1
1	588860	A	T	21	36	2	1	1	1
1	402351	A	T	14	43	2	1	1	1
1	499830	A	T	18	39	2	1	1	1
1	185071	A	T	26	31	2	1	1	1
1	310229	A	T	15	42	2	1	1	1
1	165300	A	T	14	43	2	1	1	1
1	811507	A	T	15	42	2	1	1	1
1	136409	A	T	15	42	2	1	1	1
1	633238	A	T	25	32	2	1	1	1
1	525588	A	T	13	44	2	1	1	1
1	40801	A	T	21	36	2	1	1	1
1	25041	A	T	24	33	2	1	1	1
1	137183	A	T	20	37	2	1	1	1
1	543051	A	T	14	43	2	1	1	1
1	762542	A	T	18	39	2	1	1	1
1	285899	A	T	20	37	2	1	1	1
1	548604	A	T	14	43	2	1	1	1
1	26890	A	T	18	39	2	1	1	1
1	946097	A	T	18	39	2	1	1	1
1	214390	A	T	13	44	2	1	1	1
1	872396	A	T	26	31	2	1	1	1
1	790426	A	T	19	38	2	1	1	1
1	431318	A	T	21	36	2	1	1	1
1	861389	A	T	23	34	2	1	1	1
1	802006	A	T	21	36	2	1	1	1
1	19858	A	T	13	44	2	1	1	1
1	693481	A	T	28	29	2	1	1	1
1	633843	A	T	26	31	2	1	1	1
1	113361	A	T	16	41	2	1	1	1
1	465473	A	T	17	40	2	1	1	1
1	937277	A	T	19	38	2	1	1	1
1	484804	A	T	19	38	2	1	1	1
1	152460	A	T	20	37	2	1	1	1
1	872500	A	T	17	40	2	1	1	1
1	626207	A	T	25	32	2	1	1	1
1	751429	A	T	18	39	2	1	1	1
1	254322	A	T	13	44	2	1	1	1
1	748846	A	T	23	34	2	1	1	1
1	180363	A	T	15	42	2	1	1	1
1	484665	A	T	11	46	2	1	1	1
1	167818	A	T	21	36	2	1	1	1
1	834030	A	T	17	40	2	1	1	1
1	109937	A	T	21	36	2	1	1	1
1	774302	A	T	12	45	2	1	1	1
1	248876	A	T	21	36	2	1	1	1
1	413473	A	T	21	36	2	1	1	1
1	745468	A	T	16	41	2	1	1	1
1	565433	A	T	13	44	2	1	1	1
1	598620	A	T	23	34	2	1	1	1
1	743483	A	T	18	39	2	1	1	1
1	320185	A	T	22	35	2	1	1	1
1	605383	A	T	11	46	2	1	1	1
1	456180	A	T	18	39	2	1	1	1
1	871278	A	T	24	33	2	1	1	1
1	393940	A	T	16	41	2	1	1	1
1	179880	A	T	24	33	2	1	1	1
1	930198	A	T	26	31	2	1	1	1
1	816519	A	T	14	43	2	1	1	1
1	422288	A	T	34	23	2	1	1	1
1	886242	A	T	26	31	2	1	1	1
1	796558	A	T	19	38	2	1	1	1
1	927651	A	T	22	35	2	1	1	1
1	942901	A	T	21	36	2	1	1	1
1	941645	A	T	27	30	2	1	1	1
1	844150	A	T	24	33	2	1	1	1
1	236374	A	T	15	42	2	1	1	1
1	951311	A	T	15	42	2	1	1	1
1	40256	A	T	16	41	2	1	1	1
1	501065	A	T	18	39	2	1	1	1
1	91460	A	T	10	47	2	1	1	1
1	841257	A	T	21	36	2	1	1	1
1	948593	A	T	20	37	2	1	1	1
1	803579	A	T	14	43	2	1	1	1
1	558117	A	T	15	42	2	1	1	1
1	897209	A	T	25	32	2	1	1	1
1	231632	A	T	17	40	2	1	1	1
1	847957	A	T	20	37	2	1	1	1
1	25311	A	T	9	48	2	1	1	1
1	177453	A	T	16	41	2	1	1	1
1	562103	A	T	16	41	2	1	1	1
1	825877	A	T	23	34	2	1	1	1
1	955101	A	T	20	37	2	1	1	1
1	621428	A	T	19	38	2	1	1	1
1	695820	A	T	25	32	2	1	1	1
1	344081	A	T	23	34	2	1	1	1
1	863375	A	T	9	48	2	1	1	1
1	610855	A	T	17	40	2	1	1	1
1	895723	A	T	20	37	2	1	1	1
1	842568	A	T	18	39	2	1	1	1
1	292086	A	T	15	42	2	1	1	1
1	623016	A	T	24	33	2	1	1	1
1	761486	A	T	23	34	2	1	1	1
1	639589	A	T	15	42	2	1	1	1
1	277078	A	T	20	37	2	1	1	1
1	85172	A	T	17	40	2	1	1	1
1	108976	A	T	22	35	2	1	1	1
1	625025	A	T	23	34	2	1	1	1
1	72207	A	T	20	37	2	1	1	1
1	832010	A	T	17	40	2	1	1	1
1	200916	A	T	21	36	2	1	1	1
1	647435	A	T	20	37	2	1	1	1
1	57368	A	T	17	40	2	1	1	1
1	778778	A	T	28	29	2	1	1	1
1	631084	A	T	17	40	2	1	1	1
1	914182	A	T	12	45	2	1	1	1
1	883819	A	T	15	42	2	1	1	1
1	960891	A	T	15	42	2	1	1	1
1	143358	A	T	22	35	2	1	1	1
1	416121	A	T	13	44	2	1	1	1
1	298836	A	T	18	39	2	1	1	1
1	751228	A	T	14	43	2	1	1	1
1	717068	A	T	21	36	2	1	1	1
1	103020	A	T	24	33	2	1	1	1
1	905701	A	T	23	34	2	1	1	1
1	812485	A	T	22	35	2	1	1	1
1	965128	A	T	25	32	2	1	1	1
1	131383	A	T	17	40	2	1	1	1
1	41938	A	T	12	45	2	1	1	1
1	736760	A	T	15	42	2	1	1	1
1	248459	A	T	17	40	2	1	1	1
1	542695	A	T	13	44	2	1	1	1
1	627184	A	T	10	47	2	1	1	1
1	55966	A	T	17	40	2	1	1	1
1	312904	A	T	19	38	2	1	1	1
1	163932	A	T	17	40	2	1	1	1
1	919620	A	T	11	46	2	1	1	1
1	556481	A	T	25	32	2	1	1	1
1	225079	A	T	18	39	2	1	1	1
1	245156	A	T	23	34	2	1	1	1
1	406559	A	T	16	41	2	1	1	1
1	883293	A	T	14	43	2	1	1	1
1	638484	A	T	23	34	2	1	1	1
1	419437	A	T	12	45	2	1	1	1
1	507414	A	T	19	38	2	1	1	1
1	541957	A	T	20	37	2	1	1	1
1	239735	A	T	12	45	2	1	1	1
1	657889	A	T	24	33	2	1	1	1
1	488283	A	T	18	39	2	1	1	1
1	408763	A	T	17	40	2	1	1	1
1	438363	A	T	18	39	2	1	1	1
1	723810	A	T	8	49	2	1	1	1
1	140651	A	T	27	30	2	1	1	1
1	283111	A	T	19	38	2	1	1	1
1	859986	A	T	12	45	2	1	1	1
1	293369	A	T	18	39	2	1	1	1
1	608962	A	T	16	41	2	1	1	1
1	877733	A	T	16	41	2	1	1	1
1	324580	A	T	18	39	2	1	1	1
1	363701	A	T	18	39	2	1	1	1
1	685922	A	T	11	46	2	1	1	1
1	498651	A	T	19	38	2	1	1	1
1	147710	A	T	21	36	2	1	1	1
1	244924	A	T	19	38	2	1	1	1
1	408555	A	T	19	38	2	1	1	1
1	143699	A	T	20	37	2	1	1	1
1	490899	A	T	15	42	2	1	1	1
1	667741	A	T	15	42	2	1	1	1
1	925420	A	T	12	45	2	1	1	1
1	635369	A	T	10	47	2	1	1	1
1	779093	A	T	18	39	2	1	1	1
1	309618	A	T	23	34	2	1	1	1
1	380077	A	T	16	41	2	1	1	1
1	800639	A	T	19	38	2	1	1	1
1	824322	A	T	8	49	2	1	1	1
1	883637	A	T	17	40	2	1	1	1
1	779506	A	T	13	44	2	1	1	1
1	161120	A	T	11	46	2	1	1	1
1	319360	A	T	18	39	2	1	1	1
1	723564	A	T	4	53	2	1	1	1
1	163643	A	T	30	27	2	1	1	1
1	522584	A	T	17	40	2	1	1	1
1	677916	A	T	14	43	2	1	1	1
1	924695	A	T	28	29	2	1	1	1
1	158358	A	T	15	42	2	1	1	1
1	979332	A	T	18	39	2	1	1	1
1	434995	A	T	12	45	2	1	1	1
1	409507	A	T	18	39	2	1	1	1
1	224191	A	T	22	35	2	1	1	1
1	800670	A	T	15	42	2	1	1	1
1	566358	A	T	22	35	2	1	1	1
1	159478	A	T	14	43	2	1	1	1
1	77577	A	T	19	38	2	1	1	1
1	90453	A	T	14	43	2	1	1	1
1	231331	A	T	23	34	2	1	1	1
1	514330	A	T	13	44	2	1	1	1
1	287392	A	T	15	42	2	1	1	1
1	257586	A	T	24	33	2	1	1	1
1	933846	A	T	14	43	2	1	1	1
1	301711	A	T	8	49	2	1	1	1
1	289400	A	T	21	36	2	1	1	1
1	144686	A	T	19	38	2	1	1	1
1	532812	A	T	18	39	2	1	1	1
1	783986	A	T	19	38	2	1	1	1
1	134350	A	T	16	41	2	1	1	1
1	891506	A	T	15	42	2	1	1	1
1	414532	A	T	23	34	2	1	1	1
1	461543	A	T	23	34	2	1	1	1
1	481980	A	T	15	42	2	1	1	1
1	163256	A	T	15	42	2	1	1	1
1	616962	A	T	18	39	2	1	1	1
1	831101	A	T	11	46	2	1	1	1
1	38034	A	T	17	40	2	1	1	1
1	526576	A	T	15	42	2	1	1	1
1	692231	A	T	24	33	2	1	1	1
1	715767	A	T	12	45	2	1	1	1
1	396062	A	T	13	44	2	1	1	1
1	6626	A	T	21	36	2	1	1	1
1	245496	A	T	22	35	2	1	1	1
1	119307	A	T	10	47	2	1	1	1
1	444118	A	T	24	33	2	1	1	1
1	914431	A	T	13	44	2	1	1	1
1	962333	A	T	15	42	2	1	1	1
1	829991	A	T	16	41	2	1	1	1
1	600151	A	T	22	35	2	1	1	1
1	817365	A	T	9	48	2	1	1	1
1	849454	A	T	9	48	2	1	1	1
1	584628	A	T	18	39	2	1	1	1
1	199044	A	T	23	34	2	1	1	1
1	203810	A	T	10	47	2	1	1	1
1	253069	A	T	23	34	2	1	1	1
1	380288	A	T	24	33	2	1	1	1
1	536993	A	T	26	31	2	1	1	1
1	273172	A	T	13	44	2	1	1	1
1	465489	A	T	14	43	2	1	1	1
1	922421	A	T	20	37	2	1	1	1
1	978911	A	T	22	35	2	1	1	1
1	880315	A	T	23	34	2	1	1	1
1	331613	A	T	20	37	2	1	1	1
1	60502	A	T	22	35	2	1	1	1
1	502561	A	T	23	34	2	1	1	1
1	333891	A	T	22	35	2	1	1	1
1	751953	A	T	26	31	2	1	1	1
1	75957	A	T	24	33	2	1	1	1
1	815767	A	T	25	32	2	1	1	1
1	214011	A	T	14	43	2	1	1	1
1	116281	A	T	17	40	2	1	1	1
1	719782	A	T	20	37	2	1	1	1
1	169038	A	T	25	32	2	1	1	1
1	481021	A	T	14	43	2	1	1	1
1	800537	A	T	21	36	2	1	1	1
1	636096	A	T	15	42	2	1	1	1
1	561350	A	T	20	37	2	1	1	1
1	976018	A	T	16	41	2	1	1	1
1	523186	A	T	19	38	2	1	1	1
1	397880	A	T	24	33	2	1	1	1
1	493964	A	T	23	34	2	1	1	1
1	210632	A	T	17	40	2	1	1	1
1	940454	A	T	24	33	2	1	1	1
1	659087	A	T	18	39	2	1	1	1
1	373265	A	T	21	36	2	1	1	1
1	350638	A	T	14	43	2	1	1	1
1	599158	A	T	26	31	2	1	1	1
1	139047	A	T	17	40	2	1	1	1
1	526985	A	T	16	41	2	1	1	1
1	657385	A	T	15	42	2	1	1	1
1	240107	A	T	19	38	2	1	1	1
1	144287	A	T	14	43	2	1	1	1
1	719797	A	T	26	31	2	1	1	1
1	163706	A	T	17	40	2	1	1	1
1	680559	A	T	16	41	2	1	1	1
1	431084	A	T	16	41	2	1	1	1
1	672049	A	T	20	37	2	1	1	1
1	58535	A	T	13	44	2	1	1	1
1	949760	A	T	23	34	2	1	1	1
1	393531	A	T	14	43	2	1	1	1
1	141717	A	T	20	37	2	1	1	1
1	645660	A	T	16	41	2	1	1	1
1	159674	A	T	24	33	2	1	1	1
1	616161	A	T	23	34	2	1	1	1
1	620007	A	T	13	44	2	1	1	1
1	311492	A	T	21	36	2	1	1	1
1	980181	A	T	16	41	2	1	1	1
1	280022	A	T	20	37	2	1	1	1
1	64061	A	T	15	42	2	1	1	1
1	207966	A	T	20	37	2	1	1	1
1	374360	A	T	22	35	2	1	1	1
1	271638	A	T	17	40	2	1	1	1
1	99380	A	T	10	47	2	1	1	1
1	706834	A	T	16	41	2	1	1	1
1	811820	A	T	14	43	2	1	1	1
1	648582	A	T	23	34	2	1	1	1
1	15284	A	T	15	42	2	1	1	1
1	883332	A	T	17	40	2	1	1	1
1	873893	A	T	15	42	2	1	1	1
1	908425	A	T	17	40	2	1	1	1
1	696728	A	T	21	36	2	1	1	1
1	110776	A	T	12	45	2	1	1	1
1	699859	A	T	26	31	2	1	1	1
1	403875	A	T	19	38	2	1	1	1
1	310138	A	T	11	46	2	1	1	1
1	808186	A	T	12	45	2	1	1	1
1	588980	A	T	19	38	2	1	1	1
1	540684	A	T	23	34	2	1	1	1
1	336192	A	T	20	37	2	1	1	1
1	164471	A	T	21	36	2	1	1	1
1	187637	A	T	25	32	2	1	1	1
1	486377	A	T	19	38	2	1	1	1
1	60447	A	T	27	30	2	1	1	1
1	176709	A	T	19	38	2	1	1	1
1	868966	A	T	11	46	2	1	1	1
1	540513	A	T	20	37	2	1	1	1
1	990006	A	T	14	43	2	1	1	1
1	648997	A	T	16	41	2	1	1	1
1	36480	A	T	23	34	2	1	1	1
1	249383	A	T	18	39	2	1	1	1
1	635687	A	T	20	37	2	1	1	1
1	881656	A	T	16	41	2	1	1	1
1	95353	A	T	24	33	2	1	1	1
1	573397	A	T	22	35	2	1	1	1
1	677636	A	T	16	41	2	1	1	1
1	471105	A	T	20	37	2	1	1	1
1	859867	A	T	8	49	2	1	1	1
1	177892	A	T	15	42	2	1	1	1
1	654516	A	T	10	47	2	1	1	1
1	425162	A	T	23	34	2	1	1	1
1	312422	A	T	20	37	2	1	1	1
1	831418	A	T	20	37	2	1	1	1
1	328310	A	T	17	40	2	1	1	1
1	164625	A	T	20	37	2	1	1	1
1	628400	A	T	22	35	2	1	1	1
1	8572	A	T	25	32	2	1	1	1
1	213364	A	T	21	36	2	1	1	1
1	126819	A	T	23	34	2	1	1	1
1	828525	A	T	18	39	2	1	1	1
1	879334	A	T	10	47	2	1	1	1
1	671490	A	T	14	43	2	1	1	1
1	123902	A	T	13	44	2	1	1	1
1	199402	A	T	16	41	2	1	1	1
1	995902	A	T	9	48	2	1	1	1
1	503517	A	T	15	42	2	1	1	1
1	176494	A	T	20	37	2	1	1	1
1	229675	A	T	23	34	2	1	1	1
1	934813	A	T	23	34	2	1	1	1
1	376827	A	T	16	41	2	1	1	1
1	310234	A	T	25	32	2	1	1	1
1	966733	A	T	17	40	2	1	1	1
1	214769	A	T	12	45	2	1	1	1
1	363398	A	T	16	41	2	1	1	1
1	565023	A	T	17	40	2	1	1	1
1	71131	A	T	19	38	2	1	1	1
1	99643	A	T	13	44	2	1	1	1
1	392000	A	T	12	45	2	1	1	1
1	15434	A	T	27	30	2	1	1	1
1	694543	A	T	22	35	2	1	1	1
1	167352	A	T	26	31	2	1	1	1
1	55952	A	T	18	39	2	1	1	1
1	893520	A	T	20	37	2	1	1	1
1	254806	A	T	27	30	2	1	1	1
1	720560	A	T	10	47	2	1	1	1
1	672654	A	T	21	36	2	1	1	1
1	203451	A	T	21	36	2	1	1	1
1	254208	A	T	23	34	2	1	1	1
1	779393	A	T	23	34	2	1	1	1
1	296052	A	T	23	34	2	1	1	1
1	325113	A	T	27	30	2	1	1	1
1	812718	A	T	16	41	2	1	1	1
1	481663	A	T	22	35	2	1	1	1
1	592007	A	T	27	30	2	1	1	1
1	531561	A	T	20	37	2	1	1	1
1	828507	A	T	12	45	2	1	1	1
1	767063	A	T	25	32	2	1	1	1
1	901564	A	T	13	44	2	1	1	1
1	441306	A	T	24	33	2	1	1	1
1	764498	A	T	24	33	2	1	1	1
1	732762	A	T	14	43	2	1	1	1
1	840455	A	T	12	45	2	1	1	1
1	989461	A	T	19	38	2	1	1	1
1	563478	A	T	19	38	2	1	1	1
1	308089	A	T	14	43	2	1	1	1
1	246967	A	T	22	35	2	1	1	1
1	821387	A	T	18	39	2	1	1	1
1	608926	A	T	14	43	2	1	1	1
1	232462	A	T	22	35	2	1	1	1
1	934897	A	T	14	43	2	1	1	1
1	556535	A	T	21	36	2	1	1	1
1	660497	A	T	18	39	2	1	1	1
1	568615	A	T	17	40	2	1	1	1
1	669582	A	T	27	30	2	1	1	1
1	805245	A	T	14	43	2	1	1	1
1	727935	A	T	17	40	2	1	1	1
1	144812	A	T	20	37	2	1	1	1
1	376966	A	T	24	33	2	1	1	1
1	453661	A	T	17	40	2	1	1	1
1	653074	A	T	32	25	2	1	1	1
1	199203	A	T	25	32	2	1	1	1
1	364318	A	T	16	41	2	1	1	1
1	234223	A	T	13	44	2	1	1	1
1	836993	A	T	19	38	2	1	1	1
1	731090	A	T	12	45	2	1	1	1
1	993281	A	T	19	38	2	1	1	1
1	730943	A	T	20	37	2	1	1	1
1	126780	A	T	28	29	2	1	1	1
1	38663	A	T	21	36	2	1	1	1
1	3635	A	T	14	43	2	1	1	1
1	901384	A	T	16	41	2	1	1	1
1	973591	A	T	21	36	2	1	1	1
1	133157	A	T	21	36	2	1	1	1
1	221122	A	T	24	33	2	1	1	1
1	470126	A	T	18	39	2	1	1	1
1	279466	A	T	19	38	2	1	1	1
1	372871	A	T	23	34	2	1	1	1
1	250188	A	T	21	36	2	1	1	1
1	573941	A	T	21	36	2	1	1	1
1	836541	A	T	21	36	2	1	1	1
1	840320	A	T	21	36	2	1	1	1
1	212617	A	T	24	33	2	1	1	1
1	596518	A	T	17	40	2	1	1	1
1	334715	A	T	21	36	2	1	1	1
1	448259	A	T	19	38	2	1	1	1
1	956057	A	T	25	32	2	1	1	1
1	941918	A	T	19	38	2	1	1	1
1	891178	A	T	20	37	2	1	1	1
1	913552	A	T	14	43	2	1	1	1
1	799394	A	T	22	35	2	1	1	1
1	801992	A	T	21	36	2	1	1	1
1	820001	A	T	15	42	2	1	1	1
1	494896	A	T	16	41	2	1	1	1
1	431468	A	T	16	41	2	1	1	1
1	305896	A	T	16	41	2	1	1	1
1	404411	A	T	19	38	2	1	1	1
1	720581	A	T	20	37	2	1	1	1
1	821547	A	T	21	36	2	1	1	1
1	316385	A	T	24	33	2	1	1	1
1	326757	A	T	15	42	2	1	1	1
1	673015	A	T	25	32	2	1	1	1
1	14142	A	T	25	32	2	1	1	1
1	34812	A	T	16	41	2	1	1	1
1	348201	A	T	20	37	2	1	1	1
1	250110	A	T	23	34	2	1	1	1
1	644642	A	T	14	43	2	1	1	1
1	167239	A	T	17	40	2	1	1	1
1	686779	A	T	16	41	2	1	1	1
1	810433	A	T	20	37	2	1	1	1
1	525483	A	T	20	37	2	1	1	1
1	281613	A	T	14	43	2	1	1	1
1	200584	A	T	21	36	2	1	1	1
1	264513	A	T	13	44	2	1	1	1
1	487458	A	T	13	44	2	1	1	1
1	94763	A	T	22	35	2	1	1	1
1	250816	A	T	14	43	2	1	1	1
1	21138	A	T	21	36	2	1	1	1
1	454753	A	T	25	32	2	1	1	1
1	111941	A	T	22	35	2	1	1	1
1	809264	A	T	20	37	2	1	1	1
1	320912	A	T	12	45	2	1	1	1
1	21634	A	T	20	37	2	1	1	1
1	239420	A	T	18	39	2	1	1	1
1	22796	A	T	16	41	2	1	1	1
1	404078	A	T	27	30	2	1	1	1
1	53588	A	T	11	46	2	1	1	1
1	458360	A	T	15	42	2	1	1	1
1	299526	A	T	19	38	2	1	1	1
1	14147	A	T	21	36	2	1	1	1
1	108812	A	T	15	42	2	1	1	1
1	412266	A	T	19	38	2	1	1	1
