Hugo_Symbol	Chromosome	Start_position	Reference_Allele	Tumor_Seq_Allele2	t_alt_count	t_ref_count	local_cn_a1	local_cn_a2
	1	117027	A	T	7	55	1	1
	1	153556	A	T	3	39	1	1
	1	371109	A	T	18	29	1	1
	1	438755	A	T	11	34	1	1
	1	517107	A	T	6	42	1	1
	1	529789	A	T	4	45	1	1
	1	564629	A	T	5	45	1	1
	1	597148	A	T	4	38	1	1
	1	667684	A	T	2	42	1	1
	1	705513	A	T	5	35	1	1
	1	735593	A	T	1	40	1	1
	1	789447	A	T	2	48	1	1
	1	920956	A	T	5	45	1	1
	1	968552	A	T	5	33	1	1
	1	1007232	A	T	3	42	1	1
	1	1013353	A	T	2	39	1	1
	1	1045720	A	T	7	42	1	1
	1	1129683	A	T	4	51	1	1
	1	1143216	A	T	9	39	1	1
	1	1170659	A	T	4	59	1	1
	1	1272582	A	T	2	48	1	1
	1	1291649	A	T	1	42	1	1
	1	1340077	A	T	4	41	1	1
	1	1378224	A	T	5	40	1	1
	1	1379930	A	T	3	40	1	1
	1	1522475	A	T	5	47	1	1
	1	1538846	A	T	4	43	1	1
	1	1540569	A	T	1	47	1	1
	1	1555426	A	T	5	42	1	1
	1	1580950	A	T	5	42	1	1
	1	1623215	A	T	5	32	1	1
	1	1636523	A	T	13	29	1	1
	1	1644328	A	T	1	35	1	1
	1	1666358	A	T	8	41	1	1
	1	1759632	A	T	1	37	1	1
	1	1761714	A	T	2	49	1	1
	1	1830525	A	T	4	39	1	1
	1	1840026	A	T	5	40	1	1
	1	1881967	A	T	3	36	1	1
	1	1986458	A	T	2	46	1	1
	1	1996198	A	T	1	53	1	1
	1	2015201	A	T	1	47	1	1
	1	2059079	A	T	1	50	1	1
	1	2191985	A	T	8	43	1	1
	1	2281920	A	T	10	58	1	1
	1	2283821	A	T	1	55	1	1
	1	2374996	A	T	1	56	1	1
	1	2381348	A	T	1	40	1	1
	1	2397859	A	T	1	35	1	1
	1	2445132	A	T	3	36	1	1
	1	2481700	A	T	6	42	1	1
	1	2505048	A	T	14	35	1	1
	1	2516968	A	T	5	32	1	1
	1	2705739	A	T	3	41	1	1
	1	2721800	A	T	1	42	1	1
	1	2792296	A	T	1	38	1	1
	1	2799999	A	T	3	42	1	1
	1	2893706	A	T	16	19	1	1
	1	2902650	A	T	5	32	1	1
	1	2937449	A	T	11	42	1	1
	1	2940715	A	T	3	31	1	1
	1	2947507	A	T	2	46	1	1
	1	2948734	A	T	5	52	1	1
	1	2975656	A	T	4	33	1	1
	1	3012110	A	T	5	42	1	1
	1	3028518	A	T	5	42	1	1
	1	3088091	A	T	1	44	1	1
	1	3138208	A	T	2	35	1	1
	1	3237177	A	T	5	41	1	1
	1	3243593	A	T	3	50	1	1
	1	3284896	A	T	4	41	1	1
	1	3288587	A	T	8	39	1	1
	1	3317653	A	T	7	46	1	1
	1	3321397	A	T	2	45	1	1
	1	3340840	A	T	8	29	1	1
	1	3357089	A	T	1	37	1	1
	1	3391730	A	T	1	46	1	1
	1	3413227	A	T	1	50	1	1
	1	3439412	A	T	3	38	1	1
	1	3468687	A	T	5	32	1	1
	1	3505990	A	T	2	46	1	1
	1	3519127	A	T	3	42	1	1
	1	3520933	A	T	4	45	1	1
	1	3546112	A	T	1	40	1	1
	1	3583085	A	T	5	46	1	1
	1	3661779	A	T	1	44	1	1
	1	3661928	A	T	4	51	1	1
	1	3694310	A	T	1	55	1	1
	1	3700992	A	T	39	6	1	1
	1	3712481	A	T	5	38	1	1
	1	3795962	A	T	4	42	1	1
	1	3839484	A	T	4	42	1	1
	1	3845023	A	T	1	40	1	1
	1	3848322	A	T	5	47	1	1
	1	3900422	A	T	2	38	1	1
	1	3981089	A	T	11	32	1	1
	1	4014308	A	T	4	29	1	1
	1	4024737	A	T	9	34	1	1
	1	4091280	A	T	13	39	1	1
	1	4121317	A	T	2	53	1	1
	1	4133622	A	T	5	38	1	1
	1	4134919	A	T	1	36	1	1
	1	4139285	A	T	5	30	1	1
	1	4182635	A	T	18	27	1	1
	1	4194054	A	T	7	41	1	1
	1	4230107	A	T	5	38	1	1
	1	4256547	A	T	1	39	1	1
	1	4261701	A	T	8	32	1	1
	1	4303175	A	T	6	28	1	1
	1	4316175	A	T	4	36	1	1
	1	4323908	A	T	1	34	1	1
	1	4341143	A	T	2	35	1	1
	1	4356375	A	T	5	31	1	1
	1	4400490	A	T	8	44	1	1
	1	4400823	A	T	1	37	1	1
	1	4486430	A	T	2	42	1	1
	1	4487138	A	T	1	32	1	1
	1	4622912	A	T	1	39	1	1
	1	4679661	A	T	2	50	1	1
	1	4681081	A	T	5	45	1	1
	1	4733483	A	T	12	33	1	1
	1	4764277	A	T	9	35	1	1
	1	4765363	A	T	3	47	1	1
	1	4776699	A	T	8	34	1	1
	1	4799000	A	T	1	36	1	1
	1	4817760	A	T	5	46	1	1
	1	4854672	A	T	5	36	1	1
	1	4898736	A	T	4	39	1	1
	1	4987161	A	T	5	44	1	1
	1	4992724	A	T	6	37	1	1
	1	5009196	A	T	2	56	1	1
	1	5012844	A	T	25	23	1	1
	1	5085944	A	T	5	35	1	1
	1	5112711	A	T	5	38	1	1
	1	5139620	A	T	2	37	1	1
	1	5153822	A	T	5	48	1	1
	1	5179624	A	T	8	47	1	1
	1	5196409	A	T	5	52	1	1
	1	5199841	A	T	4	43	1	1
	1	5201182	A	T	15	30	1	1
	1	5201656	A	T	1	51	1	1
	1	5244205	A	T	2	47	1	1
	1	5292290	A	T	3	46	1	1
	1	5431390	A	T	5	39	1	1
	1	5442165	A	T	25	28	1	1
	1	5517680	A	T	8	41	1	1
	1	5526784	A	T	1	51	1	1
	1	5549745	A	T	9	35	1	1
	1	5563489	A	T	1	43	1	1
	1	5586889	A	T	3	35	1	1
	1	5594762	A	T	5	37	1	1
	1	5628617	A	T	1	34	1	1
	1	5699455	A	T	2	39	1	1
	1	5700858	A	T	2	47	1	1
	1	5713649	A	T	3	33	1	1
	1	5740785	A	T	1	41	1	1
	1	5744223	A	T	12	33	1	1
	1	5804356	A	T	2	46	1	1
	1	5825293	A	T	4	42	1	1
	1	5833188	A	T	3	38	1	1
	1	5840244	A	T	1	35	1	1
	1	5875555	A	T	1	40	1	1
	1	5886269	A	T	2	47	1	1
	1	6110290	A	T	6	49	1	1
	1	6122929	A	T	1	45	1	1
	1	6177751	A	T	3	38	1	1
	1	6182604	A	T	8	38	1	1
	1	6206163	A	T	3	40	1	1
	1	6306849	A	T	3	41	1	1
	1	6359119	A	T	3	49	1	1
	1	6362682	A	T	4	37	1	1
	1	6384425	A	T	9	36	1	1
	1	6388943	A	T	2	46	1	1
	1	6462919	A	T	5	40	1	1
	1	6510399	A	T	5	41	1	1
	1	6529128	A	T	4	51	1	1
	1	6550150	A	T	3	42	1	1
	1	6601751	A	T	5	38	1	1
	1	6619537	A	T	3	31	1	1
	1	6632071	A	T	2	36	1	1
	1	6688636	A	T	1	45	1	1
	1	6703407	A	T	4	37	1	1
	1	6725830	A	T	1	50	1	1
	1	6768242	A	T	18	18	1	1
	1	6785303	A	T	22	25	1	1
	1	6842675	A	T	18	29	1	1
	1	6843309	A	T	19	21	1	1
	1	6892725	A	T	28	20	1	1
	1	6913323	A	T	19	22	1	1
	1	6936413	A	T	24	27	1	1
	1	6956082	A	T	15	25	1	1
	1	7004952	A	T	20	21	1	1
	1	7005202	A	T	15	18	1	1
	1	7053357	A	T	21	24	1	1
	1	7055545	A	T	26	25	1	1
	1	7077742	A	T	22	22	1	1
	1	7083132	A	T	16	25	1	1
	1	7158750	A	T	19	30	1	1
	1	7187902	A	T	20	20	1	1
	1	7242632	A	T	18	27	1	1
	1	7258095	A	T	14	27	1	1
	1	7284403	A	T	20	25	1	1
	1	7347895	A	T	20	24	1	1
	1	7391885	A	T	16	33	1	1
	1	7405533	A	T	18	23	1	1
	1	7413408	A	T	19	19	1	1
	1	7448109	A	T	26	23	1	1
	1	7455657	A	T	16	35	1	1
	1	7462581	A	T	37	30	1	1
	1	7500840	A	T	23	11	1	1
	1	7560979	A	T	25	28	1	1
	1	7574592	A	T	31	19	1	1
	1	7583462	A	T	21	24	1	1
	1	7732045	A	T	10	25	1	1
	1	7738845	A	T	21	33	1	1
	1	7763564	A	T	16	21	1	1
	1	7807529	A	T	24	29	1	1
	1	7813994	A	T	17	24	1	1
	1	7849007	A	T	12	26	1	1
	1	7866794	A	T	17	20	1	1
	1	7867979	A	T	11	30	1	1
	1	7906034	A	T	15	34	1	1
	1	7932355	A	T	14	32	1	1
	1	7939605	A	T	21	18	1	1
	1	8034896	A	T	15	23	1	1
	1	8153214	A	T	17	40	1	1
	1	8212665	A	T	20	29	1	1
	1	8228401	A	T	29	33	1	1
	1	8256787	A	T	12	32	1	1
	1	8281904	A	T	19	21	1	1
	1	8316996	A	T	16	25	1	1
	1	8329935	A	T	17	20	1	1
	1	8431651	A	T	17	27	1	1
	1	8434765	A	T	14	32	1	1
	1	8444566	A	T	17	35	1	1
	1	8480841	A	T	26	33	1	1
	1	8488260	A	T	20	24	1	1
	1	8504460	A	T	25	22	1	1
	1	8529007	A	T	12	34	1	1
	1	8547120	A	T	21	25	1	1
	1	8555015	A	T	21	19	1	1
	1	8614329	A	T	21	19	1	1
	1	8618301	A	T	24	41	1	1
	1	8643628	A	T	26	19	1	1
	1	8713283	A	T	19	27	1	1
	1	8833532	A	T	17	22	1	1
	1	8901993	A	T	20	23	1	1
	1	8929366	A	T	19	31	1	1
	1	9038638	A	T	22	27	1	1
	1	9048547	A	T	19	29	1	1
	1	9053445	A	T	21	21	1	1
	1	9066173	A	T	21	25	1	1
	1	9173397	A	T	19	22	1	1
	1	9188409	A	T	23	23	1	1
	1	9195140	A	T	20	36	1	1
	1	9215012	A	T	22	29	1	1
	1	9227280	A	T	19	22	1	1
	1	9234078	A	T	29	32	1	1
	1	9262434	A	T	21	31	1	1
	1	9298636	A	T	24	27	1	1
	1	9341770	A	T	25	24	1	1
	1	9380538	A	T	20	27	1	1
	1	9390265	A	T	22	23	1	1
	1	9409412	A	T	23	26	1	1
	1	9409787	A	T	20	29	1	1
	1	9444839	A	T	14	29	1	1
	1	9475479	A	T	23	36	1	1
	1	9487630	A	T	20	21	1	1
	1	9609984	A	T	18	28	1	1
	1	9625427	A	T	19	28	1	1
	1	9738383	A	T	14	30	1	1
	1	9760352	A	T	17	26	1	1
	1	9784435	A	T	9	31	1	1
	1	9787092	A	T	20	24	1	1
	1	9797285	A	T	23	19	1	1
	1	9824672	A	T	22	28	1	1
	1	9852815	A	T	16	20	1	1
	1	9880997	A	T	22	17	1	1
	1	9960778	A	T	20	24	1	1
	1	10005711	A	T	26	17	1	1
	1	10008078	A	T	10	29	1	1
	1	10018241	A	T	18	26	1	1
	1	10033794	A	T	17	29	1	1
	1	10081008	A	T	14	36	1	1
	1	10120388	A	T	19	27	1	1
	1	10137149	A	T	16	25	1	1
	1	10200367	A	T	24	16	1	1
	1	10202954	A	T	24	21	1	1
	1	10212016	A	T	15	17	1	1
	1	10217353	A	T	15	22	1	1
	1	10230473	A	T	11	19	1	1
	1	10293625	A	T	13	29	1	1
	1	10335168	A	T	15	35	1	1
	1	10360727	A	T	24	21	1	1
	1	10394577	A	T	24	21	1	1
	1	10407351	A	T	20	22	1	1
	1	10489552	A	T	26	28	1	1
	1	10556534	A	T	21	28	1	1
	1	10559242	A	T	23	21	1	1
	1	10601573	A	T	23	25	1	1
	1	10703098	A	T	20	27	1	1
	1	10707920	A	T	24	32	1	1
	1	10712164	A	T	11	35	1	1
	1	10727843	A	T	27	21	1	1
	1	10745096	A	T	18	29	1	1
	1	10755532	A	T	22	20	1	1
	1	10832456	A	T	18	26	1	1
	1	10842470	A	T	17	27	1	1
	1	10866076	A	T	29	32	1	1
	1	10924244	A	T	26	23	1	1
	1	10949131	A	T	24	24	1	1
	1	11047015	A	T	14	29	1	1
	1	11054771	A	T	16	23	1	1
	1	11072623	A	T	15	27	1	1
	1	11121207	A	T	20	32	1	1
	1	11139535	A	T	14	24	1	1
	1	11171519	A	T	15	28	1	1
	1	11206451	A	T	24	23	1	1
	1	11209602	A	T	18	31	1	1
	1	11278023	A	T	32	24	1	1
	1	11279789	A	T	15	29	1	1
	1	11282674	A	T	20	22	1	1
	1	11316799	A	T	21	22	1	1
	1	11317243	A	T	20	20	1	1
	1	11395317	A	T	18	24	1	1
	1	11398702	A	T	20	27	1	1
	1	11408969	A	T	22	11	1	1
	1	11458122	A	T	12	25	1	1
	1	11587452	A	T	24	31	1	1
	1	11615862	A	T	16	33	1	1
	1	11637813	A	T	17	32	1	1
	1	11733034	A	T	17	28	1	1
	1	11764099	A	T	20	22	1	1
	1	11766755	A	T	17	30	1	1
	1	11779646	A	T	18	33	1	1
	1	11839569	A	T	25	33	1	1
	1	11869046	A	T	22	30	1	1
	1	11930764	A	T	17	24	1	1
	1	11978487	A	T	15	21	1	1
	1	11983288	A	T	14	27	1	1
	1	12008581	A	T	17	19	1	1
	1	12013088	A	T	21	27	1	1
	1	12028576	A	T	24	35	1	1
	1	12047677	A	T	19	29	1	1
	1	12082543	A	T	19	30	1	1
	1	12086262	A	T	20	18	1	1
	1	12203844	A	T	16	29	1	1
	1	12254876	A	T	18	24	1	1
	1	12295105	A	T	19	30	1	1
	1	12352022	A	T	21	25	1	1
	1	12356632	A	T	26	23	1	1
	1	12369237	A	T	22	25	1	1
	1	12382828	A	T	18	32	1	1
	1	12385054	A	T	31	26	1	1
	1	12402864	A	T	27	25	1	1
	1	12432289	A	T	19	26	1	1
	1	12479967	A	T	17	20	1	1
	1	12508205	A	T	36	17	1	1
	1	12528872	A	T	15	21	1	1
	1	12569722	A	T	11	23	1	1
	1	12571981	A	T	10	31	1	1
	1	12611238	A	T	20	23	1	1
	1	12633351	A	T	16	24	1	1
	1	12666038	A	T	28	27	1	1
	1	12749888	A	T	21	25	1	1
	1	12763454	A	T	29	23	1	1
	1	12832835	A	T	19	26	1	1
	1	12841171	A	T	22	23	1	1
	1	12904839	A	T	17	30	1	1
	1	12918377	A	T	12	20	1	1
	1	12979019	A	T	28	36	1	1
	1	13128249	A	T	19	30	1	1
	1	13138050	A	T	12	28	1	1
	1	13207388	A	T	17	16	1	1
	1	13236949	A	T	17	26	1	1
	1	13242116	A	T	17	21	1	1
	1	13244162	A	T	22	21	1	1
	1	13270898	A	T	25	21	1	1
	1	13278897	A	T	23	18	1	1
	1	13306077	A	T	22	21	1	1
	1	13313039	A	T	14	31	1	1
	1	13326378	A	T	23	25	1	1
	1	13346581	A	T	25	20	1	1
	1	13352378	A	T	18	29	1	1
	1	13361799	A	T	17	20	1	1
	1	13393390	A	T	19	29	1	1
	1	13430206	A	T	14	24	1	1
	1	13478201	A	T	24	30	1	1
	1	13509483	A	T	22	25	1	1
	1	13553347	A	T	24	22	1	1
	1	13557326	A	T	12	34	1	1
	1	13573796	A	T	25	22	1	1
	1	13599740	A	T	19	33	1	1
	1	13696715	A	T	20	28	1	1
	1	13826746	A	T	15	34	1	1
	1	13835115	A	T	11	26	1	1
	1	13843994	A	T	25	30	1	1
	1	13968375	A	T	21	25	1	1
	1	13977589	A	T	24	26	1	1
	1	13993699	A	T	13	22	1	1
	1	14015628	A	T	24	27	1	1
	1	14026990	A	T	17	25	1	1
	1	14037095	A	T	16	34	1	1
	1	14062470	A	T	15	18	1	1
	1	14117524	A	T	15	25	1	1
	1	14122031	A	T	26	24	1	1
	1	14172995	A	T	31	31	1	1
	1	14177415	A	T	16	31	1	1
	1	14188494	A	T	15	30	1	1
	1	14221179	A	T	22	24	1	1
	1	14278909	A	T	16	23	1	1
	1	14328125	A	T	24	27	1	1
	1	14348954	A	T	18	40	1	1
	1	14350724	A	T	18	22	1	1
	1	14373985	A	T	16	22	1	1
	1	14405126	A	T	19	25	1	1
	1	14436635	A	T	21	26	1	1
	1	14545137	A	T	13	25	1	1
	1	14551738	A	T	23	29	1	1
	1	14596942	A	T	21	31	1	1
	1	14624950	A	T	19	27	1	1
	1	14629548	A	T	15	19	1	1
	1	14672349	A	T	15	24	1	1
	1	14694595	A	T	12	31	1	1
	1	14712045	A	T	24	19	1	1
	1	14747783	A	T	23	28	1	1
	1	14806029	A	T	26	33	1	1
	1	14911879	A	T	13	24	1	1
	1	14918771	A	T	20	28	1	1
	1	14961298	A	T	17	31	1	1
	1	14969511	A	T	12	25	1	1
	1	14991761	A	T	21	17	1	1
	1	15021215	A	T	23	20	1	1
	1	15024940	A	T	22	17	1	1
	1	15056212	A	T	19	21	1	1
	1	15071172	A	T	15	20	1	1
	1	15088711	A	T	17	25	1	1
	1	15091801	A	T	20	24	1	1
	1	15125929	A	T	8	25	1	1
	1	15173267	A	T	13	29	1	1
	1	15246709	A	T	28	27	1	1
	1	15273863	A	T	15	31	1	1
	1	15275183	A	T	25	21	1	1
	1	15338795	A	T	21	25	1	1
	1	15383973	A	T	20	31	1	1
	1	15387639	A	T	17	34	1	1
	1	15391452	A	T	21	21	1	1
	1	15391919	A	T	23	22	1	1
	1	15435484	A	T	16	25	1	1
	1	15455723	A	T	27	26	1	1
	1	15468824	A	T	26	24	1	1
	1	15492650	A	T	19	29	1	1
	1	15520243	A	T	18	26	1	1
	1	15549547	A	T	20	25	1	1
	1	15583938	A	T	16	16	1	1
	1	15632256	A	T	15	31	1	1
	1	15703152	A	T	21	30	1	1
	1	15708430	A	T	17	24	1	1
	1	15724841	A	T	22	19	1	1
	1	15725150	A	T	21	16	1	1
	1	15783824	A	T	17	23	1	1
	1	15843359	A	T	18	25	1	1
	1	15859781	A	T	12	27	1	1
	1	15884750	A	T	14	22	1	1
	1	15888376	A	T	23	28	1	1
	1	15998482	A	T	18	34	1	1
	1	16005743	A	T	16	29	1	1
	1	16018748	A	T	25	27	1	1
	1	16022089	A	T	18	38	1	1
	1	16029677	A	T	16	33	1	1
	1	16035097	A	T	18	28	1	1
	1	16058934	A	T	27	17	1	1
	1	16062289	A	T	17	19	1	1
	1	16086358	A	T	14	20	1	1
	1	16173895	A	T	16	42	1	1
	1	16289274	A	T	14	23	1	1
	1	16346458	A	T	17	27	1	1
	1	16352301	A	T	23	35	1	1
	1	16352441	A	T	18	33	1	1
	1	16355676	A	T	23	34	1	1
	1	16369664	A	T	17	27	1	1
	1	16377012	A	T	14	29	1	1
	1	16423835	A	T	15	26	1	1
	1	16473443	A	T	16	13	1	1
	1	16577134	A	T	22	25	1	1
	1	16579663	A	T	22	22	1	1
	1	16585242	A	T	16	44	1	1
	1	16611404	A	T	15	25	1	1
	1	16624722	A	T	27	35	1	1
	1	16631738	A	T	15	34	1	1
	1	16633667	A	T	16	35	1	1
	1	16675749	A	T	21	32	1	1
	1	16676467	A	T	23	31	1	1
	1	16679674	A	T	20	26	1	1
	1	16688902	A	T	21	26	1	1
	1	16704657	A	T	28	18	1	1
	1	16839968	A	T	17	29	1	1
	1	16894486	A	T	16	30	1	1
	1	16898696	A	T	20	21	1	1
	1	16898870	A	T	26	25	1	1
	1	16900258	A	T	17	30	1	1
	1	16909868	A	T	14	20	1	1
	1	16922750	A	T	21	21	1	1
	1	16924376	A	T	24	35	1	1
	1	16967726	A	T	22	31	1	1
	1	16986734	A	T	20	28	1	1
	1	16995785	A	T	11	37	1	1
	1	16999145	A	T	16	29	1	1
	1	17018410	A	T	18	20	1	1
	1	17020171	A	T	27	25	1	1
	1	17026234	A	T	20	21	1	1
	1	17034565	A	T	14	24	1	1
	1	17217040	A	T	22	21	1	1
	1	17234039	A	T	12	27	1	1
	1	17408949	A	T	14	23	1	1
	1	17470251	A	T	17	33	1	1
	1	17538833	A	T	29	15	1	1
	1	17559498	A	T	10	32	1	1
	1	17577319	A	T	21	19	1	1
	1	17597213	A	T	20	23	1	1
	1	17603469	A	T	20	24	1	1
	1	17610600	A	T	19	31	1	1
	1	17640300	A	T	28	27	1	1
	1	17640608	A	T	32	16	1	1
	1	17643340	A	T	15	24	1	1
	1	17650537	A	T	17	19	1	1
	1	17683488	A	T	21	18	1	1
	1	17706349	A	T	22	24	1	1
	1	17784792	A	T	25	24	1	1
	1	17798074	A	T	18	27	1	1
	1	17842592	A	T	29	26	1	1
	1	17952284	A	T	14	31	1	1
	1	17957710	A	T	24	12	1	1
	1	17978411	A	T	15	41	1	1
	1	18002554	A	T	20	23	1	1
	1	18089739	A	T	18	25	1	1
	1	18155757	A	T	24	30	1	1
	1	18227170	A	T	24	35	1	1
	1	18228234	A	T	21	24	1	1
	1	18246515	A	T	16	37	1	1
	1	18261516	A	T	18	23	1	1
	1	18279914	A	T	17	19	1	1
	1	18294179	A	T	22	24	1	1
	1	18318372	A	T	16	24	1	1
	1	18364146	A	T	23	23	1	1
	1	18386706	A	T	16	22	1	1
	1	18399101	A	T	13	17	1	1
	1	18439292	A	T	22	24	1	1
	1	18595058	A	T	21	21	1	1
	1	18615055	A	T	16	31	1	1
	1	18615850	A	T	26	26	1	1
	1	18690113	A	T	12	31	1	1
	1	18742179	A	T	19	25	1	1
	1	18770757	A	T	18	14	1	1
	1	18856227	A	T	18	32	1	1
	1	18875752	A	T	18	22	1	1
	1	18923538	A	T	19	20	1	1
	1	18938272	A	T	16	28	1	1
	1	18947092	A	T	24	33	1	1
	1	18957125	A	T	24	21	1	1
	1	18962408	A	T	19	20	1	1
	1	18996087	A	T	12	28	1	1
	1	19124780	A	T	12	24	1	1
	1	19131463	A	T	35	25	1	1
	1	19181772	A	T	17	29	1	1
	1	19187954	A	T	21	24	1	1
	1	19228961	A	T	27	18	1	1
	1	19247019	A	T	12	34	1	1
	1	19305065	A	T	25	21	1	1
	1	19395259	A	T	17	32	1	1
	1	19414940	A	T	18	27	1	1
	1	19442088	A	T	14	23	1	1
	1	19455586	A	T	18	30	1	1
	1	19497538	A	T	21	20	1	1
	1	19500646	A	T	11	22	1	1
	1	19529174	A	T	23	14	1	1
	1	19548917	A	T	15	29	1	1
	1	19596717	A	T	16	34	1	1
	1	19606834	A	T	12	22	1	1
	1	19612031	A	T	17	29	1	1
	1	19624610	A	T	32	34	1	1
	1	19630166	A	T	24	35	1	1
	1	19649854	A	T	23	17	1	1
	1	19711110	A	T	19	31	1	1
	1	19756172	A	T	12	23	1	1
	1	19774091	A	T	20	20	1	1
	1	19792013	A	T	18	19	1	1
	1	19795966	A	T	19	28	1	1
	1	19798896	A	T	12	41	1	1
	1	19869663	A	T	27	29	1	1
	1	19968207	A	T	23	28	1	1
	1	20026370	A	T	16	20	1	1
	1	20075442	A	T	17	26	1	1
	1	20099740	A	T	15	21	1	1
	1	20106515	A	T	17	26	1	1
	1	20132525	A	T	12	22	1	1
	1	20171006	A	T	20	21	1	1
	1	20191011	A	T	9	35	1	1
	1	20195320	A	T	18	19	1	1
	1	20289662	A	T	30	28	1	1
	1	20316756	A	T	22	20	1	1
	1	20353742	A	T	18	24	1	1
	1	20402895	A	T	26	24	1	1
	1	20419413	A	T	25	29	1	1
	1	20509300	A	T	14	26	1	1
	1	20524869	A	T	28	25	1	1
	1	20533473	A	T	27	27	1	1
	1	20543753	A	T	20	24	1	1
	1	20547792	A	T	29	24	1	1
	1	20561399	A	T	22	23	1	1
	1	20577687	A	T	17	23	1	1
	1	20613007	A	T	18	34	1	1
	1	20646708	A	T	22	18	1	1
	1	20671842	A	T	19	25	1	1
	1	20737670	A	T	21	25	1	1
	1	20737917	A	T	22	24	1	1
	1	20743533	A	T	14	35	1	1
	1	20744421	A	T	19	24	1	1
	1	20761685	A	T	30	25	1	1
	1	20772702	A	T	18	29	1	1
	1	20775342	A	T	17	19	1	1
	1	20798489	A	T	12	27	1	1
	1	20812278	A	T	13	29	1	1
	1	20814168	A	T	22	21	1	1
	1	20844971	A	T	19	43	1	1
	1	20865209	A	T	21	21	1	1
	1	20915523	A	T	21	23	1	1
	1	21006903	A	T	19	22	1	1
	1	21087053	A	T	9	27	1	1
	1	21090189	A	T	15	31	1	1
	1	21123311	A	T	25	24	1	1
	1	21235821	A	T	17	32	1	1
	1	21256019	A	T	20	15	1	1
	1	21305669	A	T	11	21	1	1
	1	21343619	A	T	18	22	1	1
	1	21391315	A	T	18	26	1	1
	1	21435511	A	T	16	26	1	1
	1	21451847	A	T	6	19	1	1
	1	21458961	A	T	20	22	1	1
	1	21514387	A	T	9	31	1	1
	1	21516758	A	T	25	26	1	1
	1	21538224	A	T	15	28	1	1
	1	21590107	A	T	20	16	1	1
	1	21598225	A	T	16	38	1	1
	1	21632462	A	T	10	29	1	1
	1	21659952	A	T	22	17	1	1
	1	21768751	A	T	12	26	1	1
	1	21803829	A	T	25	21	1	1
	1	21879137	A	T	19	33	1	1
	1	21881638	A	T	21	23	1	1
	1	21896403	A	T	20	20	1	1
	1	21910786	A	T	11	28	1	1
	1	21924714	A	T	12	23	1	1
	1	21945902	A	T	20	22	1	1
	1	21959020	A	T	14	23	1	1
	1	21966653	A	T	27	21	1	1
	1	21988581	A	T	20	27	1	1
	1	22042162	A	T	15	29	1	1
	1	22061398	A	T	18	30	1	1
	1	22062302	A	T	20	20	1	1
	1	22104737	A	T	22	18	1	1
	1	22116112	A	T	19	24	1	1
	1	22157626	A	T	25	17	1	1
	1	22159503	A	T	22	19	1	1
	1	22161542	A	T	20	27	1	1
	1	22177547	A	T	27	24	1	1
	1	22203234	A	T	24	21	1	1
	1	22305295	A	T	16	25	1	1
	1	22334432	A	T	25	21	1	1
	1	22447416	A	T	22	19	1	1
	1	22450951	A	T	16	22	1	1
	1	22451282	A	T	17	25	1	1
	1	22458551	A	T	16	17	1	1
	1	22458582	A	T	16	36	1	1
	1	22505873	A	T	18	31	1	1
	1	22508400	A	T	14	24	1	1
	1	22508607	A	T	25	29	1	1
	1	22531108	A	T	18	19	1	1
	1	22537366	A	T	15	23	1	1
	1	22576049	A	T	20	25	1	1
	1	22599162	A	T	14	34	1	1
	1	22622690	A	T	14	31	1	1
	1	22630917	A	T	12	23	1	1
	1	22702908	A	T	16	23	1	1
	1	22729083	A	T	17	29	1	1
	1	22733540	A	T	22	17	1	1
	1	22773730	A	T	17	20	1	1
	1	22785132	A	T	24	23	1	1
	1	22786551	A	T	21	17	1	1
	1	22812238	A	T	21	21	1	1
	1	22839943	A	T	29	27	1	1
	1	22868824	A	T	15	24	1	1
	1	22898891	A	T	17	26	1	1
	1	22913217	A	T	22	22	1	1
	1	22997067	A	T	23	30	1	1
	1	23004230	A	T	16	28	1	1
	1	23085579	A	T	12	40	1	1
	1	23110961	A	T	15	29	1	1
	1	23130849	A	T	20	27	1	1
	1	23195117	A	T	23	23	1	1
	1	23257123	A	T	17	30	1	1
	1	23260120	A	T	20	27	1	1
	1	23291163	A	T	17	30	1	1
	1	23319533	A	T	14	35	1	1
	1	23382400	A	T	16	35	1	1
	1	23391316	A	T	19	31	1	1
	1	23419148	A	T	14	30	1	1
	1	23462337	A	T	16	21	1	1
	1	23471704	A	T	25	28	1	1
	1	23488253	A	T	19	35	1	1
	1	23514683	A	T	24	24	1	1
	1	23565910	A	T	20	27	1	1
	1	23567177	A	T	30	21	1	1
	1	23593189	A	T	15	21	1	1
	1	23604274	A	T	15	33	1	1
	1	23626956	A	T	18	25	1	1
	1	23656224	A	T	21	25	1	1
	1	23667375	A	T	32	19	1	1
	1	23668538	A	T	19	24	1	1
	1	23692800	A	T	22	22	1	1
	1	23704401	A	T	15	33	1	1
	1	23712149	A	T	13	23	1	1
	1	23757575	A	T	24	25	1	1
	1	23773318	A	T	24	20	1	1
	1	23805600	A	T	11	17	1	1
	1	23830592	A	T	15	25	1	1
	1	23853909	A	T	21	20	1	1
	1	23864318	A	T	19	36	1	1
	1	23865834	A	T	18	18	1	1
	1	23915634	A	T	20	30	1	1
	1	23944368	A	T	18	31	1	1
	1	23945896	A	T	24	27	1	1
	1	23951114	A	T	21	21	1	1
	1	23956785	A	T	20	26	1	1
	1	23988500	A	T	21	21	1	1
	1	23998105	A	T	26	22	1	1
	1	24036409	A	T	21	26	1	1
	1	24099019	A	T	15	28	1	1
	1	24115506	A	T	24	24	1	1
	1	24127719	A	T	15	21	1	1
	1	24151481	A	T	25	14	1	1
	1	24224338	A	T	20	28	1	1
	1	24287050	A	T	26	30	1	1
	1	24297413	A	T	19	34	1	1
	1	24341320	A	T	24	37	1	1
	1	24381224	A	T	20	26	1	1
	1	24383209	A	T	17	29	1	1
	1	24409565	A	T	21	31	1	1
	1	24412279	A	T	12	42	1	1
	1	24429660	A	T	12	21	1	1
	1	24462107	A	T	17	28	1	1
	1	24487116	A	T	12	28	1	1
	1	24500656	A	T	29	10	1	1
	1	24502456	A	T	21	29	1	1
	1	24534180	A	T	23	28	1	1
	1	24592054	A	T	16	32	1	1
	1	24597604	A	T	33	21	1	1
	1	24656928	A	T	18	25	1	1
	1	24664682	A	T	11	25	1	1
	1	24692096	A	T	18	14	1	1
	1	24697637	A	T	19	28	1	1
	1	24700947	A	T	18	20	1	1
	1	24760472	A	T	13	19	1	1
	1	24780701	A	T	30	26	1	1
	1	24803873	A	T	19	35	1	1
	1	24871198	A	T	20	21	1	1
	1	24892927	A	T	15	28	1	1
	1	24893258	A	T	23	22	1	1
	1	24951128	A	T	18	32	1	1
	1	24994055	A	T	15	23	1	1
	1	25054762	A	T	15	29	1	1
	1	25058723	A	T	20	36	1	1
	1	25067355	A	T	14	17	1	1
	1	25080100	A	T	24	31	1	1
	1	25099909	A	T	21	20	1	1
	1	25111894	A	T	16	29	1	1
	1	25132940	A	T	23	17	1	1
	1	25146314	A	T	17	30	1	1
	1	25191319	A	T	19	25	1	1
	1	25233762	A	T	17	19	1	1
	1	25251206	A	T	21	31	1	1
	1	25259862	A	T	17	35	1	1
	1	25284786	A	T	19	34	1	1
	1	25291496	A	T	13	29	1	1
	1	25315739	A	T	20	20	1	1
	1	25381141	A	T	23	31	1	1
	1	25386390	A	T	21	21	1	1
	1	25428752	A	T	17	19	1	1
	1	25430821	A	T	23	26	1	1
	1	25466174	A	T	21	22	1	1
	1	25541217	A	T	27	33	1	1
	1	25541509	A	T	19	19	1	1
	1	25596359	A	T	24	26	1	1
	1	25640041	A	T	19	18	1	1
	1	25652242	A	T	22	23	1	1
	1	25695457	A	T	21	24	1	1
	1	25727671	A	T	36	14	1	1
	1	25785897	A	T	18	26	1	1
	1	25897302	A	T	20	25	1	1
	1	25909381	A	T	19	34	1	1
	1	25916213	A	T	19	26	1	1
	1	25917674	A	T	18	21	1	1
	1	26011277	A	T	16	31	1	1
	1	26047365	A	T	23	26	1	1
	1	26057033	A	T	13	28	1	1
	1	26061448	A	T	18	19	1	1
	1	26086948	A	T	24	16	1	1
	1	26119133	A	T	20	19	1	1
	1	26143372	A	T	23	20	1	1
	1	26151066	A	T	17	16	1	1
	1	26183907	A	T	23	21	1	1
	1	26201258	A	T	14	28	1	1
	1	26239201	A	T	12	28	1	1
	1	26255923	A	T	27	36	1	1
	1	26291184	A	T	15	23	1	1
	1	26296995	A	T	16	24	1	1
	1	26355556	A	T	13	34	1	1
	1	26382415	A	T	22	21	1	1
	1	26394510	A	T	15	21	1	1
	1	26395928	A	T	17	29	1	1
	1	26420187	A	T	9	23	1	1
	1	26459365	A	T	23	32	1	1
	1	26461789	A	T	21	20	1	1
	1	26491735	A	T	16	19	1	1
	1	26519897	A	T	21	23	1	1
	1	26543241	A	T	15	28	1	1
	1	26543866	A	T	23	26	1	1
	1	26582566	A	T	20	35	1	1
	1	26605005	A	T	25	27	1	1
	1	26619985	A	T	21	24	1	1
	1	26630103	A	T	16	26	1	1
	1	26675034	A	T	26	26	1	1
	1	26766934	A	T	21	20	1	1
	1	26773943	A	T	15	33	1	1
	1	26970571	A	T	18	37	1	1
	1	27008633	A	T	17	26	1	1
	1	27023518	A	T	27	20	1	1
	1	27055929	A	T	27	32	1	1
	1	27099146	A	T	21	21	1	1
	1	27179317	A	T	17	31	1	1
	1	27187851	A	T	24	29	1	1
	1	27253078	A	T	16	28	1	1
	1	27258036	A	T	18	19	1	1
	1	27342525	A	T	14	29	1	1
	1	27369428	A	T	18	27	1	1
	1	27413270	A	T	17	27	1	1
	1	27476499	A	T	22	19	1	1
	1	27518461	A	T	29	23	1	1
	1	27555556	A	T	10	27	1	1
	1	27562223	A	T	12	26	1	1
	1	27592420	A	T	19	36	1	1
	1	27722171	A	T	18	20	1	1
	1	27797431	A	T	16	28	1	1
	1	27817746	A	T	21	20	1	1
	1	27845294	A	T	24	32	1	1
	1	27847654	A	T	19	36	1	1
	1	27860529	A	T	12	27	1	1
	1	27895692	A	T	19	21	1	1
	1	28049977	A	T	17	21	1	1
	1	28051251	A	T	21	31	1	1
	1	28058442	A	T	34	26	1	1
	1	28088550	A	T	20	26	1	1
	1	28102386	A	T	16	25	1	1
	1	28111140	A	T	16	21	1	1
	1	28120221	A	T	15	30	1	1
	1	28145581	A	T	23	19	1	1
	1	28313826	A	T	14	26	1	1
	1	28398398	A	T	15	20	1	1
	1	28407435	A	T	14	34	1	1
	1	28408375	A	T	27	21	1	1
	1	28409438	A	T	19	22	1	1
	1	28486871	A	T	27	17	1	1
	1	28563792	A	T	22	26	1	1
	1	28586681	A	T	19	15	1	1
	1	28594620	A	T	22	25	1	1
	1	28614356	A	T	18	20	1	1
	1	28638084	A	T	20	26	1	1
	1	28672130	A	T	19	23	1	1
	1	28728113	A	T	13	27	1	1
	1	28772090	A	T	17	24	1	1
	1	28803034	A	T	20	26	1	1
	1	28815259	A	T	16	23	1	1
	1	28859873	A	T	20	24	1	1
	1	28901367	A	T	16	33	1	1
	1	28908751	A	T	20	26	1	1
	1	28911079	A	T	20	24	1	1
	1	28921669	A	T	9	22	1	1
	1	29011663	A	T	20	30	1	1
	1	29027010	A	T	14	28	1	1
	1	29070032	A	T	17	26	1	1
	1	29070710	A	T	15	31	1	1
	1	29075204	A	T	14	20	1	1
	1	29076138	A	T	18	29	1	1
	1	29189927	A	T	20	30	1	1
	1	29203349	A	T	18	30	1	1
	1	29253600	A	T	13	26	1	1
	1	29272454	A	T	18	23	1	1
	1	29304113	A	T	21	21	1	1
	1	29311558	A	T	23	28	1	1
	1	29354594	A	T	22	35	1	1
	1	29361782	A	T	28	23	1	1
	1	29381004	A	T	9	23	1	1
	1	29424250	A	T	20	26	1	1
	1	29463530	A	T	10	35	1	1
	1	29480812	A	T	20	32	1	1
	1	29499842	A	T	26	24	1	1
	1	29621607	A	T	21	23	1	1
	1	29632207	A	T	20	24	1	1
	1	29668471	A	T	14	21	1	1
	1	29702606	A	T	22	28	1	1
	1	29712779	A	T	9	36	1	1
	1	29751961	A	T	10	34	1	1
	1	29768381	A	T	26	28	1	1
	1	29773325	A	T	24	26	1	1
	1	29780154	A	T	28	32	1	1
	1	29884753	A	T	19	26	1	1
	1	29886274	A	T	17	19	1	1
	1	29911091	A	T	16	26	1	1
	1	29934620	A	T	18	29	1	1
	1	29985894	A	T	18	22	1	1
	1	30111810	A	T	21	21	1	1
	1	30203502	A	T	22	18	1	1
	1	30225742	A	T	30	27	1	1
	1	30243184	A	T	14	19	1	1
	1	30292187	A	T	16	26	1	1
	1	30297442	A	T	13	28	1	1
	1	30297574	A	T	25	16	1	1
	1	30316366	A	T	16	30	1	1
	1	30364374	A	T	17	23	1	1
	1	30400310	A	T	23	22	1	1
	1	30410936	A	T	22	15	1	1
	1	30436330	A	T	14	22	1	1
	1	30462477	A	T	33	27	1	1
	1	30485299	A	T	24	31	1	1
	1	30496968	A	T	25	29	1	1
	1	30516711	A	T	23	26	1	1
	1	30557428	A	T	14	27	1	1
	1	30590546	A	T	21	27	1	1
	1	30645373	A	T	16	20	1	1
	1	30668954	A	T	15	34	1	1
	1	30687361	A	T	19	26	1	1
	1	30782282	A	T	26	21	1	1
	1	30798434	A	T	18	32	1	1
	1	30880721	A	T	14	24	1	1
	1	30881696	A	T	17	20	1	1
	1	30945812	A	T	18	20	1	1
	1	30959290	A	T	23	24	1	1
	1	31003222	A	T	30	24	1	1
	1	31026365	A	T	22	29	1	1
	1	31068744	A	T	20	25	1	1
	1	31111535	A	T	15	35	1	1
	1	31141872	A	T	15	29	1	1
	1	31145668	A	T	25	27	1	1
	1	31209337	A	T	21	32	1	1
	1	31286719	A	T	16	20	1	1
	1	31304056	A	T	12	31	1	1
	1	31355154	A	T	16	31	1	1
	1	31397865	A	T	24	20	1	1
	1	31415539	A	T	27	29	1	1
	1	31427717	A	T	10	21	1	1
	1	31490677	A	T	15	21	1	1
	1	31490994	A	T	24	27	1	1
	1	31491321	A	T	22	22	1	1
	1	31506535	A	T	12	14	1	1
	1	31532876	A	T	21	26	1	1
	1	31539861	A	T	27	22	1	1
	1	31562716	A	T	15	19	1	1
	1	31609171	A	T	24	21	1	1
	1	31680403	A	T	25	36	1	1
	1	31690085	A	T	15	31	1	1
	1	31735660	A	T	17	21	1	1
	1	31812597	A	T	15	28	1	1
	1	31847975	A	T	29	23	1	1
	1	31900187	A	T	35	15	1	1
	1	32049055	A	T	14	32	1	1
	1	32130546	A	T	17	28	1	1
	1	32177281	A	T	29	19	1	1
	1	32205498	A	T	15	36	1	1
	1	32235850	A	T	19	34	1	1
	1	32283585	A	T	16	24	1	1
	1	32342662	A	T	23	25	1	1
	1	32342733	A	T	22	24	1	1
	1	32347386	A	T	25	21	1	1
	1	32408362	A	T	25	26	1	1
	1	32451598	A	T	20	23	1	1
	1	32516227	A	T	18	28	1	1
	1	32538828	A	T	18	20	1	1
	1	32550009	A	T	22	23	1	1
	1	32557382	A	T	15	32	1	1
	1	32629621	A	T	28	31	1	1
	1	32671794	A	T	17	31	1	1
	1	32682675	A	T	21	29	1	1
	1	32736391	A	T	16	26	1	1
	1	32828589	A	T	18	21	1	1
	1	32832503	A	T	15	19	1	1
	1	32847585	A	T	13	18	1	1
	1	32910789	A	T	16	16	1	1
	1	32941708	A	T	17	22	1	1
	1	32968911	A	T	16	24	1	1
	1	32989575	A	T	21	20	1	1
	1	33004484	A	T	19	36	1	1
	1	33039675	A	T	19	17	1	1
	1	33083814	A	T	18	23	1	1
	1	33098900	A	T	26	19	1	1
	1	33171804	A	T	20	22	1	1
	1	33214677	A	T	21	22	1	1
	1	33244307	A	T	11	31	1	1
	1	33256716	A	T	24	21	1	1
	1	33260652	A	T	15	24	1	1
	1	33392818	A	T	27	31	1	1
	1	33604561	A	T	14	28	1	1
	1	33608363	A	T	18	24	1	1
	1	33627332	A	T	22	21	1	1
	1	33684373	A	T	18	34	1	1
	1	33687849	A	T	20	26	1	1
	1	33695989	A	T	17	29	1	1
	1	33785783	A	T	25	20	1	1
	1	33791516	A	T	23	17	1	1
	1	33791990	A	T	20	19	1	1
	1	33801763	A	T	22	35	1	1
	1	33895613	A	T	15	25	1	1
	1	33904995	A	T	14	27	1	1
	1	33975524	A	T	11	25	1	1
	1	33981858	A	T	16	28	1	1
	1	34018456	A	T	15	38	1	1
	1	34023992	A	T	20	24	1	1
	1	34044228	A	T	15	18	1	1
	1	34126017	A	T	19	24	1	1
	1	34176072	A	T	29	26	1	1
	1	34298398	A	T	19	32	1	1
	1	34343011	A	T	14	33	1	1
	1	34368197	A	T	19	29	1	1
	1	34373040	A	T	16	29	1	1
	1	34379578	A	T	11	34	1	1
	1	34396098	A	T	16	15	1	1
	1	34475098	A	T	21	24	1	1
	1	34485385	A	T	18	21	1	1
	1	34582355	A	T	21	23	1	1
	1	34601481	A	T	19	31	1	1
	1	34624928	A	T	18	27	1	1
	1	34692235	A	T	20	29	1	1
	1	34699942	A	T	19	23	1	1
	1	34710322	A	T	20	21	1	1
	1	34751535	A	T	20	29	1	1
	1	34762121	A	T	16	30	1	1
	1	34839813	A	T	20	26	1	1
	1	34869819	A	T	23	25	1	1
	1	34920836	A	T	19	24	1	1
	1	34936408	A	T	12	26	1	1
	1	34977813	A	T	25	27	1	1
	1	34979027	A	T	19	27	1	1
	1	34989477	A	T	28	17	1	1
	1	35154366	A	T	12	26	1	1
	1	35159531	A	T	19	23	1	1
	1	35258720	A	T	15	30	1	1
	1	35293508	A	T	23	27	1	1
	1	35376360	A	T	30	17	1	1
	1	35401778	A	T	18	22	1	1
	1	35414481	A	T	19	26	1	1
	1	35448310	A	T	22	25	1	1
	1	35479086	A	T	36	35	1	1
	1	35542719	A	T	17	30	1	1
	1	35577279	A	T	25	30	1	1
	1	35664535	A	T	19	25	1	1
	1	35686771	A	T	22	25	1	1
	1	35725967	A	T	23	21	1	1
	1	35865940	A	T	14	45	1	1
	1	35955025	A	T	20	33	1	1
	1	35973835	A	T	17	26	1	1
	1	36017344	A	T	25	19	1	1
	1	36023922	A	T	25	19	1	1
	1	36036846	A	T	19	26	1	1
	1	36039174	A	T	19	22	1	1
	1	36049830	A	T	18	32	1	1
	1	36101051	A	T	13	22	1	1
	1	36120255	A	T	20	30	1	1
	1	36120557	A	T	20	29	1	1
	1	36127965	A	T	19	22	1	1
	1	36144017	A	T	18	22	1	1
	1	36147825	A	T	21	22	1	1
	1	36148531	A	T	14	24	1	1
	1	36180940	A	T	18	25	1	1
	1	36209814	A	T	19	36	1	1
	1	36217122	A	T	24	27	1	1
	1	36227428	A	T	22	24	1	1
	1	36309984	A	T	17	32	1	1
	1	36339070	A	T	34	24	1	1
	1	36411114	A	T	20	26	1	1
	1	36445248	A	T	20	26	1	1
	1	36461480	A	T	25	29	1	1
	1	36530378	A	T	21	27	1	1
	1	36557085	A	T	11	18	1	1
	1	36558166	A	T	20	18	1	1
	1	36582544	A	T	18	26	1	1
	1	36584557	A	T	15	28	1	1
	1	36646629	A	T	19	30	1	1
	1	36672948	A	T	14	24	1	1
	1	36677228	A	T	23	24	1	1
	1	36695625	A	T	26	21	1	1
	1	36770007	A	T	21	34	1	1
	1	36800841	A	T	21	25	1	1
	1	36859731	A	T	27	22	1	1
	1	36864445	A	T	17	35	1	1
	1	36875721	A	T	26	16	1	1
	1	36907800	A	T	22	27	1	1
	1	36914586	A	T	18	29	1	1
	1	36948507	A	T	16	40	1	1
	1	36949052	A	T	17	28	1	1
	1	36951400	A	T	17	48	1	1
	1	36955274	A	T	18	29	1	1
	1	36982872	A	T	14	29	1	1
	1	36994268	A	T	16	29	1	1
	1	37026658	A	T	29	36	1	1
	1	37036348	A	T	19	20	1	1
	1	37048623	A	T	16	22	1	1
	1	37158670	A	T	15	29	1	1
	1	37164759	A	T	27	11	1	1
	1	37199295	A	T	17	30	1	1
	1	37264304	A	T	17	27	1	1
	1	37297442	A	T	20	30	1	1
	1	37317192	A	T	15	42	1	1
	1	37331445	A	T	22	29	1	1
	1	37350982	A	T	15	25	1	1
	1	37459831	A	T	19	28	1	1
	1	37519236	A	T	16	32	1	1
	1	37538598	A	T	21	24	1	1
	1	37567733	A	T	10	30	1	1
	1	37579603	A	T	19	23	1	1
	1	37742736	A	T	19	25	1	1
	1	37771241	A	T	27	32	1	1
	1	37800548	A	T	21	34	1	1
	1	37862351	A	T	12	24	1	1
	1	37936472	A	T	20	25	1	1
	1	37946744	A	T	25	19	1	1
	1	37955789	A	T	21	22	1	1
	1	37955828	A	T	15	36	1	1
	1	37984043	A	T	10	27	1	1
	1	38063834	A	T	20	24	1	1
	1	38122169	A	T	19	19	1	1
	1	38189036	A	T	22	25	1	1
	1	38256989	A	T	18	19	1	1
	1	38276554	A	T	18	30	1	1
	1	38301311	A	T	19	39	1	1
	1	38303708	A	T	9	27	1	1
	1	38315574	A	T	20	33	1	1
	1	38342917	A	T	15	13	1	1
	1	38391114	A	T	15	24	1	1
	1	38482642	A	T	23	16	1	1
	1	38507093	A	T	18	23	1	1
	1	38536024	A	T	20	25	1	1
	1	38545934	A	T	20	18	1	1
	1	38563468	A	T	18	29	1	1
	1	38617001	A	T	16	22	1	1
	1	38645535	A	T	16	27	1	1
	1	38647520	A	T	17	22	1	1
	1	38657533	A	T	29	24	1	1
	1	38713949	A	T	23	24	1	1
	1	38753123	A	T	19	16	1	1
	1	38770693	A	T	31	29	1	1
	1	38773550	A	T	23	27	1	1
	1	38775643	A	T	20	14	1	1
	1	38792518	A	T	22	32	1	1
	1	38803081	A	T	29	20	1	1
	1	38812750	A	T	13	27	1	1
	1	38829185	A	T	10	35	1	1
	1	38849390	A	T	17	32	1	1
	1	38933699	A	T	16	22	1	1
	1	38942730	A	T	17	28	1	1
	1	38977854	A	T	14	39	1	1
	1	39016065	A	T	17	28	1	1
	1	39033428	A	T	21	34	1	1
	1	39086323	A	T	19	19	1	1
	1	39102779	A	T	26	28	1	1
	1	39269466	A	T	16	33	1	1
	1	39361673	A	T	27	26	1	1
	1	39372254	A	T	23	29	1	1
	1	39414229	A	T	17	24	1	1
	1	39484939	A	T	17	21	1	1
	1	39496305	A	T	26	19	1	1
	1	39521081	A	T	19	19	1	1
	1	39536062	A	T	24	26	1	1
	1	39622104	A	T	20	24	1	1
	1	39699251	A	T	17	23	1	1
	1	39704319	A	T	25	26	1	1
	1	39775434	A	T	17	33	1	1
	1	39780738	A	T	16	33	1	1
	1	39829117	A	T	16	31	1	1
	1	40019595	A	T	28	25	1	1
	1	40074391	A	T	15	33	1	1
	1	40081051	A	T	37	22	1	1
	1	40207569	A	T	22	25	1	1
	1	40267113	A	T	20	23	1	1
	1	40289734	A	T	18	24	1	1
	1	40290709	A	T	21	22	1	1
	1	40334072	A	T	21	25	1	1
	1	40340580	A	T	7	28	1	1
	1	40393810	A	T	12	22	1	1
	1	40423539	A	T	16	33	1	1
	1	40441212	A	T	18	24	1	1
	1	40475827	A	T	12	32	1	1
	1	40543785	A	T	6	24	1	1
	1	40551193	A	T	21	23	1	1
	1	40560090	A	T	15	35	1	1
	1	40564009	A	T	15	24	1	1
	1	40567880	A	T	13	16	1	1
	1	40577796	A	T	13	23	1	1
	1	40605492	A	T	18	23	1	1
	1	40694089	A	T	18	36	1	1
	1	40760029	A	T	26	23	1	1
	1	40766529	A	T	14	19	1	1
	1	40778407	A	T	18	36	1	1
	1	40891664	A	T	13	32	1	1
	1	40909286	A	T	19	28	1	1
	1	40914436	A	T	14	22	1	1
	1	41131077	A	T	22	25	1	1
	1	41165019	A	T	19	15	1	1
	1	41173172	A	T	14	30	1	1
	1	41182718	A	T	11	31	1	1
	1	41194774	A	T	19	31	1	1
	1	41233945	A	T	21	24	1	1
	1	41236325	A	T	25	35	1	1
	1	41245319	A	T	15	24	1	1
	1	41333050	A	T	16	26	1	1
	1	41340063	A	T	13	24	1	1
	1	41374211	A	T	25	28	1	1
	1	41415140	A	T	29	24	1	1
	1	41435417	A	T	16	27	1	1
	1	41475115	A	T	15	16	1	1
	1	41588688	A	T	18	22	1	1
	1	41632446	A	T	21	23	1	1
	1	41643853	A	T	30	25	1	1
	1	41678247	A	T	16	29	1	1
	1	41804511	A	T	10	28	1	1
	1	41872979	A	T	16	21	1	1
	1	41902442	A	T	17	28	1	1
	1	41928438	A	T	21	28	1	1
	1	41967665	A	T	16	16	1	1
	1	42016414	A	T	17	23	1	1
	1	42075228	A	T	21	22	1	1
	1	42133627	A	T	16	33	1	1
	1	42141872	A	T	25	26	1	1
	1	42179758	A	T	25	31	1	1
	1	42185563	A	T	26	24	1	1
	1	42267632	A	T	13	33	1	1
	1	42343147	A	T	18	25	1	1
	1	42349823	A	T	20	27	1	1
	1	42379628	A	T	20	14	1	1
	1	42392949	A	T	17	27	1	1
	1	42476384	A	T	11	34	1	1
	1	42480322	A	T	20	23	1	1
	1	42503766	A	T	19	26	1	1
	1	42539804	A	T	12	19	1	1
	1	42622950	A	T	16	24	1	1
	1	42645475	A	T	18	23	1	1
	1	42645911	A	T	26	15	1	1
	1	42663308	A	T	20	25	1	1
	1	42665148	A	T	17	27	1	1
	1	42673908	A	T	19	21	1	1
	1	42741289	A	T	16	23	1	1
	1	42752997	A	T	17	32	1	1
	1	42760816	A	T	20	30	1	1
	1	42777844	A	T	14	37	1	1
	1	42798296	A	T	21	29	1	1
	1	42811021	A	T	18	24	1	1
	1	42821580	A	T	24	20	1	1
	1	42840045	A	T	19	20	1	1
	1	42866218	A	T	23	24	1	1
	1	42872731	A	T	26	27	1	1
	1	42887387	A	T	15	25	1	1
	1	42957256	A	T	14	25	1	1
	1	43053591	A	T	20	23	1	1
	1	43102743	A	T	19	26	1	1
	1	43233691	A	T	23	21	1	1
	1	43260850	A	T	12	41	1	1
	1	43263160	A	T	20	25	1	1
	1	43290168	A	T	25	20	1	1
	1	43443755	A	T	14	26	1	1
	1	43461753	A	T	22	28	1	1
	1	43484779	A	T	24	23	1	1
	1	43550153	A	T	16	31	1	1
	1	43565290	A	T	11	24	1	1
	1	43570631	A	T	18	29	1	1
	1	43627913	A	T	21	26	1	1
	1	43710931	A	T	17	29	1	1
	1	43772097	A	T	22	23	1	1
	1	43790789	A	T	21	34	1	1
	1	43926131	A	T	26	21	1	1
	1	43966515	A	T	17	37	1	1
	1	43984965	A	T	12	36	1	1
	1	43994927	A	T	17	31	1	1
	1	44121914	A	T	23	18	1	1
	1	44160428	A	T	17	35	1	1
	1	44170304	A	T	17	29	1	1
	1	44211856	A	T	21	23	1	1
	1	44257519	A	T	25	26	1	1
	1	44330814	A	T	27	28	1	1
	1	44436356	A	T	9	35	1	1
	1	44448097	A	T	23	21	1	1
	1	44452689	A	T	13	30	1	1
	1	44499706	A	T	28	17	1	1
	1	44556059	A	T	21	27	1	1
	1	44563721	A	T	26	30	1	1
	1	44725744	A	T	13	25	1	1
	1	44732130	A	T	25	27	1	1
	1	44742808	A	T	18	29	1	1
	1	44769603	A	T	18	27	1	1
	1	44780772	A	T	15	19	1	1
	1	44794967	A	T	29	19	1	1
	1	44830521	A	T	16	23	1	1
	1	44855927	A	T	25	24	1	1
	1	44889075	A	T	12	26	1	1
	1	44891959	A	T	22	30	1	1
	1	44938064	A	T	26	22	1	1
	1	44945640	A	T	19	22	1	1
	1	44952517	A	T	24	26	1	1
	1	44996094	A	T	26	21	1	1
	1	45011210	A	T	16	26	1	1
	1	45031075	A	T	18	37	1	1
	1	45040135	A	T	26	26	1	1
	1	45111855	A	T	23	26	1	1
	1	45137026	A	T	31	26	1	1
	1	45139053	A	T	18	26	1	1
	1	45144938	A	T	21	22	1	1
	1	45183402	A	T	26	25	1	1
	1	45187069	A	T	18	19	1	1
	1	45189067	A	T	12	28	1	1
	1	45202303	A	T	20	28	1	1
	1	45231963	A	T	15	30	1	1
	1	45269351	A	T	18	27	1	1
	1	45275929	A	T	18	27	1	1
	1	45291542	A	T	22	22	1	1
	1	45294348	A	T	24	28	1	1
	1	45294791	A	T	14	28	1	1
	1	45317193	A	T	26	30	1	1
	1	45387845	A	T	22	23	1	1
	1	45414410	A	T	21	24	1	1
	1	45532922	A	T	20	26	1	1
	1	45570530	A	T	21	28	1	1
	1	45587548	A	T	28	22	1	1
	1	45590906	A	T	12	19	1	1
	1	45594255	A	T	15	27	1	1
	1	45657846	A	T	22	21	1	1
	1	45688029	A	T	13	33	1	1
	1	45728575	A	T	23	27	1	1
	1	45729292	A	T	21	23	1	1
	1	45772442	A	T	28	27	1	1
	1	45784218	A	T	24	24	1	1
	1	45803072	A	T	16	18	1	1
	1	45827542	A	T	29	16	1	1
	1	45915962	A	T	29	15	1	1
	1	46003683	A	T	21	20	1	1
	1	46006339	A	T	8	24	1	1
	1	46012046	A	T	16	24	1	1
	1	46069281	A	T	10	30	1	1
	1	46083985	A	T	15	18	1	1
	1	46131837	A	T	19	32	1	1
	1	46157266	A	T	19	29	1	1
	1	46216623	A	T	22	24	1	1
	1	46283764	A	T	17	17	1	1
	1	46286502	A	T	23	19	1	1
	1	46323555	A	T	18	30	1	1
	1	46381590	A	T	18	20	1	1
	1	46501850	A	T	20	26	1	1
	1	46521093	A	T	16	28	1	1
	1	46539982	A	T	21	21	1	1
	1	46540455	A	T	19	23	1	1
	1	46579639	A	T	24	23	1	1
	1	46634518	A	T	23	26	1	1
	1	46642804	A	T	15	23	1	1
	1	46660203	A	T	17	23	1	1
	1	46696808	A	T	23	29	1	1
	1	46705092	A	T	18	33	1	1
	1	46774277	A	T	15	17	1	1
	1	46813070	A	T	21	23	1	1
	1	46821116	A	T	15	16	1	1
	1	46826458	A	T	27	26	1	1
	1	46896826	A	T	26	30	1	1
	1	46902898	A	T	22	26	1	1
	1	46903701	A	T	12	30	1	1
	1	46917770	A	T	14	27	1	1
	1	46929746	A	T	14	26	1	1
	1	46988841	A	T	17	24	1	1
	1	47036864	A	T	29	30	1	1
	1	47039791	A	T	20	30	1	1
	1	47081735	A	T	19	28	1	1
	1	47091532	A	T	18	28	1	1
	1	47146878	A	T	16	21	1	1
	1	47150459	A	T	20	30	1	1
	1	47179403	A	T	10	27	1	1
	1	47260545	A	T	14	24	1	1
	1	47378189	A	T	20	29	1	1
	1	47405995	A	T	18	24	1	1
	1	47448398	A	T	16	34	1	1
	1	47452104	A	T	15	38	1	1
	1	47478438	A	T	13	38	1	1
	1	47506365	A	T	18	20	1	1
	1	47539628	A	T	28	36	1	1
	1	47543339	A	T	17	27	1	1
	1	47597113	A	T	18	26	1	1
	1	47610051	A	T	24	22	1	1
	1	47615964	A	T	24	22	1	1
	1	47647792	A	T	18	32	1	1
	1	47670828	A	T	23	21	1	1
	1	47700542	A	T	18	21	1	1
	1	47706051	A	T	11	25	1	1
	1	47720322	A	T	29	16	1	1
	1	47806932	A	T	21	33	1	1
	1	47819363	A	T	18	30	1	1
	1	47927193	A	T	21	36	1	1
	1	48094065	A	T	26	26	1	1
	1	48104708	A	T	34	23	1	1
	1	48113449	A	T	11	24	1	1
	1	48146222	A	T	16	23	1	1
	1	48159181	A	T	18	24	1	1
	1	48168934	A	T	23	31	1	1
	1	48174051	A	T	16	26	1	1
	1	48203976	A	T	19	22	1	1
	1	48220578	A	T	14	27	1	1
	1	48238612	A	T	18	22	1	1
	1	48250297	A	T	26	29	1	1
	1	48377839	A	T	13	30	1	1
	1	48379448	A	T	9	22	1	1
	1	48408613	A	T	35	29	1	1
	1	48478444	A	T	15	36	1	1
	1	48501952	A	T	16	37	1	1
	1	48510121	A	T	14	18	1	1
	1	48527376	A	T	11	21	1	1
	1	48571485	A	T	20	27	1	1
	1	48573046	A	T	25	24	1	1
	1	48624181	A	T	15	33	1	1
	1	48631591	A	T	9	33	1	1
	1	48636667	A	T	12	24	1	1
	1	48640296	A	T	22	30	1	1
	1	48675120	A	T	16	15	1	1
	1	48755083	A	T	20	21	1	1
	1	48778184	A	T	25	18	1	1
	1	48844258	A	T	23	31	1	1
	1	48856813	A	T	25	25	1	1
	1	48878316	A	T	20	19	1	1
	1	48959223	A	T	17	19	1	1
	1	48995083	A	T	27	19	1	1
	1	49009221	A	T	29	12	1	1
	1	49019598	A	T	22	26	1	1
	1	49069378	A	T	12	30	1	1
	1	49075905	A	T	23	29	1	1
	1	49096832	A	T	15	25	1	1
	1	49103891	A	T	21	27	1	1
	1	49109872	A	T	29	31	1	1
	1	49130182	A	T	17	17	1	1
	1	49142665	A	T	28	32	1	1
	1	49164719	A	T	16	29	1	1
	1	49181063	A	T	18	42	1	1
	1	49246792	A	T	21	22	1	1
	1	49319927	A	T	17	25	1	1
	1	49392844	A	T	9	18	1	1
	1	49445315	A	T	22	21	1	1
	1	49445804	A	T	17	14	1	1
	1	49563723	A	T	19	22	1	1
	1	49592907	A	T	22	32	1	1
	1	49651261	A	T	12	34	1	1
	1	49663164	A	T	19	28	1	1
	1	49674027	A	T	28	23	1	1
	1	49721352	A	T	11	25	1	1
	1	49722172	A	T	22	17	1	1
	1	49741275	A	T	25	21	1	1
	1	49790896	A	T	20	23	1	1
	1	49833646	A	T	18	21	1	1
	1	49835064	A	T	12	26	1	1
	1	49882602	A	T	17	25	1	1
	1	49894116	A	T	25	31	1	1
	1	49900343	A	T	15	32	1	1
	1	49902018	A	T	18	26	1	1
	1	49946573	A	T	16	21	1	1
	1	49949727	A	T	18	25	1	1
	1	49973312	A	T	18	26	1	1
	1	50019710	A	T	14	25	1	1
	1	50031626	A	T	17	21	1	1
	1	50071574	A	T	15	31	1	1
	1	50072025	A	T	28	23	1	1
	1	50139937	A	T	15	21	1	1
	1	50227479	A	T	18	21	1	1
	1	50254575	A	T	7	27	1	1
	1	50258079	A	T	17	32	1	1
	1	50277093	A	T	15	31	1	1
	1	50311065	A	T	24	29	1	1
	1	50337709	A	T	27	21	1	1
	1	50342736	A	T	17	24	1	1
	1	50401976	A	T	20	18	1	1
	1	50415122	A	T	24	24	1	1
	1	50456176	A	T	15	23	1	1
	1	50476215	A	T	21	26	1	1
	1	50477536	A	T	17	24	1	1
	1	50485751	A	T	24	30	1	1
	1	50499132	A	T	26	15	1	1
	1	50499500	A	T	13	20	1	1
	1	50529013	A	T	20	34	1	1
	1	50575484	A	T	22	21	1	1
	1	50590518	A	T	16	26	1	1
	1	50827644	A	T	20	33	1	1
	1	50839139	A	T	14	22	1	1
	1	50855662	A	T	19	29	1	1
	1	50890766	A	T	28	29	1	1
	1	50900706	A	T	25	21	1	1
	1	50905974	A	T	15	33	1	1
	1	50910403	A	T	21	23	1	1
	1	50950607	A	T	19	38	1	1
	1	50951839	A	T	16	29	1	1
	1	50986440	A	T	24	23	1	1
	1	50996276	A	T	25	24	1	1
	1	51028144	A	T	23	26	1	1
	1	51046894	A	T	13	20	1	1
	1	51098089	A	T	12	27	1	1
	1	51106562	A	T	17	27	1	1
	1	51141339	A	T	13	19	1	1
	1	51175013	A	T	11	32	1	1
	1	51188462	A	T	23	35	1	1
	1	51256982	A	T	27	23	1	1
	1	51322641	A	T	19	24	1	1
	1	51329215	A	T	23	19	1	1
	1	51330649	A	T	14	33	1	1
	1	51351198	A	T	24	25	1	1
	1	51358708	A	T	9	32	1	1
	1	51426084	A	T	17	19	1	1
	1	51477895	A	T	13	31	1	1
	1	51547592	A	T	13	24	1	1
	1	51633196	A	T	17	23	1	1
	1	51672821	A	T	32	26	1	1
	1	51687942	A	T	21	29	1	1
	1	51695190	A	T	14	29	1	1
	1	51707646	A	T	12	32	1	1
	1	51712438	A	T	16	26	1	1
	1	51779288	A	T	23	33	1	1
	1	51781728	A	T	11	27	1	1
	1	51917480	A	T	14	31	1	1
	1	51928115	A	T	20	26	1	1
	1	51951837	A	T	21	17	1	1
	1	52030976	A	T	10	26	1	1
	1	52061453	A	T	9	15	1	1
	1	52077680	A	T	26	27	1	1
	1	52119833	A	T	16	18	1	1
	1	52200773	A	T	17	28	1	1
	1	52248518	A	T	15	28	1	1
	1	52292516	A	T	12	21	1	1
	1	52345968	A	T	27	23	1	1
	1	52366348	A	T	25	23	1	1
	1	52414394	A	T	20	27	1	1
	1	52468056	A	T	8	23	1	1
	1	52472520	A	T	18	35	1	1
	1	52500602	A	T	18	25	1	1
	1	52527914	A	T	16	32	1	1
	1	52536202	A	T	17	33	1	1
	1	52544846	A	T	23	19	1	1
	1	52584547	A	T	18	32	1	1
	1	52594820	A	T	19	32	1	1
	1	52644213	A	T	20	23	1	1
	1	52660681	A	T	18	28	1	1
	1	52661576	A	T	24	29	1	1
	1	52668693	A	T	19	26	1	1
	1	52712416	A	T	25	23	1	1
	1	52723807	A	T	23	18	1	1
	1	52727027	A	T	20	28	1	1
	1	52773146	A	T	22	20	1	1
	1	52824876	A	T	11	28	1	1
	1	52931926	A	T	20	23	1	1
	1	52954568	A	T	7	24	1	1
	1	52957388	A	T	19	29	1	1
	1	52980561	A	T	24	27	1	1
	1	52996399	A	T	23	33	1	1
	1	53021850	A	T	30	21	1	1
	1	53111306	A	T	19	26	1	1
	1	53138391	A	T	23	19	1	1
	1	53170550	A	T	16	18	1	1
	1	53182836	A	T	27	27	1	1
	1	53190573	A	T	13	25	1	1
	1	53233182	A	T	21	22	1	1
	1	53290337	A	T	15	23	1	1
	1	53303054	A	T	16	28	1	1
	1	53344552	A	T	24	22	1	1
	1	53351210	A	T	17	22	1	1
	1	53385677	A	T	24	23	1	1
	1	53401102	A	T	21	32	1	1
	1	53403783	A	T	17	22	1	1
	1	53416073	A	T	20	34	1	1
	1	53420824	A	T	22	26	1	1
	1	53461830	A	T	14	27	1	1
	1	53462598	A	T	11	35	1	1
	1	53633547	A	T	19	22	1	1
	1	53694489	A	T	21	19	1	1
	1	53777600	A	T	24	25	1	1
	1	53778260	A	T	31	23	1	1
	1	53798278	A	T	16	19	1	1
	1	53827156	A	T	17	22	1	1
	1	53867733	A	T	21	18	1	1
	1	53882812	A	T	16	23	1	1
	1	53913291	A	T	22	20	1	1
	1	53916879	A	T	29	30	1	1
	1	53918751	A	T	18	18	1	1
	1	53946399	A	T	22	18	1	1
	1	53973118	A	T	21	23	1	1
	1	54088480	A	T	23	28	1	1
	1	54093508	A	T	14	16	1	1
	1	54120421	A	T	13	27	1	1
	1	54132127	A	T	20	31	1	1
	1	54138052	A	T	24	34	1	1
	1	54143601	A	T	24	14	1	1
	1	54146704	A	T	15	34	1	1
	1	54176243	A	T	22	30	1	1
	1	54217403	A	T	17	27	1	1
	1	54219761	A	T	18	27	1	1
	1	54238506	A	T	18	24	1	1
	1	54253489	A	T	24	19	1	1
	1	54275491	A	T	33	27	1	1
	1	54283712	A	T	17	40	1	1
	1	54388759	A	T	18	26	1	1
	1	54397919	A	T	14	25	1	1
	1	54428334	A	T	15	22	1	1
	1	54465508	A	T	23	25	1	1
	1	54537404	A	T	13	36	1	1
	1	54629487	A	T	16	28	1	1
	1	54696118	A	T	22	24	1	1
	1	54727367	A	T	16	25	1	1
	1	54751136	A	T	14	27	1	1
	1	54787302	A	T	21	37	1	1
	1	54815962	A	T	23	25	1	1
	1	54834011	A	T	17	34	1	1
	1	54898238	A	T	22	32	1	1
	1	54909860	A	T	20	24	1	1
	1	54938572	A	T	20	13	1	1
	1	54942038	A	T	22	31	1	1
	1	54949503	A	T	24	26	1	1
	1	54978746	A	T	27	23	1	1
	1	54989949	A	T	13	15	1	1
	1	55049918	A	T	20	31	1	1
	1	55052514	A	T	24	27	1	1
	1	55054930	A	T	25	25	1	1
	1	55088998	A	T	19	24	1	1
	1	55110955	A	T	24	27	1	1
	1	55131853	A	T	17	24	1	1
	1	55136014	A	T	18	26	1	1
	1	55153937	A	T	16	34	1	1
	1	55266467	A	T	10	32	1	1
	1	55273221	A	T	15	29	1	1
	1	55358779	A	T	26	19	1	1
	1	55396633	A	T	26	21	1	1
	1	55398850	A	T	17	20	1	1
	1	55402350	A	T	23	14	1	1
	1	55405919	A	T	21	27	1	1
	1	55505737	A	T	20	23	1	1
	1	55525851	A	T	12	20	1	1
	1	55577321	A	T	18	26	1	1
	1	55608910	A	T	16	21	1	1
	1	55618412	A	T	21	37	1	1
	1	55631834	A	T	13	24	1	1
	1	55643520	A	T	21	22	1	1
	1	55704132	A	T	21	30	1	1
	1	55784312	A	T	22	19	1	1
	1	55794752	A	T	15	26	1	1
	1	55799590	A	T	16	26	1	1
	1	55823148	A	T	26	22	1	1
	1	55890733	A	T	17	26	1	1
	1	55895332	A	T	15	19	1	1
	1	55975045	A	T	21	17	1	1
	1	56006627	A	T	21	19	1	1
	1	56157142	A	T	23	37	1	1
	1	56182734	A	T	15	25	1	1
	1	56271267	A	T	12	32	1	1
	1	56273643	A	T	22	22	1	1
	1	56288823	A	T	23	19	1	1
	1	56478989	A	T	16	24	1	1
	1	56492761	A	T	17	39	1	1
	1	56498821	A	T	24	23	1	1
	1	56545964	A	T	33	27	1	1
	1	56575881	A	T	17	19	1	1
	1	56584886	A	T	5	24	1	1
	1	56590890	A	T	18	39	1	1
	1	56708435	A	T	16	31	1	1
	1	56774732	A	T	16	29	1	1
	1	56816329	A	T	21	31	1	1
	1	56833014	A	T	17	22	1	1
	1	56835416	A	T	28	25	1	1
	1	56870978	A	T	15	23	1	1
	1	56876392	A	T	16	29	1	1
	1	56895230	A	T	22	19	1	1
	1	57012338	A	T	26	35	1	1
	1	57035775	A	T	23	22	1	1
	1	57084435	A	T	22	30	1	1
	1	57085838	A	T	20	22	1	1
	1	57119578	A	T	13	24	1	1
	1	57130569	A	T	9	26	1	1
	1	57135363	A	T	12	28	1	1
	1	57158420	A	T	22	27	1	1
	1	57165819	A	T	19	24	1	1
	1	57181400	A	T	25	13	1	1
	1	57206555	A	T	16	34	1	1
	1	57267342	A	T	26	23	1	1
	1	57269197	A	T	13	36	1	1
	1	57272517	A	T	13	25	1	1
	1	57274052	A	T	20	37	1	1
	1	57279609	A	T	19	37	1	1
	1	57325252	A	T	21	21	1	1
	1	57344390	A	T	20	24	1	1
	1	57438233	A	T	16	28	1	1
	1	57492311	A	T	16	23	1	1
	1	57513440	A	T	15	26	1	1
	1	57579541	A	T	19	25	1	1
	1	57582914	A	T	26	26	1	1
	1	57608513	A	T	14	23	1	1
	1	57664774	A	T	22	20	1	1
	1	57665748	A	T	16	26	1	1
	1	57704583	A	T	24	20	1	1
	1	57727217	A	T	20	20	1	1
	1	57729133	A	T	17	23	1	1
	1	57735190	A	T	19	31	1	1
	1	57763469	A	T	18	14	1	1
	1	57765502	A	T	19	26	1	1
	1	57824283	A	T	20	22	1	1
	1	57860557	A	T	17	29	1	1
	1	57869310	A	T	27	23	1	1
	1	57890992	A	T	22	29	1	1
	1	57911656	A	T	20	29	1	1
	1	57934866	A	T	18	29	1	1
	1	57972492	A	T	25	29	1	1
	1	57986813	A	T	19	37	1	1
	1	58036344	A	T	16	30	1	1
	1	58047297	A	T	19	24	1	1
	1	58161277	A	T	17	28	1	1
	1	58242810	A	T	21	26	1	1
	1	58399196	A	T	20	20	1	1
	1	58408272	A	T	26	26	1	1
	1	58424357	A	T	23	24	1	1
	1	58465659	A	T	11	26	1	1
	1	58479965	A	T	21	25	1	1
	1	58506706	A	T	23	21	1	1
	1	58664695	A	T	12	36	1	1
	1	58682358	A	T	17	25	1	1
	1	58744054	A	T	32	19	1	1
	1	58751256	A	T	25	21	1	1
	1	58765027	A	T	17	22	1	1
	1	58777187	A	T	25	24	1	1
	1	58805755	A	T	22	24	1	1
	1	58807835	A	T	19	24	1	1
	1	58828326	A	T	15	28	1	1
	1	58853771	A	T	15	20	1	1
	1	58871443	A	T	19	27	1	1
	1	58873582	A	T	24	30	1	1
	1	58905703	A	T	16	19	1	1
	1	58929295	A	T	22	31	1	1
	1	59011054	A	T	25	28	1	1
	1	59126621	A	T	17	19	1	1
	1	59132709	A	T	15	28	1	1
	1	59134217	A	T	23	23	1	1
	1	59146202	A	T	17	28	1	1
	1	59186126	A	T	13	32	1	1
	1	59209934	A	T	20	30	1	1
	1	59225755	A	T	20	24	1	1
	1	59288212	A	T	13	25	1	1
	1	59445905	A	T	26	27	1	1
	1	59477435	A	T	12	25	1	1
	1	59505716	A	T	11	21	1	1
	1	59521810	A	T	21	14	1	1
	1	59548668	A	T	13	21	1	1
	1	59620597	A	T	21	30	1	1
	1	59632188	A	T	21	31	1	1
	1	59633307	A	T	15	28	1	1
	1	59639899	A	T	25	26	1	1
	1	59669313	A	T	34	34	1	1
	1	59683812	A	T	19	28	1	1
	1	59727066	A	T	19	17	1	1
	1	59806236	A	T	17	24	1	1
	1	59833080	A	T	31	34	1	1
	1	59847808	A	T	15	33	1	1
	1	59852027	A	T	11	31	1	1
	1	59856479	A	T	25	27	1	1
	1	59878710	A	T	17	28	1	1
	1	59890366	A	T	25	24	1	1
	1	59965588	A	T	14	31	1	1
	1	59975238	A	T	16	26	1	1
	1	60016704	A	T	17	32	1	1
	1	60063470	A	T	22	27	1	1
	1	60098817	A	T	16	24	1	1
	1	60105854	A	T	15	26	1	1
	1	60110180	A	T	17	20	1	1
	1	60117681	A	T	26	21	1	1
	1	60132745	A	T	17	26	1	1
	1	60145577	A	T	14	16	1	1
	1	60331559	A	T	19	18	1	1
	1	60524202	A	T	23	26	1	1
	1	60563773	A	T	21	23	1	1
	1	60635544	A	T	14	34	1	1
	1	60699585	A	T	19	34	1	1
	1	60717306	A	T	21	29	1	1
	1	60728775	A	T	18	20	1	1
	1	60745547	A	T	8	33	1	1
	1	60782129	A	T	18	22	1	1
	1	60807288	A	T	18	29	1	1
	1	60895312	A	T	14	23	1	1
	1	60909446	A	T	18	22	1	1
	1	60927658	A	T	21	26	1	1
	1	61002121	A	T	18	27	1	1
	1	61028421	A	T	11	25	1	1
	1	61058715	A	T	15	24	1	1
	1	61066156	A	T	23	26	1	1
	1	61084374	A	T	25	24	1	1
	1	61126143	A	T	18	26	1	1
	1	61167463	A	T	17	22	1	1
	1	61169540	A	T	16	21	1	1
	1	61187185	A	T	19	31	1	1
	1	61254279	A	T	23	31	1	1
	1	61403553	A	T	20	25	1	1
	1	61426413	A	T	18	29	1	1
	1	61457308	A	T	27	16	1	1
	1	61582974	A	T	21	25	1	1
	1	61597187	A	T	20	37	1	1
	1	61601448	A	T	23	23	1	1
	1	61713154	A	T	15	38	1	1
	1	61742379	A	T	23	23	1	1
	1	61760167	A	T	18	17	1	1
	1	61800036	A	T	24	20	1	1
	1	61834670	A	T	21	27	1	1
	1	61838298	A	T	21	26	1	1
	1	61844764	A	T	31	24	1	1
	1	61907887	A	T	21	29	1	1
	1	61916356	A	T	24	23	1	1
	1	61926324	A	T	17	26	1	1
	1	61944879	A	T	22	21	1	1
	1	62020162	A	T	19	30	1	1
	1	62037184	A	T	19	23	1	1
	1	62050501	A	T	11	28	1	1
	1	62096016	A	T	17	31	1	1
	1	62131565	A	T	26	27	1	1
	1	62174481	A	T	22	30	1	1
	1	62181652	A	T	26	18	1	1
	1	62224379	A	T	18	26	1	1
	1	62302340	A	T	16	21	1	1
	1	62354833	A	T	18	28	1	1
	1	62382123	A	T	19	28	1	1
	1	62456646	A	T	24	27	1	1
	1	62481934	A	T	21	20	1	1
	1	62490544	A	T	24	33	1	1
	1	62494096	A	T	19	22	1	1
	1	62501183	A	T	25	21	1	1
	1	62619201	A	T	17	18	1	1
	1	62622273	A	T	25	29	1	1
	1	62678154	A	T	22	30	1	1
	1	62684731	A	T	26	17	1	1
	1	62690925	A	T	16	16	1	1
	1	62737270	A	T	22	17	1	1
	1	62868086	A	T	22	28	1	1
	1	62894326	A	T	11	24	1	1
	1	62918432	A	T	21	33	1	1
	1	62931852	A	T	21	31	1	1
	1	63071455	A	T	24	26	1	1
	1	63104434	A	T	14	21	1	1
	1	63110593	A	T	19	30	1	1
	1	63111914	A	T	16	30	1	1
	1	63142515	A	T	30	19	1	1
	1	63159321	A	T	20	21	1	1
	1	63194322	A	T	18	19	1	1
	1	63210468	A	T	21	19	1	1
	1	63220232	A	T	28	22	1	1
	1	63276385	A	T	16	20	1	1
	1	63279014	A	T	18	23	1	1
	1	63281307	A	T	18	27	1	1
	1	63301840	A	T	11	30	1	1
	1	63317390	A	T	15	28	1	1
	1	63339477	A	T	15	22	1	1
	1	63396679	A	T	20	30	1	1
	1	63453567	A	T	23	33	1	1
	1	63459756	A	T	19	20	1	1
	1	63480478	A	T	18	25	1	1
	1	63527732	A	T	17	26	1	1
	1	63543344	A	T	17	22	1	1
	1	63605842	A	T	23	33	1	1
	1	63617907	A	T	13	30	1	1
	1	63647091	A	T	20	31	1	1
	1	63647636	A	T	13	26	1	1
	1	63725339	A	T	16	20	1	1
	1	63745873	A	T	14	23	1	1
	1	63752511	A	T	10	19	1	1
	1	63847837	A	T	16	30	1	1
	1	63886420	A	T	21	18	1	1
	1	63894275	A	T	10	27	1	1
	1	63910989	A	T	9	24	1	1
	1	63929626	A	T	21	36	1	1
	1	63936725	A	T	24	26	1	1
	1	63958816	A	T	20	26	1	1
	1	63959604	A	T	9	39	1	1
	1	64014149	A	T	21	22	1	1
	1	64049749	A	T	19	22	1	1
	1	64049993	A	T	29	26	1	1
	1	64052616	A	T	16	29	1	1
	1	64075343	A	T	25	35	1	1
	1	64108375	A	T	27	21	1	1
	1	64122744	A	T	5	38	1	1
	1	64124281	A	T	13	19	1	1
	1	64135582	A	T	8	20	1	1
	1	64190239	A	T	20	29	1	1
	1	64206079	A	T	14	38	1	1
	1	64275419	A	T	21	31	1	1
	1	64320429	A	T	24	26	1	1
	1	64328728	A	T	19	32	1	1
	1	64394430	A	T	19	33	1	1
	1	64415370	A	T	12	28	1	1
	1	64418101	A	T	19	29	1	1
	1	64457185	A	T	16	21	1	1
	1	64493419	A	T	17	42	1	1
	1	64513667	A	T	18	18	1	1
	1	64527337	A	T	12	24	1	1
	1	64619230	A	T	17	28	1	1
	1	64692983	A	T	17	29	1	1
	1	64817599	A	T	15	29	1	1
	1	64826878	A	T	24	35	1	1
	1	64836567	A	T	16	25	1	1
	1	64880728	A	T	26	19	1	1
	1	64902175	A	T	27	23	1	1
	1	64918213	A	T	19	24	1	1
	1	64919666	A	T	10	30	1	1
	1	64937093	A	T	15	27	1	1
	1	64949750	A	T	20	35	1	1
	1	64969965	A	T	24	34	1	1
	1	64988606	A	T	29	26	1	1
	1	64989916	A	T	26	31	1	1
	1	65027140	A	T	11	25	1	1
	1	65028630	A	T	22	38	1	1
	1	65056042	A	T	16	22	1	1
	1	65172154	A	T	15	31	1	1
	1	65255611	A	T	15	29	1	1
	1	65262349	A	T	21	20	1	1
	1	65309832	A	T	12	31	1	1
	1	65313710	A	T	22	26	1	1
	1	65352471	A	T	12	32	1	1
	1	65469491	A	T	32	33	1	1
	1	65480305	A	T	17	37	1	1
	1	65494594	A	T	24	32	1	1
	1	65498966	A	T	21	32	1	1
	1	65519712	A	T	28	37	1	1
	1	65568054	A	T	14	30	1	1
	1	65595150	A	T	29	21	1	1
	1	65640109	A	T	25	13	1	1
	1	65664755	A	T	21	22	1	1
	1	65685421	A	T	24	23	1	1
	1	65691292	A	T	13	20	1	1
	1	65717204	A	T	14	29	1	1
	1	65758135	A	T	34	27	1	1
	1	65766789	A	T	25	30	1	1
	1	65834702	A	T	20	26	1	1
	1	65858673	A	T	18	26	1	1
	1	65881341	A	T	10	38	1	1
	1	65883257	A	T	15	28	1	1
	1	65921302	A	T	19	36	1	1
	1	65956675	A	T	18	20	1	1
	1	66086151	A	T	18	30	1	1
	1	66092469	A	T	18	35	1	1
	1	66135528	A	T	24	22	1	1
	1	66152969	A	T	23	29	1	1
	1	66202818	A	T	21	32	1	1
	1	66203761	A	T	12	24	1	1
	1	66212603	A	T	17	32	1	1
	1	66215042	A	T	21	30	1	1
	1	66234645	A	T	15	24	1	1
	1	66251259	A	T	21	16	1	1
	1	66280135	A	T	28	17	1	1
	1	66282936	A	T	30	30	1	1
	1	66283196	A	T	15	43	1	1
	1	66289686	A	T	20	25	1	1
	1	66305185	A	T	10	28	1	1
	1	66312404	A	T	23	17	1	1
	1	66483123	A	T	22	21	1	1
	1	66501250	A	T	18	24	1	1
	1	66576476	A	T	11	28	1	1
	1	66586628	A	T	13	17	1	1
	1	66636217	A	T	18	24	1	1
	1	66702955	A	T	24	27	1	1
	1	66703609	A	T	21	27	1	1
	1	66739956	A	T	15	28	1	1
	1	66763169	A	T	28	16	1	1
	1	66773127	A	T	20	20	1	1
	1	66838841	A	T	19	27	1	1
	1	66861361	A	T	13	33	1	1
	1	66926700	A	T	24	23	1	1
	1	66957191	A	T	23	23	1	1
	1	66970281	A	T	29	29	1	1
	1	66994938	A	T	13	18	1	1
	1	67001655	A	T	18	21	1	1
	1	67004372	A	T	18	22	1	1
	1	67015943	A	T	19	31	1	1
	1	67042663	A	T	19	14	1	1
	1	67067526	A	T	14	16	1	1
	1	67071506	A	T	15	24	1	1
	1	67136422	A	T	18	31	1	1
	1	67142193	A	T	20	23	1	1
	1	67148274	A	T	29	29	1	1
	1	67169241	A	T	25	21	1	1
	1	67194891	A	T	29	30	1	1
	1	67219229	A	T	16	30	1	1
	1	67220920	A	T	18	36	1	1
	1	67225079	A	T	22	23	1	1
	1	67259096	A	T	17	30	1	1
	1	67287446	A	T	14	29	1	1
	1	67333222	A	T	19	26	1	1
	1	67347036	A	T	23	26	1	1
	1	67452714	A	T	24	24	1	1
	1	67477052	A	T	14	19	1	1
	1	67504747	A	T	16	35	1	1
	1	67530329	A	T	15	37	1	1
	1	67534188	A	T	17	21	1	1
	1	67578530	A	T	19	26	1	1
	1	67594031	A	T	10	38	1	1
	1	67600889	A	T	20	18	1	1
	1	67625148	A	T	18	25	1	1
	1	67628131	A	T	19	28	1	1
	1	67642858	A	T	19	20	1	1
	1	67660496	A	T	18	17	1	1
	1	67665160	A	T	10	24	1	1
	1	67722705	A	T	15	25	1	1
	1	67791258	A	T	11	34	1	1
	1	67870917	A	T	21	22	1	1
	1	67872179	A	T	13	32	1	1
	1	67906579	A	T	17	30	1	1
	1	67946842	A	T	16	25	1	1
	1	67948447	A	T	24	23	1	1
	1	67997273	A	T	11	18	1	1
	1	68001368	A	T	21	30	1	1
	1	68001376	A	T	19	33	1	1
	1	68072801	A	T	11	22	1	1
	1	68123815	A	T	19	34	1	1
	1	68184242	A	T	23	31	1	1
	1	68206014	A	T	17	24	1	1
	1	68281153	A	T	18	27	1	1
	1	68325481	A	T	19	21	1	1
	1	68385641	A	T	23	24	1	1
	1	68554475	A	T	16	33	1	1
	1	68566121	A	T	17	30	1	1
	1	68569750	A	T	28	22	1	1
	1	68607459	A	T	16	31	1	1
	1	68691235	A	T	20	21	1	1
	1	68753899	A	T	19	28	1	1
	1	68762910	A	T	18	23	1	1
	1	68768378	A	T	19	29	1	1
	1	68798753	A	T	24	23	1	1
	1	68889996	A	T	22	29	1	1
	1	68897647	A	T	29	34	1	1
	1	68927876	A	T	14	22	1	1
	1	68957287	A	T	21	21	1	1
	1	68964305	A	T	20	24	1	1
	1	68976617	A	T	17	30	1	1
	1	68991699	A	T	16	20	1	1
	1	69004425	A	T	32	24	1	1
	1	69008195	A	T	29	26	1	1
	1	69024761	A	T	13	28	1	1
	1	69173456	A	T	17	20	1	1
	1	69178695	A	T	30	20	1	1
	1	69199327	A	T	17	21	1	1
	1	69269855	A	T	17	31	1	1
	1	69270236	A	T	19	24	1	1
	1	69274624	A	T	29	23	1	1
	1	69282423	A	T	26	25	1	1
	1	69317252	A	T	8	35	1	1
	1	69324908	A	T	18	28	1	1
	1	69352881	A	T	22	34	1	1
	1	69408290	A	T	25	16	1	1
	1	69437763	A	T	9	24	1	1
	1	69584777	A	T	16	27	1	1
	1	69607483	A	T	17	25	1	1
	1	69608806	A	T	23	29	1	1
	1	69622045	A	T	12	35	1	1
	1	69632275	A	T	22	20	1	1
	1	69651089	A	T	11	33	1	1
	1	69682747	A	T	20	18	1	1
	1	69684035	A	T	14	42	1	1
	1	69814672	A	T	14	22	1	1
	1	69898248	A	T	16	19	1	1
	1	70009993	A	T	17	16	1	1
	1	70024659	A	T	22	19	1	1
	1	70064381	A	T	12	25	1	1
	1	70070588	A	T	16	35	1	1
	1	70103570	A	T	23	23	1	1
	1	70119497	A	T	20	20	1	1
	1	70125552	A	T	19	34	1	1
	1	70202071	A	T	26	25	1	1
	1	70237173	A	T	21	25	1	1
	1	70237734	A	T	21	25	1	1
	1	70283879	A	T	24	20	1	1
	1	70290315	A	T	24	15	1	1
	1	70294233	A	T	17	29	1	1
	1	70348609	A	T	15	12	1	1
	1	70372575	A	T	16	27	1	1
	1	70375107	A	T	16	26	1	1
	1	70406227	A	T	10	16	1	1
	1	70426782	A	T	29	22	1	1
	1	70432606	A	T	21	20	1	1
	1	70465953	A	T	18	29	1	1
	1	70497711	A	T	14	20	1	1
	1	70506461	A	T	18	24	1	1
	1	70516231	A	T	11	15	1	1
	1	70538572	A	T	17	27	1	1
	1	70591369	A	T	23	32	1	1
	1	70604240	A	T	19	27	1	1
	1	70614311	A	T	22	25	1	1
	1	70620205	A	T	19	25	1	1
	1	70633995	A	T	22	20	1	1
	1	70651866	A	T	21	21	1	1
	1	70660338	A	T	24	21	1	1
	1	70669432	A	T	23	24	1	1
	1	70702466	A	T	17	29	1	1
	1	70721815	A	T	26	28	1	1
	1	70726294	A	T	22	15	1	1
	1	70760056	A	T	24	21	1	1
	1	70770290	A	T	32	27	1	1
	1	70784141	A	T	25	25	1	1
	1	70809197	A	T	33	31	1	1
	1	70936612	A	T	21	27	1	1
	1	70965346	A	T	14	29	1	1
	1	71005827	A	T	12	26	1	1
	1	71033524	A	T	18	25	1	1
	1	71050427	A	T	16	20	1	1
	1	71087885	A	T	15	31	1	1
	1	71147594	A	T	22	24	1	1
	1	71187012	A	T	20	22	1	1
	1	71313150	A	T	23	23	1	1
	1	71341619	A	T	35	18	1	1
	1	71378262	A	T	16	21	1	1
	1	71386001	A	T	18	29	1	1
	1	71418406	A	T	12	33	1	1
	1	71428890	A	T	18	18	1	1
	1	71433690	A	T	15	17	1	1
	1	71537757	A	T	15	23	1	1
	1	71539964	A	T	17	19	1	1
	1	71549384	A	T	24	31	1	1
	1	71620906	A	T	16	22	1	1
	1	71641392	A	T	26	20	1	1
	1	71672502	A	T	20	23	1	1
	1	71722027	A	T	27	23	1	1
	1	71725338	A	T	19	27	1	1
	1	71785445	A	T	17	19	1	1
	1	71794635	A	T	12	18	1	1
	1	71797415	A	T	33	24	1	1
	1	71829846	A	T	14	20	1	1
	1	71865343	A	T	21	35	1	1
	1	71871660	A	T	23	28	1	1
	1	71886732	A	T	20	26	1	1
	1	71915302	A	T	15	25	1	1
	1	71973940	A	T	18	30	1	1
	1	71974208	A	T	24	23	1	1
	1	71981590	A	T	20	20	1	1
	1	72070470	A	T	12	21	1	1
	1	72114871	A	T	19	21	1	1
	1	72120043	A	T	21	17	1	1
	1	72143977	A	T	10	30	1	1
	1	72152164	A	T	16	28	1	1
	1	72154281	A	T	25	32	1	1
	1	72159814	A	T	22	28	1	1
	1	72194983	A	T	23	32	1	1
	1	72249092	A	T	13	20	1	1
	1	72250184	A	T	41	24	1	1
	1	72303203	A	T	18	30	1	1
	1	72328313	A	T	22	22	1	1
	1	72338398	A	T	13	32	1	1
	1	72418239	A	T	23	21	1	1
	1	72535274	A	T	21	32	1	1
	1	72548258	A	T	21	32	1	1
	1	72551660	A	T	18	27	1	1
	1	72597767	A	T	23	20	1	1
	1	72627283	A	T	27	21	1	1
	1	72658600	A	T	15	26	1	1
	1	72704112	A	T	12	33	1	1
	1	72745886	A	T	16	24	1	1
	1	72774388	A	T	18	23	1	1
	1	72779448	A	T	19	35	1	1
	1	72782340	A	T	16	30	1	1
	1	72783907	A	T	26	21	1	1
	1	72935618	A	T	25	29	1	1
	1	72944930	A	T	23	33	1	1
	1	72947786	A	T	21	21	1	1
	1	73045604	A	T	14	46	1	1
	1	73111454	A	T	16	26	1	1
	1	73117566	A	T	20	23	1	1
	1	73118044	A	T	20	18	1	1
	1	73136951	A	T	16	35	1	1
	1	73180333	A	T	16	25	1	1
	1	73187126	A	T	16	26	1	1
	1	73291912	A	T	11	27	1	1
	1	73292016	A	T	18	23	1	1
	1	73294086	A	T	30	27	1	1
	1	73297089	A	T	29	22	1	1
	1	73306032	A	T	17	26	1	1
	1	73313915	A	T	9	25	1	1
	1	73434121	A	T	17	23	1	1
	1	73434343	A	T	21	19	1	1
	1	73452362	A	T	25	26	1	1
	1	73469730	A	T	13	29	1	1
	1	73488295	A	T	15	30	1	1
	1	73537566	A	T	18	25	1	1
	1	73586039	A	T	29	18	1	1
	1	73663660	A	T	24	24	1	1
	1	73719557	A	T	16	22	1	1
	1	73742896	A	T	18	18	1	1
	1	73748258	A	T	11	22	1	1
	1	73785022	A	T	22	26	1	1
	1	73785191	A	T	27	17	1	1
	1	73790898	A	T	18	36	1	1
	1	73815811	A	T	26	19	1	1
	1	73832114	A	T	14	33	1	1
	1	73847330	A	T	19	26	1	1
	1	73905800	A	T	22	28	1	1
	1	73907502	A	T	19	18	1	1
	1	73934248	A	T	16	32	1	1
	1	73966106	A	T	18	20	1	1
	1	73987856	A	T	22	28	1	1
	1	74007602	A	T	15	31	1	1
	1	74040109	A	T	8	32	1	1
	1	74073561	A	T	14	34	1	1
	1	74097236	A	T	24	22	1	1
	1	74097368	A	T	12	25	1	1
	1	74109538	A	T	17	22	1	1
	1	74118889	A	T	15	36	1	1
	1	74247915	A	T	24	29	1	1
	1	74269733	A	T	20	19	1	1
	1	74299643	A	T	25	21	1	1
	1	74326566	A	T	15	24	1	1
	1	74353851	A	T	15	25	1	1
	1	74384469	A	T	21	27	1	1
	1	74429766	A	T	19	27	1	1
	1	74444363	A	T	23	22	1	1
	1	74457238	A	T	18	31	1	1
	1	74461072	A	T	10	25	1	1
	1	74491709	A	T	19	28	1	1
	1	74574136	A	T	19	29	1	1
	1	74684634	A	T	19	24	1	1
	1	74693936	A	T	26	28	1	1
	1	74707594	A	T	18	22	1	1
	1	74728029	A	T	18	29	1	1
	1	74744968	A	T	22	24	1	1
	1	74764184	A	T	18	33	1	1
	1	74767959	A	T	18	29	1	1
	1	74847516	A	T	20	28	1	1
	1	74869096	A	T	18	20	1	1
	1	74878905	A	T	22	35	1	1
	1	74907960	A	T	21	26	1	1
	1	74915105	A	T	19	26	1	1
	1	74916702	A	T	16	20	1	1
	1	74924196	A	T	18	23	1	1
	1	75034875	A	T	15	24	1	1
	1	75041011	A	T	12	20	1	1
	1	75066471	A	T	14	23	1	1
	1	75086342	A	T	20	19	1	1
	1	75110415	A	T	24	22	1	1
	1	75129026	A	T	21	18	1	1
	1	75174621	A	T	27	24	1	1
	1	75179347	A	T	10	35	1	1
	1	75199329	A	T	15	28	1	1
	1	75235000	A	T	21	19	1	1
	1	75242713	A	T	14	30	1	1
	1	75267760	A	T	21	30	1	1
	1	75288412	A	T	19	16	1	1
	1	75304733	A	T	19	31	1	1
	1	75518114	A	T	12	28	1	1
	1	75529966	A	T	23	26	1	1
	1	75548490	A	T	26	30	1	1
	1	75584197	A	T	16	39	1	1
	1	75628547	A	T	13	24	1	1
	1	75673542	A	T	19	25	1	1
	1	75686862	A	T	18	26	1	1
	1	75747984	A	T	18	27	1	1
	1	75781905	A	T	20	28	1	1
	1	75895852	A	T	23	21	1	1
	1	75900229	A	T	21	15	1	1
	1	75944406	A	T	18	28	1	1
	1	76018774	A	T	22	25	1	1
	1	76053527	A	T	14	38	1	1
	1	76059922	A	T	22	32	1	1
	1	76082683	A	T	31	18	1	1
	1	76091529	A	T	10	29	1	1
	1	76106711	A	T	22	29	1	1
	1	76132515	A	T	12	20	1	1
	1	76154579	A	T	21	26	1	1
	1	76171743	A	T	22	20	1	1
	1	76190614	A	T	18	25	1	1
	1	76205216	A	T	14	29	1	1
	1	76212674	A	T	27	25	1	1
	1	76214438	A	T	23	26	1	1
	1	76233782	A	T	20	22	1	1
	1	76244335	A	T	22	24	1	1
	1	76297515	A	T	28	18	1	1
	1	76330797	A	T	21	26	1	1
	1	76349010	A	T	23	21	1	1
	1	76399165	A	T	14	31	1	1
	1	76412161	A	T	21	30	1	1
	1	76414331	A	T	19	25	1	1
	1	76430016	A	T	18	37	1	1
	1	76506430	A	T	12	21	1	1
	1	76530863	A	T	14	25	1	1
	1	76556684	A	T	15	30	1	1
	1	76557918	A	T	15	29	1	1
	1	76652117	A	T	22	32	1	1
	1	76686487	A	T	22	24	1	1
	1	76729162	A	T	22	29	1	1
	1	76731767	A	T	25	24	1	1
	1	76765286	A	T	27	22	1	1
	1	76786524	A	T	21	25	1	1
	1	76853401	A	T	20	23	1	1
	1	76940047	A	T	16	30	1	1
	1	76947092	A	T	23	27	1	1
	1	76969921	A	T	18	31	1	1
	1	77016140	A	T	14	25	1	1
	1	77032908	A	T	16	26	1	1
	1	77099761	A	T	19	17	1	1
	1	77153111	A	T	13	23	1	1
	1	77186801	A	T	20	21	1	1
	1	77224256	A	T	15	22	1	1
	1	77242114	A	T	24	29	1	1
	1	77390017	A	T	23	32	1	1
	1	77401539	A	T	23	40	1	1
	1	77406288	A	T	20	26	1	1
	1	77433077	A	T	14	23	1	1
	1	77443768	A	T	24	20	1	1
	1	77475374	A	T	17	22	1	1
	1	77504950	A	T	14	30	1	1
	1	77517548	A	T	16	28	1	1
	1	77561312	A	T	29	21	1	1
	1	77578683	A	T	15	27	1	1
	1	77578726	A	T	18	29	1	1
	1	77652058	A	T	18	28	1	1
	1	77659286	A	T	17	21	1	1
	1	77666342	A	T	15	29	1	1
	1	77771102	A	T	25	19	1	1
	1	77989225	A	T	16	26	1	1
	1	78004866	A	T	25	21	1	1
	1	78059641	A	T	17	17	1	1
	1	78097615	A	T	17	29	1	1
	1	78109770	A	T	5	36	1	1
	1	78136395	A	T	26	25	1	1
	1	78144302	A	T	12	36	1	1
	1	78152743	A	T	10	19	1	1
	1	78153390	A	T	23	33	1	1
	1	78169761	A	T	19	27	1	1
	1	78191255	A	T	19	29	1	1
	1	78265405	A	T	23	31	1	1
	1	78303152	A	T	24	25	1	1
	1	78364191	A	T	22	20	1	1
	1	78398759	A	T	22	31	1	1
	1	78406183	A	T	28	22	1	1
	1	78468928	A	T	21	31	1	1
	1	78490659	A	T	37	24	1	1
	1	78536973	A	T	15	25	1	1
	1	78561274	A	T	9	27	1	1
	1	78622330	A	T	20	21	1	1
	1	78627009	A	T	20	29	1	1
	1	78642787	A	T	16	36	1	1
	1	78658452	A	T	16	30	1	1
	1	78735052	A	T	21	21	1	1
	1	78777199	A	T	22	20	1	1
	1	78789765	A	T	15	30	1	1
	1	78793458	A	T	21	25	1	1
	1	78888524	A	T	21	28	1	1
	1	78914316	A	T	22	30	1	1
	1	78945347	A	T	18	22	1	1
	1	78952698	A	T	21	27	1	1
	1	78953797	A	T	19	30	1	1
	1	79000751	A	T	22	10	1	1
	1	79013710	A	T	15	27	1	1
	1	79049188	A	T	23	11	1	1
	1	79106940	A	T	13	36	1	1
	1	79162736	A	T	15	22	1	1
	1	79184484	A	T	18	22	1	1
	1	79208681	A	T	20	27	1	1
	1	79219421	A	T	18	27	1	1
	1	79327024	A	T	12	38	1	1
	1	79357154	A	T	25	29	1	1
	1	79372014	A	T	14	29	1	1
	1	79396951	A	T	24	27	1	1
	1	79401561	A	T	16	27	1	1
	1	79467424	A	T	22	29	1	1
	1	79487630	A	T	19	20	1	1
	1	79526529	A	T	22	29	1	1
	1	79536572	A	T	19	24	1	1
	1	79556544	A	T	21	33	1	1
	1	79585600	A	T	18	18	1	1
	1	79630827	A	T	23	25	1	1
	1	79646741	A	T	11	28	1	1
	1	79665210	A	T	29	19	1	1
	1	79704173	A	T	21	28	1	1
	1	79785561	A	T	19	33	1	1
	1	79802955	A	T	25	22	1	1
	1	79816229	A	T	17	22	1	1
	1	79819447	A	T	23	27	1	1
	1	79843022	A	T	20	21	1	1
	1	79874460	A	T	20	20	1	1
	1	79895197	A	T	18	23	1	1
	1	79923137	A	T	24	26	1	1
	1	79977413	A	T	24	35	1	1
	1	79995261	A	T	21	29	1	1
	1	80006283	A	T	19	25	1	1
	1	80118552	A	T	18	28	1	1
	1	80143729	A	T	16	22	1	1
	1	80195383	A	T	14	25	1	1
	1	80265115	A	T	23	22	1	1
	1	80302193	A	T	14	36	1	1
	1	80313305	A	T	12	22	1	1
	1	80442885	A	T	15	28	1	1
	1	80459458	A	T	25	22	1	1
	1	80525501	A	T	11	25	1	1
	1	80531251	A	T	24	17	1	1
	1	80571943	A	T	13	33	1	1
	1	80581334	A	T	16	17	1	1
	1	80581626	A	T	26	29	1	1
	1	80583564	A	T	22	17	1	1
	1	80701147	A	T	15	32	1	1
	1	80715267	A	T	11	27	1	1
	1	80754687	A	T	6	31	1	1
	1	80766217	A	T	17	10	1	1
	1	80780169	A	T	12	27	1	1
	1	80818823	A	T	17	25	1	1
	1	80882544	A	T	14	20	1	1
	1	80976007	A	T	16	27	1	1
	1	80983024	A	T	17	22	1	1
	1	80997396	A	T	19	29	1	1
	1	81029050	A	T	24	32	1	1
	1	81036224	A	T	21	19	1	1
	1	81054328	A	T	12	27	1	1
	1	81091257	A	T	16	30	1	1
	1	81130319	A	T	19	31	1	1
	1	81140965	A	T	10	28	1	1
	1	81155034	A	T	16	27	1	1
	1	81184406	A	T	23	28	1	1
	1	81220001	A	T	13	23	1	1
	1	81221720	A	T	20	25	1	1
	1	81310738	A	T	12	36	1	1
	1	81322225	A	T	19	10	1	1
	1	81373259	A	T	8	31	1	1
	1	81407667	A	T	20	27	1	1
	1	81409798	A	T	11	22	1	1
	1	81428757	A	T	18	23	1	1
	1	81451448	A	T	16	24	1	1
	1	81453012	A	T	11	24	1	1
	1	81462164	A	T	21	25	1	1
	1	81464734	A	T	28	30	1	1
	1	81541399	A	T	23	17	1	1
	1	81628312	A	T	20	22	1	1
	1	81669589	A	T	19	26	1	1
	1	81695342	A	T	19	25	1	1
	1	81730315	A	T	17	36	1	1
	1	81752167	A	T	14	26	1	1
	1	81752732	A	T	26	24	1	1
	1	81803812	A	T	24	15	1	1
	1	81832139	A	T	25	19	1	1
	1	81866457	A	T	27	21	1	1
	1	81911895	A	T	16	44	1	1
	1	81957475	A	T	18	22	1	1
	1	81968126	A	T	24	27	1	1
	1	81987238	A	T	21	22	1	1
	1	82006492	A	T	10	38	1	1
	1	82009376	A	T	26	22	1	1
	1	82077778	A	T	15	24	1	1
	1	82092536	A	T	23	31	1	1
	1	82183003	A	T	23	24	1	1
	1	82273310	A	T	23	28	1	1
	1	82285077	A	T	20	31	1	1
	1	82323988	A	T	21	18	1	1
	1	82346202	A	T	19	19	1	1
	1	82425412	A	T	16	24	1	1
	1	82429824	A	T	14	19	1	1
	1	82466995	A	T	17	25	1	1
	1	82475124	A	T	26	26	1	1
	1	82534337	A	T	18	30	1	1
	1	82542141	A	T	16	24	1	1
	1	82579042	A	T	17	29	1	1
	1	82593706	A	T	11	24	1	1
	1	82629566	A	T	14	27	1	1
	1	82645920	A	T	16	30	1	1
	1	82648397	A	T	16	21	1	1
	1	82657982	A	T	12	30	1	1
	1	82697386	A	T	35	26	1	1
	1	82723985	A	T	10	33	1	1
	1	82748863	A	T	28	23	1	1
	1	82776092	A	T	14	37	1	1
	1	82782621	A	T	25	25	1	1
	1	82806546	A	T	16	31	1	1
	1	82842566	A	T	12	29	1	1
	1	82843302	A	T	15	18	1	1
	1	82899912	A	T	16	35	1	1
	1	82970210	A	T	19	32	1	1
	1	82983895	A	T	16	25	1	1
	1	82997842	A	T	18	24	1	1
	1	83044472	A	T	26	25	1	1
	1	83150324	A	T	26	28	1	1
	1	83155748	A	T	22	25	1	1
	1	83158150	A	T	20	24	1	1
	1	83171222	A	T	26	15	1	1
	1	83186935	A	T	11	22	1	1
	1	83224191	A	T	22	21	1	1
	1	83306800	A	T	26	27	1	1
	1	83332267	A	T	16	21	1	1
	1	83392247	A	T	19	21	1	1
	1	83464881	A	T	14	28	1	1
	1	83470832	A	T	21	20	1	1
	1	83495296	A	T	23	22	1	1
	1	83508511	A	T	13	35	1	1
	1	83539748	A	T	9	25	1	1
	1	83555098	A	T	28	24	1	1
	1	83562123	A	T	17	20	1	1
	1	83601958	A	T	26	24	1	1
	1	83649163	A	T	20	37	1	1
	1	83656907	A	T	25	23	1	1
	1	83686928	A	T	22	27	1	1
	1	83716504	A	T	18	23	1	1
	1	83730362	A	T	20	19	1	1
	1	83748446	A	T	16	23	1	1
	1	83815144	A	T	31	17	1	1
	1	83815649	A	T	19	30	1	1
	1	83830498	A	T	22	30	1	1
	1	83832151	A	T	27	28	1	1
	1	83846750	A	T	20	25	1	1
	1	83903709	A	T	21	24	1	1
	1	84012364	A	T	8	23	1	1
	1	84098576	A	T	23	23	1	1
	1	84130425	A	T	32	16	1	1
	1	84153968	A	T	24	31	1	1
	1	84165326	A	T	18	29	1	1
	1	84194746	A	T	20	22	1	1
	1	84318468	A	T	18	23	1	1
	1	84324099	A	T	11	15	1	1
	1	84326185	A	T	17	28	1	1
	1	84379930	A	T	19	26	1	1
	1	84406185	A	T	20	35	1	1
	1	84461808	A	T	25	28	1	1
	1	84490188	A	T	19	20	1	1
	1	84492805	A	T	22	22	1	1
	1	84507908	A	T	20	25	1	1
	1	84553076	A	T	34	24	1	1
	1	84569661	A	T	17	22	1	1
	1	84574977	A	T	15	28	1	1
	1	84621396	A	T	26	15	1	1
	1	84678319	A	T	22	19	1	1
	1	84692305	A	T	20	33	1	1
	1	84706212	A	T	19	27	1	1
	1	84726956	A	T	25	20	1	1
	1	84743845	A	T	17	27	1	1
	1	84766789	A	T	17	33	1	1
	1	84784832	A	T	27	21	1	1
	1	84812169	A	T	14	33	1	1
	1	84863008	A	T	20	41	1	1
	1	84945100	A	T	16	25	1	1
	1	84951959	A	T	18	33	1	1
	1	85079432	A	T	23	23	1	1
	1	85102410	A	T	13	23	1	1
	1	85125532	A	T	18	24	1	1
	1	85150887	A	T	19	22	1	1
	1	85239478	A	T	20	26	1	1
	1	85259041	A	T	26	15	1	1
	1	85261301	A	T	19	24	1	1
	1	85262519	A	T	15	26	1	1
	1	85265955	A	T	20	17	1	1
	1	85292782	A	T	18	22	1	1
	1	85340161	A	T	13	27	1	1
	1	85394561	A	T	16	30	1	1
	1	85422334	A	T	16	17	1	1
	1	85462599	A	T	27	24	1	1
	1	85468148	A	T	15	23	1	1
	1	85490906	A	T	27	18	1	1
	1	85496910	A	T	24	24	1	1
	1	85504782	A	T	21	33	1	1
	1	85517769	A	T	25	18	1	1
	1	85545833	A	T	22	27	1	1
	1	85547875	A	T	13	26	1	1
	1	85596114	A	T	14	22	1	1
	1	85633571	A	T	19	22	1	1
	1	85660398	A	T	11	32	1	1
	1	85678708	A	T	16	29	1	1
	1	85811293	A	T	17	32	1	1
	1	85912564	A	T	15	26	1	1
	1	85913969	A	T	18	31	1	1
	1	85922391	A	T	24	27	1	1
	1	85957331	A	T	25	30	1	1
	1	86006899	A	T	19	18	1	1
	1	86105505	A	T	25	27	1	1
	1	86108942	A	T	16	24	1	1
	1	86116582	A	T	14	33	1	1
	1	86164885	A	T	18	22	1	1
	1	86179572	A	T	23	30	1	1
	1	86198823	A	T	17	28	1	1
	1	86219061	A	T	25	20	1	1
	1	86232791	A	T	16	24	1	1
	1	86233474	A	T	22	20	1	1
	1	86254171	A	T	22	31	1	1
	1	86279021	A	T	15	32	1	1
	1	86296340	A	T	12	36	1	1
	1	86327770	A	T	15	24	1	1
	1	86373601	A	T	20	23	1	1
	1	86387984	A	T	22	27	1	1
	1	86390441	A	T	23	26	1	1
	1	86412564	A	T	20	21	1	1
	1	86457392	A	T	15	32	1	1
	1	86470942	A	T	17	29	1	1
	1	86508361	A	T	20	27	1	1
	1	86638093	A	T	22	24	1	1
	1	86644409	A	T	21	24	1	1
	1	86646180	A	T	19	29	1	1
	1	86666458	A	T	18	33	1	1
	1	86715975	A	T	14	22	1	1
	1	86721944	A	T	22	27	1	1
	1	86757094	A	T	17	26	1	1
	1	86762573	A	T	22	24	1	1
	1	86780377	A	T	24	27	1	1
	1	86820253	A	T	26	22	1	1
	1	86825109	A	T	15	26	1	1
	1	86847991	A	T	21	30	1	1
	1	86874534	A	T	18	30	1	1
	1	86908544	A	T	17	22	1	1
	1	86971545	A	T	25	26	1	1
	1	86998092	A	T	24	26	1	1
	1	87008141	A	T	20	23	1	1
	1	87031889	A	T	24	26	1	1
	1	87090936	A	T	18	35	1	1
	1	87091408	A	T	25	36	1	1
	1	87179329	A	T	19	36	1	1
	1	87196911	A	T	26	34	1	1
	1	87240155	A	T	21	16	1	1
	1	87303359	A	T	21	27	1	1
	1	87330722	A	T	19	27	1	1
	1	87367160	A	T	17	20	1	1
	1	87404388	A	T	18	28	1	1
	1	87503508	A	T	23	19	1	1
	1	87535177	A	T	26	23	1	1
	1	87563785	A	T	20	30	1	1
	1	87612713	A	T	22	27	1	1
	1	87626885	A	T	19	25	1	1
	1	87641738	A	T	20	22	1	1
	1	87655050	A	T	19	29	1	1
	1	87688101	A	T	14	28	1	1
	1	87713369	A	T	21	19	1	1
	1	87727488	A	T	26	31	1	1
	1	87733407	A	T	27	28	1	1
	1	87766936	A	T	17	25	1	1
	1	87769617	A	T	9	26	1	1
	1	87778514	A	T	18	17	1	1
	1	87807976	A	T	31	24	1	1
	1	87845683	A	T	11	22	1	1
	1	87873214	A	T	15	36	1	1
	1	87950338	A	T	23	32	1	1
	1	87962487	A	T	15	26	1	1
	1	88011780	A	T	20	27	1	1
	1	88129107	A	T	16	38	1	1
	1	88172520	A	T	16	34	1	1
	1	88186674	A	T	26	27	1	1
	1	88301831	A	T	14	25	1	1
	1	88388665	A	T	17	15	1	1
	1	88475272	A	T	12	40	1	1
	1	88516689	A	T	24	23	1	1
	1	88539164	A	T	22	25	1	1
	1	88653327	A	T	13	26	1	1
	1	88699068	A	T	21	32	1	1
	1	88711868	A	T	22	21	1	1
	1	88729392	A	T	20	19	1	1
	1	88754680	A	T	20	26	1	1
	1	88832379	A	T	22	32	1	1
	1	88839519	A	T	17	25	1	1
	1	88854127	A	T	23	27	1	1
	1	88859053	A	T	19	29	1	1
	1	88897122	A	T	17	28	1	1
	1	88897370	A	T	17	28	1	1
	1	89015497	A	T	24	22	1	1
	1	89038720	A	T	23	33	1	1
	1	89234586	A	T	13	18	1	1
	1	89285674	A	T	18	25	1	1
	1	89287952	A	T	14	34	1	1
	1	89290110	A	T	18	20	1	1
	1	89386481	A	T	7	22	1	1
	1	89456245	A	T	21	31	1	1
	1	89468309	A	T	18	23	1	1
	1	89564795	A	T	23	18	1	1
	1	89605990	A	T	20	31	1	1
	1	89710210	A	T	23	23	1	1
	1	89791809	A	T	23	24	1	1
	1	89885383	A	T	20	26	1	1
	1	89898512	A	T	24	20	1	1
	1	89903422	A	T	27	25	1	1
	1	89941110	A	T	15	32	1	1
	1	89959818	A	T	24	26	1	1
	1	89971981	A	T	20	25	1	1
	1	89984556	A	T	24	26	1	1
	1	90048322	A	T	18	29	1	1
	1	90087180	A	T	16	30	1	1
	1	90199074	A	T	12	35	1	1
	1	90204216	A	T	20	30	1	1
	1	90268406	A	T	28	29	1	1
	1	90290844	A	T	7	35	1	1
	1	90352918	A	T	19	14	1	1
	1	90424588	A	T	20	16	1	1
	1	90455958	A	T	23	27	1	1
	1	90498096	A	T	23	24	1	1
	1	90603682	A	T	21	29	1	1
	1	90645631	A	T	24	29	1	1
	1	90676297	A	T	13	27	1	1
	1	90697366	A	T	19	30	1	1
	1	90726010	A	T	13	26	1	1
	1	90750078	A	T	21	27	1	1
	1	90760907	A	T	16	32	1	1
	1	90787059	A	T	12	28	1	1
	1	90873679	A	T	14	26	1	1
	1	90886982	A	T	18	31	1	1
	1	90908289	A	T	15	21	1	1
	1	90908407	A	T	11	25	1	1
	1	90991644	A	T	19	35	1	1
	1	90998861	A	T	18	24	1	1
	1	91056690	A	T	9	31	1	1
	1	91066400	A	T	21	17	1	1
	1	91113166	A	T	15	31	1	1
	1	91167108	A	T	13	37	1	1
	1	91206838	A	T	18	16	1	1
	1	91213070	A	T	23	21	1	1
	1	91237759	A	T	18	26	1	1
	1	91279097	A	T	19	33	1	1
	1	91338145	A	T	19	27	1	1
	1	91342203	A	T	15	28	1	1
	1	91347202	A	T	29	25	1	1
	1	91357814	A	T	23	33	1	1
	1	91386262	A	T	12	23	1	1
	1	91436868	A	T	13	28	1	1
	1	91498362	A	T	23	19	1	1
	1	91549540	A	T	35	24	1	1
	1	91575424	A	T	19	28	1	1
	1	91585760	A	T	20	20	1	1
	1	91634624	A	T	21	18	1	1
	1	91666068	A	T	18	20	1	1
	1	91764341	A	T	23	21	1	1
	1	91809612	A	T	23	22	1	1
	1	91817465	A	T	17	23	1	1
	1	91821447	A	T	20	26	1	1
	1	91823272	A	T	18	41	1	1
	1	91874399	A	T	22	25	1	1
	1	91887625	A	T	26	24	1	1
	1	91904835	A	T	23	22	1	1
	1	91935771	A	T	15	25	1	1
	1	92021972	A	T	22	16	1	1
	1	92028773	A	T	10	25	1	1
	1	92036977	A	T	18	22	1	1
	1	92040412	A	T	14	33	1	1
	1	92053257	A	T	14	26	1	1
	1	92091365	A	T	21	36	1	1
	1	92097925	A	T	24	23	1	1
	1	92122463	A	T	26	24	1	1
	1	92179581	A	T	22	26	1	1
	1	92312171	A	T	16	17	1	1
	1	92341434	A	T	11	27	1	1
	1	92483053	A	T	21	26	1	1
	1	92507306	A	T	27	21	1	1
	1	92509089	A	T	11	23	1	1
	1	92544882	A	T	25	34	1	1
	1	92587851	A	T	16	30	1	1
	1	92603710	A	T	22	22	1	1
	1	92661119	A	T	17	24	1	1
	1	92672493	A	T	22	28	1	1
	1	92718497	A	T	22	30	1	1
	1	92741532	A	T	21	35	1	1
	1	92746791	A	T	19	25	1	1
	1	92771189	A	T	18	24	1	1
	1	92849607	A	T	16	18	1	1
	1	92906040	A	T	21	30	1	1
	1	92923439	A	T	18	18	1	1
	1	92948978	A	T	16	24	1	1
	1	92952422	A	T	17	33	1	1
	1	92964146	A	T	16	22	1	1
	1	93011502	A	T	25	26	1	1
	1	93049952	A	T	14	27	1	1
	1	93202883	A	T	15	22	1	1
	1	93205493	A	T	22	24	1	1
	1	93219012	A	T	21	22	1	1
	1	93221272	A	T	21	23	1	1
	1	93257820	A	T	20	30	1	1
	1	93305017	A	T	11	29	1	1
	1	93360732	A	T	27	22	1	1
	1	93379644	A	T	24	21	1	1
	1	93397548	A	T	17	38	1	1
	1	93416794	A	T	18	17	1	1
	1	93437057	A	T	24	20	1	1
	1	93438057	A	T	21	35	1	1
	1	93532174	A	T	20	36	1	1
	1	93537506	A	T	16	24	1	1
	1	93539810	A	T	20	31	1	1
	1	93574714	A	T	19	33	1	1
	1	93588050	A	T	19	18	1	1
	1	93617375	A	T	23	26	1	1
	1	93630891	A	T	20	27	1	1
	1	93636774	A	T	17	32	1	1
	1	93719075	A	T	13	12	1	1
	1	93737107	A	T	21	27	1	1
	1	93754014	A	T	14	20	1	1
	1	93756404	A	T	13	25	1	1
	1	93817095	A	T	11	33	1	1
	1	93830373	A	T	18	31	1	1
	1	93913339	A	T	11	28	1	1
	1	94030044	A	T	16	31	1	1
	1	94033384	A	T	24	35	1	1
	1	94041783	A	T	27	14	1	1
	1	94071110	A	T	12	30	1	1
	1	94077352	A	T	13	33	1	1
	1	94131964	A	T	17	41	1	1
	1	94140510	A	T	18	23	1	1
	1	94240976	A	T	24	34	1	1
	1	94269146	A	T	12	40	1	1
	1	94288678	A	T	26	28	1	1
	1	94300023	A	T	20	30	1	1
	1	94330001	A	T	16	28	1	1
	1	94347460	A	T	21	20	1	1
	1	94362634	A	T	30	27	1	1
	1	94400668	A	T	18	31	1	1
	1	94433172	A	T	16	31	1	1
	1	94448873	A	T	16	30	1	1
	1	94452232	A	T	20	22	1	1
	1	94476837	A	T	21	22	1	1
	1	94490638	A	T	22	24	1	1
	1	94515831	A	T	18	21	1	1
	1	94539076	A	T	18	20	1	1
	1	94639169	A	T	23	15	1	1
	1	94676492	A	T	24	19	1	1
	1	94702603	A	T	22	31	1	1
	1	94738516	A	T	21	26	1	1
	1	94770291	A	T	24	26	1	1
	1	94774697	A	T	20	15	1	1
	1	94775065	A	T	18	26	1	1
	1	94833953	A	T	11	17	1	1
	1	94871674	A	T	17	24	1	1
	1	94919121	A	T	27	21	1	1
	1	94927347	A	T	15	29	1	1
	1	94979896	A	T	19	29	1	1
	1	94980135	A	T	22	22	1	1
	1	95030075	A	T	29	22	1	1
	1	95050475	A	T	17	19	1	1
	1	95090161	A	T	17	20	1	1
	1	95121541	A	T	17	32	1	1
	1	95240627	A	T	17	26	1	1
	1	95258290	A	T	21	26	1	1
	1	95267849	A	T	26	22	1	1
	1	95268098	A	T	22	23	1	1
	1	95277551	A	T	17	19	1	1
	1	95323669	A	T	19	20	1	1
	1	95360421	A	T	15	21	1	1
	1	95379724	A	T	19	28	1	1
	1	95390675	A	T	13	25	1	1
	1	95422719	A	T	18	32	1	1
	1	95425602	A	T	11	31	1	1
	1	95452870	A	T	28	27	1	1
	1	95487795	A	T	22	24	1	1
	1	95500538	A	T	27	31	1	1
	1	95537115	A	T	25	16	1	1
	1	95552914	A	T	21	25	1	1
	1	95597671	A	T	19	41	1	1
	1	95602108	A	T	21	30	1	1
	1	95629070	A	T	21	37	1	1
	1	95667266	A	T	20	36	1	1
	1	95677826	A	T	25	24	1	1
	1	95703048	A	T	18	19	1	1
	1	95742568	A	T	20	17	1	1
	1	95756301	A	T	15	23	1	1
	1	95901360	A	T	16	31	1	1
	1	95952376	A	T	18	29	1	1
	1	95952759	A	T	12	28	1	1
	1	96093960	A	T	17	13	1	1
	1	96224812	A	T	21	31	1	1
	1	96230905	A	T	21	24	1	1
	1	96251519	A	T	21	27	1	1
	1	96439472	A	T	9	32	1	1
	1	96487507	A	T	23	23	1	1
	1	96533761	A	T	16	28	1	1
	1	96624192	A	T	20	27	1	1
	1	96629583	A	T	22	20	1	1
	1	96700407	A	T	17	31	1	1
	1	96707066	A	T	16	32	1	1
	1	96718618	A	T	31	30	1	1
	1	96849764	A	T	26	22	1	1
	1	96860825	A	T	17	31	1	1
	1	96875212	A	T	22	28	1	1
	1	96895737	A	T	19	29	1	1
	1	96926860	A	T	18	24	1	1
	1	96949699	A	T	30	24	1	1
	1	96970746	A	T	12	23	1	1
	1	96983108	A	T	13	29	1	1
	1	96985542	A	T	14	25	1	1
	1	96988302	A	T	22	20	1	1
	1	97036429	A	T	21	34	1	1
	1	97041820	A	T	24	24	1	1
	1	97058080	A	T	14	37	1	1
	1	97107133	A	T	26	32	1	1
	1	97120570	A	T	20	24	1	1
	1	97145529	A	T	28	30	1	1
	1	97155546	A	T	20	21	1	1
	1	97182604	A	T	19	23	1	1
	1	97290565	A	T	19	25	1	1
	1	97331781	A	T	21	20	1	1
	1	97403881	A	T	20	34	1	1
	1	97415875	A	T	21	19	1	1
	1	97496303	A	T	21	34	1	1
	1	97502798	A	T	18	26	1	1
	1	97533876	A	T	20	22	1	1
	1	97537487	A	T	19	25	1	1
	1	97548076	A	T	16	17	1	1
	1	97551630	A	T	24	20	1	1
	1	97568738	A	T	26	31	1	1
	1	97596369	A	T	10	29	1	1
	1	97597236	A	T	20	23	1	1
	1	97607394	A	T	18	20	1	1
	1	97638509	A	T	11	25	1	1
	1	97640874	A	T	27	29	1	1
	1	97651487	A	T	22	25	1	1
	1	97666594	A	T	15	35	1	1
	1	97708727	A	T	26	37	1	1
	1	97739508	A	T	26	27	1	1
	1	97753680	A	T	24	33	1	1
	1	97755319	A	T	18	29	1	1
	1	97784179	A	T	14	27	1	1
	1	97821387	A	T	27	26	1	1
	1	97842126	A	T	24	36	1	1
	1	97856688	A	T	26	37	1	1
	1	97865696	A	T	20	28	1	1
	1	97867462	A	T	19	21	1	1
	1	97882321	A	T	17	20	1	1
	1	97930114	A	T	11	21	1	1
	1	97954947	A	T	15	30	1	1
	1	97984808	A	T	18	35	1	1
	1	98062594	A	T	16	25	1	1
	1	98084019	A	T	17	21	1	1
	1	98094321	A	T	20	23	1	1
	1	98109211	A	T	15	18	1	1
	1	98159983	A	T	18	24	1	1
	1	98205921	A	T	23	28	1	1
	1	98207552	A	T	19	23	1	1
	1	98220511	A	T	31	21	1	1
	1	98222489	A	T	24	22	1	1
	1	98261661	A	T	20	34	1	1
	1	98276496	A	T	25	27	1	1
	1	98352267	A	T	13	23	1	1
	1	98370896	A	T	16	28	1	1
	1	98392518	A	T	16	23	1	1
	1	98459125	A	T	12	28	1	1
	1	98462115	A	T	25	27	1	1
	1	98481211	A	T	26	32	1	1
	1	98511653	A	T	24	30	1	1
	1	98538598	A	T	14	25	1	1
	1	98548851	A	T	16	25	1	1
	1	98566350	A	T	16	26	1	1
	1	98571954	A	T	23	25	1	1
	1	98581539	A	T	25	23	1	1
	1	98610940	A	T	16	32	1	1
	1	98692709	A	T	14	32	1	1
	1	98708167	A	T	18	29	1	1
	1	98732827	A	T	21	22	1	1
	1	98739950	A	T	19	22	1	1
	1	98766669	A	T	19	24	1	1
	1	98921323	A	T	21	20	1	1
	1	98979259	A	T	30	23	1	1
	1	98981972	A	T	19	27	1	1
	1	99001142	A	T	15	30	1	1
	1	99089356	A	T	11	19	1	1
	1	99108288	A	T	21	26	1	1
	1	99147913	A	T	22	30	1	1
	1	99159321	A	T	28	27	1	1
	1	99215288	A	T	22	26	1	1
	1	99286902	A	T	16	23	1	1
	1	99301639	A	T	25	34	1	1
	1	99313010	A	T	16	34	1	1
	1	99320525	A	T	28	21	1	1
	1	99335404	A	T	18	35	1	1
	1	99352232	A	T	19	25	1	1
	1	99370644	A	T	19	21	1	1
	1	99452364	A	T	22	20	1	1
	1	99501120	A	T	10	31	1	1
	1	99516139	A	T	16	26	1	1
	1	99553948	A	T	23	21	1	1
	1	99556171	A	T	25	23	1	1
	1	99564221	A	T	8	21	1	1
	1	99571314	A	T	21	26	1	1
	1	99576874	A	T	23	25	1	1
	1	99637053	A	T	26	16	1	1
	1	99657463	A	T	24	26	1	1
	1	99680131	A	T	10	19	1	1
	1	99718467	A	T	14	23	1	1
	1	99750970	A	T	17	19	1	1
	1	99791720	A	T	18	14	1	1
	1	99820817	A	T	21	25	1	1
	1	99914332	A	T	16	27	1	1
	1	99972627	A	T	18	28	1	1
	1	99972804	A	T	30	22	1	1
