chr	end	Reference_Allele	Tumor_Seq_Allele2	mut.count	WT.count	subclonal.CN	mutation.copy.number	subclonal.fraction	no.chrs.bearing.mut
1	209842	A	T	22	33	2	1	1	1
1	817666	A	T	14	41	2	1	1	1
1	413988	A	T	14	41	2	1	1	1
1	849995	A	T	16	39	2	1	1	1
1	169480	A	T	20	35	2	1	1	1
1	180129	A	T	23	32	2	1	1	1
1	106449	A	T	20	35	2	1	1	1
1	682949	A	T	31	24	2	1	1	1
1	183629	A	T	15	40	2	1	1	1
1	221529	A	T	21	34	2	1	1	1
1	872605	A	T	22	33	2	1	1	1
1	806504	A	T	20	35	2	1	1	1
1	907410	A	T	20	35	2	1	1	1
1	74934	A	T	18	37	2	1	1	1
1	279569	A	T	15	40	2	1	1	1
1	758547	A	T	16	39	2	1	1	1
1	578915	A	T	21	34	2	1	1	1
1	412448	A	T	21	34	2	1	1	1
1	349349	A	T	15	40	2	1	1	1
1	544287	A	T	15	40	2	1	1	1
1	985009	A	T	24	31	2	1	1	1
1	608931	A	T	9	46	2	1	1	1
1	60845	A	T	25	30	2	1	1	1
1	806746	A	T	10	45	2	1	1	1
1	38160	A	T	17	38	2	1	1	1
1	470103	A	T	18	37	2	1	1	1
1	94008	A	T	20	35	2	1	1	1
1	560618	A	T	21	34	2	1	1	1
1	463151	A	T	16	39	2	1	1	1
1	561635	A	T	17	38	2	1	1	1
1	531368	A	T	18	37	2	1	1	1
1	34411	A	T	18	37	2	1	1	1
1	319941	A	T	17	38	2	1	1	1
1	268561	A	T	11	44	2	1	1	1
1	305624	A	T	12	43	2	1	1	1
1	802304	A	T	17	38	2	1	1	1
1	133187	A	T	9	46	2	1	1	1
1	141031	A	T	22	33	2	1	1	1
1	93698	A	T	23	32	2	1	1	1
1	644718	A	T	14	41	2	1	1	1
1	928379	A	T	13	42	2	1	1	1
1	758827	A	T	21	34	2	1	1	1
1	850530	A	T	19	36	2	1	1	1
1	867816	A	T	28	27	2	1	1	1
1	231423	A	T	14	41	2	1	1	1
1	492107	A	T	21	34	2	1	1	1
1	139717	A	T	14	41	2	1	1	1
1	104354	A	T	20	35	2	1	1	1
1	723923	A	T	12	43	2	1	1	1
1	145857	A	T	13	42	2	1	1	1
1	457710	A	T	20	35	2	1	1	1
1	643584	A	T	17	38	2	1	1	1
1	813048	A	T	19	36	2	1	1	1
1	357146	A	T	13	42	2	1	1	1
1	629265	A	T	25	30	2	1	1	1
1	819073	A	T	19	36	2	1	1	1
1	42022	A	T	17	38	2	1	1	1
1	749270	A	T	15	40	2	1	1	1
1	922335	A	T	11	44	2	1	1	1
1	711338	A	T	13	42	2	1	1	1
1	541172	A	T	15	40	2	1	1	1
1	894545	A	T	21	34	2	1	1	1
1	846399	A	T	21	34	2	1	1	1
1	994448	A	T	12	43	2	1	1	1
1	123522	A	T	24	31	2	1	1	1
1	955683	A	T	22	33	2	1	1	1
1	945126	A	T	23	32	2	1	1	1
1	845775	A	T	18	37	2	1	1	1
1	682804	A	T	19	36	2	1	1	1
1	847639	A	T	19	36	2	1	1	1
1	348110	A	T	23	32	2	1	1	1
1	385047	A	T	12	43	2	1	1	1
1	671245	A	T	13	42	2	1	1	1
1	784133	A	T	19	36	2	1	1	1
1	769409	A	T	14	41	2	1	1	1
1	672379	A	T	30	25	2	1	1	1
1	738925	A	T	20	35	2	1	1	1
1	426308	A	T	22	33	2	1	1	1
1	334904	A	T	17	38	2	1	1	1
1	592478	A	T	19	36	2	1	1	1
1	694668	A	T	25	30	2	1	1	1
1	20657	A	T	21	34	2	1	1	1
1	144322	A	T	17	38	2	1	1	1
1	122036	A	T	15	40	2	1	1	1
1	965141	A	T	16	39	2	1	1	1
1	223772	A	T	17	38	2	1	1	1
1	472132	A	T	16	39	2	1	1	1
1	26758	A	T	22	33	2	1	1	1
1	501087	A	T	19	36	2	1	1	1
1	840642	A	T	12	43	2	1	1	1
1	786300	A	T	14	41	2	1	1	1
1	241627	A	T	12	43	2	1	1	1
1	590560	A	T	19	36	2	1	1	1
1	740300	A	T	17	38	2	1	1	1
1	135533	A	T	23	32	2	1	1	1
1	968590	A	T	18	37	2	1	1	1
1	426126	A	T	13	42	2	1	1	1
1	781326	A	T	17	38	2	1	1	1
1	638759	A	T	15	40	2	1	1	1
1	531586	A	T	17	38	2	1	1	1
1	462845	A	T	21	34	2	1	1	1
1	6636	A	T	23	32	2	1	1	1
1	148502	A	T	23	32	2	1	1	1
1	591251	A	T	17	38	2	1	1	1
1	719417	A	T	22	33	2	1	1	1
1	357782	A	T	11	44	2	1	1	1
1	270600	A	T	20	35	2	1	1	1
1	33304	A	T	8	47	2	1	1	1
1	126804	A	T	26	29	2	1	1	1
1	68140	A	T	22	33	2	1	1	1
1	800802	A	T	12	43	2	1	1	1
1	277583	A	T	17	38	2	1	1	1
1	746122	A	T	12	43	2	1	1	1
1	109133	A	T	14	41	2	1	1	1
1	973258	A	T	27	28	2	1	1	1
1	807869	A	T	21	34	2	1	1	1
1	329725	A	T	18	37	2	1	1	1
1	69021	A	T	34	21	2	1	1	1
1	257958	A	T	19	36	2	1	1	1
1	550471	A	T	22	33	2	1	1	1
1	27644	A	T	16	39	2	1	1	1
1	990876	A	T	14	41	2	1	1	1
1	276861	A	T	15	40	2	1	1	1
1	948514	A	T	12	43	2	1	1	1
1	683645	A	T	16	39	2	1	1	1
1	243221	A	T	13	42	2	1	1	1
1	748392	A	T	15	40	2	1	1	1
1	715890	A	T	21	34	2	1	1	1
1	813886	A	T	18	37	2	1	1	1
1	603042	A	T	13	42	2	1	1	1
1	365092	A	T	19	36	2	1	1	1
1	720743	A	T	16	39	2	1	1	1
1	309704	A	T	19	36	2	1	1	1
1	438988	A	T	21	34	2	1	1	1
1	823104	A	T	16	39	2	1	1	1
1	974709	A	T	15	40	2	1	1	1
1	434918	A	T	17	38	2	1	1	1
1	248563	A	T	23	32	2	1	1	1
1	640419	A	T	17	38	2	1	1	1
1	567255	A	T	18	37	2	1	1	1
1	305913	A	T	18	37	2	1	1	1
1	236549	A	T	18	37	2	1	1	1
1	197437	A	T	20	35	2	1	1	1
1	829009	A	T	19	36	2	1	1	1
1	454929	A	T	8	47	2	1	1	1
1	248422	A	T	22	33	2	1	1	1
1	888469	A	T	15	40	2	1	1	1
1	228458	A	T	9	46	2	1	1	1
1	554865	A	T	13	42	2	1	1	1
1	591215	A	T	16	39	2	1	1	1
1	728932	A	T	16	39	2	1	1	1
1	701372	A	T	22	33	2	1	1	1
1	421413	A	T	19	36	2	1	1	1
1	401703	A	T	19	36	2	1	1	1
1	804204	A	T	13	42	2	1	1	1
1	210925	A	T	15	40	2	1	1	1
1	707870	A	T	23	32	2	1	1	1
1	622825	A	T	19	36	2	1	1	1
1	447432	A	T	15	40	2	1	1	1
1	991033	A	T	19	36	2	1	1	1
1	378929	A	T	15	40	2	1	1	1
1	642883	A	T	28	27	2	1	1	1
1	863976	A	T	14	41	2	1	1	1
1	100814	A	T	12	43	2	1	1	1
1	589596	A	T	20	35	2	1	1	1
1	737012	A	T	26	29	2	1	1	1
1	914397	A	T	16	39	2	1	1	1
1	893207	A	T	20	35	2	1	1	1
1	934158	A	T	20	35	2	1	1	1
1	15916	A	T	11	44	2	1	1	1
1	161475	A	T	17	38	2	1	1	1
1	267173	A	T	19	36	2	1	1	1
1	93404	A	T	17	38	2	1	1	1
1	918000	A	T	10	45	2	1	1	1
1	491269	A	T	22	33	2	1	1	1
1	884446	A	T	21	34	2	1	1	1
1	647975	A	T	21	34	2	1	1	1
1	819422	A	T	6	49	2	1	1	1
1	653234	A	T	14	41	2	1	1	1
1	665125	A	T	19	36	2	1	1	1
1	715043	A	T	17	38	2	1	1	1
1	535603	A	T	20	35	2	1	1	1
1	413251	A	T	10	45	2	1	1	1
1	240074	A	T	23	32	2	1	1	1
1	155797	A	T	16	39	2	1	1	1
1	600961	A	T	17	38	2	1	1	1
1	446556	A	T	20	35	2	1	1	1
1	22595	A	T	9	46	2	1	1	1
1	834937	A	T	11	44	2	1	1	1
1	432085	A	T	19	36	2	1	1	1
1	399724	A	T	16	39	2	1	1	1
1	772227	A	T	14	41	2	1	1	1
1	300275	A	T	6	49	2	1	1	1
1	270954	A	T	24	31	2	1	1	1
1	917199	A	T	12	43	2	1	1	1
1	280013	A	T	12	43	2	1	1	1
1	204938	A	T	15	40	2	1	1	1
1	327409	A	T	17	38	2	1	1	1
1	982094	A	T	19	36	2	1	1	1
1	645472	A	T	17	38	2	1	1	1
1	771190	A	T	24	31	2	1	1	1
1	235588	A	T	17	38	2	1	1	1
1	356313	A	T	19	36	2	1	1	1
1	632279	A	T	20	35	2	1	1	1
1	253608	A	T	20	35	2	1	1	1
1	578224	A	T	20	35	2	1	1	1
1	206564	A	T	16	39	2	1	1	1
1	38638	A	T	11	44	2	1	1	1
1	35688	A	T	14	41	2	1	1	1
1	550471	A	T	21	34	2	1	1	1
1	942623	A	T	24	31	2	1	1	1
1	295499	A	T	17	38	2	1	1	1
1	18242	A	T	21	34	2	1	1	1
1	361207	A	T	21	34	2	1	1	1
1	525631	A	T	14	41	2	1	1	1
1	693745	A	T	16	39	2	1	1	1
1	523979	A	T	26	29	2	1	1	1
1	950566	A	T	16	39	2	1	1	1
1	306836	A	T	8	47	2	1	1	1
1	924838	A	T	17	38	2	1	1	1
1	182938	A	T	15	40	2	1	1	1
1	396600	A	T	17	38	2	1	1	1
1	974017	A	T	18	37	2	1	1	1
1	287885	A	T	27	28	2	1	1	1
1	886522	A	T	24	31	2	1	1	1
1	274256	A	T	13	42	2	1	1	1
1	685962	A	T	22	33	2	1	1	1
1	171099	A	T	13	42	2	1	1	1
1	568914	A	T	21	34	2	1	1	1
1	687003	A	T	22	33	2	1	1	1
1	710450	A	T	11	44	2	1	1	1
1	900699	A	T	13	42	2	1	1	1
1	45564	A	T	20	35	2	1	1	1
1	515573	A	T	26	29	2	1	1	1
1	622662	A	T	12	43	2	1	1	1
1	282584	A	T	19	36	2	1	1	1
1	280087	A	T	17	38	2	1	1	1
1	671847	A	T	21	34	2	1	1	1
1	172377	A	T	14	41	2	1	1	1
1	775927	A	T	23	32	2	1	1	1
1	499046	A	T	13	42	2	1	1	1
1	549993	A	T	18	37	2	1	1	1
1	997719	A	T	22	33	2	1	1	1
1	641764	A	T	24	31	2	1	1	1
1	416147	A	T	8	47	2	1	1	1
1	547860	A	T	13	42	2	1	1	1
1	509823	A	T	19	36	2	1	1	1
1	177810	A	T	26	29	2	1	1	1
1	724686	A	T	19	36	2	1	1	1
1	355596	A	T	18	37	2	1	1	1
1	792235	A	T	27	28	2	1	1	1
1	430436	A	T	18	37	2	1	1	1
1	539943	A	T	23	32	2	1	1	1
1	186303	A	T	21	34	2	1	1	1
1	12143	A	T	20	35	2	1	1	1
1	96782	A	T	26	29	2	1	1	1
1	541974	A	T	10	45	2	1	1	1
1	516797	A	T	11	44	2	1	1	1
1	56834	A	T	13	42	2	1	1	1
1	228110	A	T	14	41	2	1	1	1
1	310047	A	T	13	42	2	1	1	1
1	232516	A	T	20	35	2	1	1	1
1	94357	A	T	11	44	2	1	1	1
1	64543	A	T	16	39	2	1	1	1
1	888125	A	T	24	31	2	1	1	1
1	623772	A	T	16	39	2	1	1	1
1	749774	A	T	16	39	2	1	1	1
1	628622	A	T	19	36	2	1	1	1
1	705619	A	T	18	37	2	1	1	1
1	998693	A	T	9	46	2	1	1	1
1	399708	A	T	18	37	2	1	1	1
1	534932	A	T	8	47	2	1	1	1
1	513452	A	T	21	34	2	1	1	1
1	988572	A	T	17	38	2	1	1	1
1	951691	A	T	22	33	2	1	1	1
1	724078	A	T	12	43	2	1	1	1
1	150669	A	T	9	46	2	1	1	1
1	551289	A	T	22	33	2	1	1	1
1	488570	A	T	13	42	2	1	1	1
1	107844	A	T	16	39	2	1	1	1
1	139208	A	T	14	41	2	1	1	1
1	405823	A	T	16	39	2	1	1	1
1	244500	A	T	16	39	2	1	1	1
1	749949	A	T	24	31	2	1	1	1
1	31248	A	T	26	29	2	1	1	1
1	174763	A	T	28	27	2	1	1	1
1	81836	A	T	20	35	2	1	1	1
1	996717	A	T	23	32	2	1	1	1
1	686458	A	T	14	41	2	1	1	1
1	94589	A	T	14	41	2	1	1	1
1	533999	A	T	14	41	2	1	1	1
1	552656	A	T	20	35	2	1	1	1
1	303871	A	T	15	40	2	1	1	1
1	414615	A	T	17	38	2	1	1	1
1	571599	A	T	12	43	2	1	1	1
1	830080	A	T	21	34	2	1	1	1
1	448526	A	T	12	43	2	1	1	1
1	1145	A	T	13	42	2	1	1	1
1	284956	A	T	25	30	2	1	1	1
1	126517	A	T	27	28	2	1	1	1
1	540826	A	T	7	48	2	1	1	1
1	947260	A	T	21	34	2	1	1	1
1	191617	A	T	14	41	2	1	1	1
1	640808	A	T	14	41	2	1	1	1
1	325991	A	T	20	35	2	1	1	1
1	509898	A	T	17	38	2	1	1	1
1	20002	A	T	21	34	2	1	1	1
1	165068	A	T	17	38	2	1	1	1
1	198091	A	T	19	36	2	1	1	1
1	712173	A	T	26	29	2	1	1	1
1	293156	A	T	14	41	2	1	1	1
1	54349	A	T	13	42	2	1	1	1
1	657434	A	T	19	36	2	1	1	1
1	204870	A	T	20	35	2	1	1	1
1	636082	A	T	13	42	2	1	1	1
1	209092	A	T	27	28	2	1	1	1
1	603022	A	T	21	34	2	1	1	1
1	792990	A	T	25	30	2	1	1	1
1	291927	A	T	12	43	2	1	1	1
1	233666	A	T	18	37	2	1	1	1
1	335617	A	T	14	41	2	1	1	1
1	63442	A	T	16	39	2	1	1	1
1	124245	A	T	18	37	2	1	1	1
1	647116	A	T	17	38	2	1	1	1
1	872740	A	T	29	26	2	1	1	1
1	666423	A	T	11	44	2	1	1	1
1	389731	A	T	21	34	2	1	1	1
1	547528	A	T	23	32	2	1	1	1
1	223774	A	T	19	36	2	1	1	1
1	133560	A	T	25	30	2	1	1	1
1	341649	A	T	21	34	2	1	1	1
1	494581	A	T	18	37	2	1	1	1
1	342353	A	T	20	35	2	1	1	1
1	635748	A	T	10	45	2	1	1	1
1	470884	A	T	19	36	2	1	1	1
1	220797	A	T	25	30	2	1	1	1
1	405740	A	T	24	31	2	1	1	1
1	860732	A	T	21	34	2	1	1	1
1	530758	A	T	29	26	2	1	1	1
1	16960	A	T	12	43	2	1	1	1
1	130572	A	T	21	34	2	1	1	1
1	799058	A	T	10	45	2	1	1	1
1	512226	A	T	16	39	2	1	1	1
1	919261	A	T	23	32	2	1	1	1
1	594075	A	T	24	31	2	1	1	1
1	314271	A	T	18	37	2	1	1	1
1	811071	A	T	11	44	2	1	1	1
1	936953	A	T	23	32	2	1	1	1
1	471653	A	T	16	39	2	1	1	1
1	863355	A	T	23	32	2	1	1	1
1	868877	A	T	21	34	2	1	1	1
1	597833	A	T	21	34	2	1	1	1
1	751293	A	T	23	32	2	1	1	1
1	386742	A	T	22	33	2	1	1	1
1	487883	A	T	13	42	2	1	1	1
1	989159	A	T	11	44	2	1	1	1
1	126655	A	T	22	33	2	1	1	1
1	594552	A	T	19	36	2	1	1	1
1	204051	A	T	24	31	2	1	1	1
1	787975	A	T	18	37	2	1	1	1
1	737464	A	T	20	35	2	1	1	1
1	627728	A	T	23	32	2	1	1	1
1	977808	A	T	17	38	2	1	1	1
1	636867	A	T	15	40	2	1	1	1
1	892534	A	T	14	41	2	1	1	1
1	354949	A	T	24	31	2	1	1	1
1	186144	A	T	16	39	2	1	1	1
1	98330	A	T	15	40	2	1	1	1
1	616202	A	T	20	35	2	1	1	1
1	429211	A	T	22	33	2	1	1	1
1	259876	A	T	26	29	2	1	1	1
1	169356	A	T	20	35	2	1	1	1
1	469213	A	T	21	34	2	1	1	1
1	325455	A	T	13	42	2	1	1	1
1	909096	A	T	22	33	2	1	1	1
1	481982	A	T	25	30	2	1	1	1
1	850422	A	T	25	30	2	1	1	1
1	271285	A	T	22	33	2	1	1	1
1	543487	A	T	20	35	2	1	1	1
1	386356	A	T	10	45	2	1	1	1
1	597433	A	T	9	46	2	1	1	1
1	624630	A	T	21	34	2	1	1	1
1	298901	A	T	17	38	2	1	1	1
1	240806	A	T	18	37	2	1	1	1
1	499559	A	T	28	27	2	1	1	1
1	650923	A	T	17	38	2	1	1	1
1	467594	A	T	23	32	2	1	1	1
1	760584	A	T	24	31	2	1	1	1
1	206590	A	T	16	39	2	1	1	1
1	667265	A	T	22	33	2	1	1	1
1	896358	A	T	18	37	2	1	1	1
1	569785	A	T	22	33	2	1	1	1
1	165560	A	T	11	44	2	1	1	1
1	202836	A	T	22	33	2	1	1	1
1	824436	A	T	18	37	2	1	1	1
1	644046	A	T	24	31	2	1	1	1
1	509318	A	T	22	33	2	1	1	1
1	962076	A	T	12	43	2	1	1	1
1	993976	A	T	11	44	2	1	1	1
1	6853	A	T	14	41	2	1	1	1
1	313189	A	T	26	29	2	1	1	1
1	543814	A	T	21	34	2	1	1	1
1	172174	A	T	16	39	2	1	1	1
1	737996	A	T	15	40	2	1	1	1
1	535311	A	T	8	47	2	1	1	1
1	596923	A	T	15	40	2	1	1	1
1	7959	A	T	20	35	2	1	1	1
1	447565	A	T	14	41	2	1	1	1
1	862154	A	T	16	39	2	1	1	1
1	383792	A	T	28	27	2	1	1	1
1	164683	A	T	23	32	2	1	1	1
1	170838	A	T	19	36	2	1	1	1
1	538553	A	T	19	36	2	1	1	1
1	583487	A	T	20	35	2	1	1	1
1	692499	A	T	17	38	2	1	1	1
1	361505	A	T	11	44	2	1	1	1
1	377867	A	T	14	41	2	1	1	1
1	204337	A	T	16	39	2	1	1	1
1	235294	A	T	11	44	2	1	1	1
1	427066	A	T	16	39	2	1	1	1
1	358155	A	T	14	41	2	1	1	1
1	228824	A	T	14	41	2	1	1	1
1	393618	A	T	17	38	2	1	1	1
1	601495	A	T	14	41	2	1	1	1
1	542748	A	T	9	46	2	1	1	1
1	971817	A	T	10	45	2	1	1	1
1	615626	A	T	21	34	2	1	1	1
1	295109	A	T	25	30	2	1	1	1
1	251760	A	T	9	46	2	1	1	1
1	794710	A	T	15	40	2	1	1	1
1	243784	A	T	16	39	2	1	1	1
1	136043	A	T	13	42	2	1	1	1
1	167994	A	T	30	25	2	1	1	1
1	181428	A	T	18	37	2	1	1	1
1	849931	A	T	13	42	2	1	1	1
1	503807	A	T	10	45	2	1	1	1
1	119576	A	T	28	27	2	1	1	1
1	181920	A	T	15	40	2	1	1	1
1	788246	A	T	16	39	2	1	1	1
1	334891	A	T	20	35	2	1	1	1
1	127646	A	T	21	34	2	1	1	1
1	679854	A	T	22	33	2	1	1	1
1	231420	A	T	12	43	2	1	1	1
1	194337	A	T	16	39	2	1	1	1
1	901243	A	T	20	35	2	1	1	1
1	278995	A	T	22	33	2	1	1	1
1	526663	A	T	15	40	2	1	1	1
1	349823	A	T	20	35	2	1	1	1
1	25580	A	T	20	35	2	1	1	1
1	36059	A	T	15	40	2	1	1	1
1	288493	A	T	12	43	2	1	1	1
1	634669	A	T	20	35	2	1	1	1
1	681472	A	T	21	34	2	1	1	1
1	421725	A	T	14	41	2	1	1	1
1	120942	A	T	24	31	2	1	1	1
1	687721	A	T	12	43	2	1	1	1
1	970705	A	T	18	37	2	1	1	1
1	206226	A	T	16	39	2	1	1	1
1	602620	A	T	24	31	2	1	1	1
1	218278	A	T	24	31	2	1	1	1
1	652276	A	T	19	36	2	1	1	1
1	885854	A	T	22	33	2	1	1	1
1	101642	A	T	18	37	2	1	1	1
1	91494	A	T	19	36	2	1	1	1
1	562728	A	T	16	39	2	1	1	1
1	2079	A	T	20	35	2	1	1	1
1	713820	A	T	26	29	2	1	1	1
1	888840	A	T	15	40	2	1	1	1
1	738676	A	T	14	41	2	1	1	1
1	895092	A	T	13	42	2	1	1	1
1	960480	A	T	16	39	2	1	1	1
1	945519	A	T	24	31	2	1	1	1
1	928045	A	T	15	40	2	1	1	1
1	587993	A	T	17	38	2	1	1	1
1	269839	A	T	12	43	2	1	1	1
1	973614	A	T	18	37	2	1	1	1
1	78161	A	T	23	32	2	1	1	1
1	108482	A	T	19	36	2	1	1	1
1	163845	A	T	27	28	2	1	1	1
1	169316	A	T	20	35	2	1	1	1
1	694485	A	T	23	32	2	1	1	1
1	846642	A	T	20	35	2	1	1	1
1	290460	A	T	16	39	2	1	1	1
1	617449	A	T	16	39	2	1	1	1
1	599071	A	T	19	36	2	1	1	1
1	320944	A	T	23	32	2	1	1	1
1	987879	A	T	15	40	2	1	1	1
1	446419	A	T	17	38	2	1	1	1
1	548459	A	T	18	37	2	1	1	1
1	171431	A	T	18	37	2	1	1	1
1	446718	A	T	18	37	2	1	1	1
1	160590	A	T	17	38	2	1	1	1
1	939280	A	T	24	31	2	1	1	1
1	768781	A	T	18	37	2	1	1	1
1	127664	A	T	18	37	2	1	1	1
1	749569	A	T	19	36	2	1	1	1
1	295025	A	T	22	33	2	1	1	1
1	241800	A	T	16	39	2	1	1	1
1	800193	A	T	19	36	2	1	1	1
1	909845	A	T	24	31	2	1	1	1
1	195928	A	T	18	37	2	1	1	1
1	461067	A	T	20	35	2	1	1	1
1	510016	A	T	14	41	2	1	1	1
1	972500	A	T	20	35	2	1	1	1
1	797040	A	T	4	51	2	1	1	1
1	805785	A	T	29	26	2	1	1	1
1	108018	A	T	25	30	2	1	1	1
1	789466	A	T	19	36	2	1	1	1
1	928981	A	T	28	27	2	1	1	1
1	30601	A	T	21	34	2	1	1	1
1	921516	A	T	17	38	2	1	1	1
1	289008	A	T	15	40	2	1	1	1
1	556524	A	T	20	35	2	1	1	1
1	803970	A	T	14	41	2	1	1	1
1	98678	A	T	18	37	2	1	1	1
1	400365	A	T	9	46	2	1	1	1
1	622763	A	T	16	39	2	1	1	1
1	199095	A	T	15	40	2	1	1	1
1	403302	A	T	15	40	2	1	1	1
1	871713	A	T	11	44	2	1	1	1
1	53541	A	T	12	43	2	1	1	1
1	393698	A	T	16	39	2	1	1	1
1	672134	A	T	18	37	2	1	1	1
1	97885	A	T	16	39	2	1	1	1
1	191125	A	T	24	31	2	1	1	1
1	773844	A	T	22	33	2	1	1	1
1	553401	A	T	18	37	2	1	1	1
1	14338	A	T	24	31	2	1	1	1
1	52899	A	T	22	33	2	1	1	1
1	165416	A	T	13	42	2	1	1	1
1	228106	A	T	13	42	2	1	1	1
1	475543	A	T	14	41	2	1	1	1
1	759186	A	T	25	30	2	1	1	1
1	929468	A	T	26	29	2	1	1	1
1	287079	A	T	19	36	2	1	1	1
1	453267	A	T	13	42	2	1	1	1
1	592911	A	T	21	34	2	1	1	1
1	196737	A	T	27	28	2	1	1	1
1	752630	A	T	26	29	2	1	1	1
1	225061	A	T	18	37	2	1	1	1
1	645412	A	T	21	34	2	1	1	1
1	790815	A	T	15	40	2	1	1	1
1	759530	A	T	12	43	2	1	1	1
1	45313	A	T	18	37	2	1	1	1
1	602810	A	T	14	41	2	1	1	1
1	961550	A	T	17	38	2	1	1	1
1	939951	A	T	16	39	2	1	1	1
1	863715	A	T	23	32	2	1	1	1
1	602248	A	T	23	32	2	1	1	1
1	464466	A	T	16	39	2	1	1	1
1	332911	A	T	16	39	2	1	1	1
1	707641	A	T	13	42	2	1	1	1
1	253936	A	T	27	28	2	1	1	1
1	503506	A	T	17	38	2	1	1	1
1	876949	A	T	22	33	2	1	1	1
1	635673	A	T	17	38	2	1	1	1
1	113587	A	T	22	33	2	1	1	1
1	682090	A	T	20	35	2	1	1	1
1	846910	A	T	19	36	2	1	1	1
1	321997	A	T	14	41	2	1	1	1
1	779188	A	T	18	37	2	1	1	1
1	695567	A	T	16	39	2	1	1	1
1	622543	A	T	19	36	2	1	1	1
1	853550	A	T	26	29	2	1	1	1
1	574571	A	T	22	33	2	1	1	1
1	930395	A	T	14	41	2	1	1	1
1	951386	A	T	15	40	2	1	1	1
1	968938	A	T	19	36	2	1	1	1
1	258202	A	T	11	44	2	1	1	1
1	845245	A	T	13	42	2	1	1	1
1	872518	A	T	18	37	2	1	1	1
1	4751	A	T	20	35	2	1	1	1
1	279491	A	T	18	37	2	1	1	1
1	290200	A	T	16	39	2	1	1	1
1	108167	A	T	26	29	2	1	1	1
1	884484	A	T	14	41	2	1	1	1
1	851027	A	T	20	35	2	1	1	1
1	396480	A	T	23	32	2	1	1	1
1	249169	A	T	16	39	2	1	1	1
1	222531	A	T	18	37	2	1	1	1
1	903600	A	T	17	38	2	1	1	1
1	30656	A	T	12	43	2	1	1	1
1	567221	A	T	19	36	2	1	1	1
1	39636	A	T	16	39	2	1	1	1
1	743991	A	T	19	36	2	1	1	1
1	363828	A	T	17	38	2	1	1	1
1	161872	A	T	24	31	2	1	1	1
1	50635	A	T	20	35	2	1	1	1
1	135109	A	T	17	38	2	1	1	1
1	873692	A	T	19	36	2	1	1	1
1	661444	A	T	17	38	2	1	1	1
1	766043	A	T	24	31	2	1	1	1
1	277541	A	T	32	23	2	1	1	1
1	809888	A	T	23	32	2	1	1	1
1	266268	A	T	16	39	2	1	1	1
1	790042	A	T	12	43	2	1	1	1
1	953919	A	T	16	39	2	1	1	1
1	408759	A	T	24	31	2	1	1	1
1	257297	A	T	8	47	2	1	1	1
1	516978	A	T	18	37	2	1	1	1
1	624118	A	T	13	42	2	1	1	1
1	227483	A	T	17	38	2	1	1	1
1	139755	A	T	17	38	2	1	1	1
1	456127	A	T	14	41	2	1	1	1
1	949950	A	T	25	30	2	1	1	1
1	400204	A	T	18	37	2	1	1	1
1	140876	A	T	25	30	2	1	1	1
1	938073	A	T	13	42	2	1	1	1
1	464958	A	T	21	34	2	1	1	1
1	310729	A	T	15	40	2	1	1	1
1	377055	A	T	22	33	2	1	1	1
1	368492	A	T	19	36	2	1	1	1
1	937494	A	T	16	39	2	1	1	1
1	202681	A	T	23	32	2	1	1	1
1	268259	A	T	23	32	2	1	1	1
1	381658	A	T	21	34	2	1	1	1
1	807655	A	T	10	45	2	1	1	1
1	984128	A	T	15	40	2	1	1	1
1	552255	A	T	17	38	2	1	1	1
1	538071	A	T	22	33	2	1	1	1
1	259001	A	T	16	39	2	1	1	1
1	464577	A	T	15	40	2	1	1	1
1	690487	A	T	12	43	2	1	1	1
1	848516	A	T	22	33	2	1	1	1
1	696986	A	T	17	38	2	1	1	1
1	152937	A	T	18	37	2	1	1	1
1	114914	A	T	21	34	2	1	1	1
1	999796	A	T	13	42	2	1	1	1
1	291267	A	T	13	42	2	1	1	1
1	608340	A	T	19	36	2	1	1	1
1	839117	A	T	18	37	2	1	1	1
1	474111	A	T	18	37	2	1	1	1
1	241176	A	T	15	40	2	1	1	1
1	747808	A	T	13	42	2	1	1	1
1	446122	A	T	17	38	2	1	1	1
1	809540	A	T	18	37	2	1	1	1
1	575741	A	T	23	32	2	1	1	1
1	790054	A	T	17	38	2	1	1	1
1	30485	A	T	19	36	2	1	1	1
1	601988	A	T	27	28	2	1	1	1
1	234995	A	T	20	35	2	1	1	1
1	623993	A	T	23	32	2	1	1	1
1	898731	A	T	26	29	2	1	1	1
1	507395	A	T	23	32	2	1	1	1
1	490852	A	T	16	39	2	1	1	1
1	735929	A	T	14	41	2	1	1	1
1	417764	A	T	23	32	2	1	1	1
1	22940	A	T	17	38	2	1	1	1
1	713339	A	T	15	40	2	1	1	1
1	18664	A	T	27	28	2	1	1	1
1	874604	A	T	21	34	2	1	1	1
1	542063	A	T	17	38	2	1	1	1
1	447450	A	T	20	35	2	1	1	1
1	550380	A	T	20	35	2	1	1	1
1	781482	A	T	29	26	2	1	1	1
1	338480	A	T	16	39	2	1	1	1
1	698772	A	T	17	38	2	1	1	1
1	198996	A	T	17	38	2	1	1	1
1	232593	A	T	19	36	2	1	1	1
1	147553	A	T	14	41	2	1	1	1
1	556571	A	T	17	38	2	1	1	1
1	46105	A	T	17	38	2	1	1	1
1	783051	A	T	25	30	2	1	1	1
1	413567	A	T	17	38	2	1	1	1
1	67719	A	T	10	45	2	1	1	1
1	249017	A	T	24	31	2	1	1	1
1	828192	A	T	17	38	2	1	1	1
1	10330	A	T	22	33	2	1	1	1
1	340040	A	T	23	32	2	1	1	1
1	688103	A	T	25	30	2	1	1	1
1	316729	A	T	17	38	2	1	1	1
1	42537	A	T	15	40	2	1	1	1
1	953162	A	T	19	36	2	1	1	1
1	725824	A	T	25	30	2	1	1	1
1	929302	A	T	10	45	2	1	1	1
1	89222	A	T	9	46	2	1	1	1
1	223681	A	T	21	34	2	1	1	1
1	32826	A	T	25	30	2	1	1	1
1	971387	A	T	14	41	2	1	1	1
1	71529	A	T	20	35	2	1	1	1
1	273978	A	T	14	41	2	1	1	1
1	826134	A	T	19	36	2	1	1	1
1	325842	A	T	19	36	2	1	1	1
1	571674	A	T	20	35	2	1	1	1
1	862565	A	T	18	37	2	1	1	1
1	39063	A	T	7	48	2	1	1	1
1	940867	A	T	24	31	2	1	1	1
1	519178	A	T	23	32	2	1	1	1
1	951547	A	T	24	31	2	1	1	1
1	363258	A	T	24	31	2	1	1	1
1	340076	A	T	17	38	2	1	1	1
1	419825	A	T	17	38	2	1	1	1
1	832349	A	T	21	34	2	1	1	1
1	331958	A	T	15	40	2	1	1	1
1	155060	A	T	12	43	2	1	1	1
1	685446	A	T	20	35	2	1	1	1
1	397547	A	T	20	35	2	1	1	1
1	214086	A	T	23	32	2	1	1	1
1	150931	A	T	25	30	2	1	1	1
1	989208	A	T	14	41	2	1	1	1
1	121981	A	T	15	40	2	1	1	1
1	186707	A	T	16	39	2	1	1	1
1	635472	A	T	21	34	2	1	1	1
1	604894	A	T	12	43	2	1	1	1
1	546372	A	T	21	34	2	1	1	1
1	727570	A	T	19	36	2	1	1	1
1	378885	A	T	20	35	2	1	1	1
1	406145	A	T	22	33	2	1	1	1
1	978635	A	T	23	32	2	1	1	1
1	488603	A	T	22	33	2	1	1	1
1	837332	A	T	13	42	2	1	1	1
1	653561	A	T	21	34	2	1	1	1
1	118789	A	T	19	36	2	1	1	1
1	182378	A	T	16	39	2	1	1	1
1	286065	A	T	26	29	2	1	1	1
1	159247	A	T	24	31	2	1	1	1
1	414376	A	T	9	46	2	1	1	1
1	512144	A	T	11	44	2	1	1	1
1	991495	A	T	17	38	2	1	1	1
1	975188	A	T	16	39	2	1	1	1
1	680736	A	T	20	35	2	1	1	1
1	7389	A	T	7	48	2	1	1	1
1	451538	A	T	19	36	2	1	1	1
1	327836	A	T	18	37	2	1	1	1
1	234787	A	T	25	30	2	1	1	1
1	247436	A	T	28	27	2	1	1	1
1	56239	A	T	20	35	2	1	1	1
1	482651	A	T	20	35	2	1	1	1
1	368751	A	T	13	42	2	1	1	1
1	524166	A	T	13	42	2	1	1	1
1	479205	A	T	14	41	2	1	1	1
1	485000	A	T	14	41	2	1	1	1
1	104770	A	T	16	39	2	1	1	1
1	405563	A	T	13	42	2	1	1	1
1	665861	A	T	21	34	2	1	1	1
1	350530	A	T	12	43	2	1	1	1
1	538589	A	T	14	41	2	1	1	1
1	980889	A	T	14	41	2	1	1	1
1	511015	A	T	15	40	2	1	1	1
1	282657	A	T	13	42	2	1	1	1
1	988540	A	T	16	39	2	1	1	1
1	244135	A	T	23	32	2	1	1	1
1	806414	A	T	23	32	2	1	1	1
1	179990	A	T	14	41	2	1	1	1
1	339068	A	T	11	44	2	1	1	1
1	770610	A	T	20	35	2	1	1	1
1	221340	A	T	19	36	2	1	1	1
1	412368	A	T	20	35	2	1	1	1
1	414652	A	T	25	30	2	1	1	1
1	685616	A	T	18	37	2	1	1	1
1	259279	A	T	11	44	2	1	1	1
1	376105	A	T	18	37	2	1	1	1
1	514623	A	T	17	38	2	1	1	1
1	569404	A	T	24	31	2	1	1	1
1	227605	A	T	22	33	2	1	1	1
1	376758	A	T	19	36	2	1	1	1
1	175416	A	T	15	40	2	1	1	1
1	850561	A	T	14	41	2	1	1	1
1	209225	A	T	14	41	2	1	1	1
1	569083	A	T	14	41	2	1	1	1
1	465873	A	T	18	37	2	1	1	1
1	219791	A	T	17	38	2	1	1	1
1	888348	A	T	14	41	2	1	1	1
1	205816	A	T	20	35	2	1	1	1
1	336445	A	T	21	34	2	1	1	1
1	402320	A	T	27	28	2	1	1	1
1	951387	A	T	16	39	2	1	1	1
1	761058	A	T	20	35	2	1	1	1
1	13954	A	T	12	43	2	1	1	1
1	165418	A	T	28	27	2	1	1	1
1	732305	A	T	21	34	2	1	1	1
1	872448	A	T	23	32	2	1	1	1
1	731558	A	T	20	35	2	1	1	1
1	950535	A	T	15	40	2	1	1	1
1	872689	A	T	10	45	2	1	1	1
1	808908	A	T	19	36	2	1	1	1
1	924924	A	T	14	41	2	1	1	1
1	707299	A	T	17	38	2	1	1	1
1	87088	A	T	13	42	2	1	1	1
1	930875	A	T	27	28	2	1	1	1
1	674964	A	T	19	36	2	1	1	1
1	27827	A	T	21	34	2	1	1	1
1	221817	A	T	12	43	2	1	1	1
1	323123	A	T	16	39	2	1	1	1
1	614769	A	T	14	41	2	1	1	1
1	881884	A	T	20	35	2	1	1	1
1	145214	A	T	17	38	2	1	1	1
1	214086	A	T	14	41	2	1	1	1
1	412225	A	T	8	47	2	1	1	1
1	216623	A	T	25	30	2	1	1	1
1	600576	A	T	20	35	2	1	1	1
1	276577	A	T	9	46	2	1	1	1
1	13854	A	T	17	38	2	1	1	1
1	962419	A	T	20	35	2	1	1	1
1	506370	A	T	15	40	2	1	1	1
1	87315	A	T	19	36	2	1	1	1
1	854519	A	T	11	44	2	1	1	1
1	182997	A	T	18	37	2	1	1	1
1	648879	A	T	9	46	2	1	1	1
1	981947	A	T	13	42	2	1	1	1
1	440592	A	T	19	36	2	1	1	1
1	983114	A	T	16	39	2	1	1	1
1	353822	A	T	25	30	2	1	1	1
1	965961	A	T	18	37	2	1	1	1
1	481270	A	T	17	38	2	1	1	1
1	696160	A	T	23	32	2	1	1	1
1	520745	A	T	22	33	2	1	1	1
1	560914	A	T	14	41	2	1	1	1
1	455968	A	T	16	39	2	1	1	1
1	117901	A	T	11	44	2	1	1	1
1	17021	A	T	12	43	2	1	1	1
1	702615	A	T	24	31	2	1	1	1
1	568493	A	T	14	41	2	1	1	1
1	943580	A	T	10	45	2	1	1	1
1	3656	A	T	21	34	2	1	1	1
1	29714	A	T	12	43	2	1	1	1
1	707849	A	T	18	37	2	1	1	1
1	889642	A	T	14	41	2	1	1	1
1	619845	A	T	17	38	2	1	1	1
1	433439	A	T	14	41	2	1	1	1
1	942687	A	T	20	35	2	1	1	1
1	808520	A	T	14	41	2	1	1	1
1	638962	A	T	19	36	2	1	1	1
1	558966	A	T	19	36	2	1	1	1
1	246923	A	T	22	33	2	1	1	1
1	191010	A	T	21	34	2	1	1	1
1	839484	A	T	19	36	2	1	1	1
1	324141	A	T	15	40	2	1	1	1
1	900514	A	T	18	37	2	1	1	1
1	674221	A	T	20	35	2	1	1	1
1	357870	A	T	13	42	2	1	1	1
1	44751	A	T	16	39	2	1	1	1
1	886621	A	T	13	42	2	1	1	1
1	566313	A	T	6	49	2	1	1	1
1	757540	A	T	24	31	2	1	1	1
1	755919	A	T	14	41	2	1	1	1
1	717556	A	T	23	32	2	1	1	1
1	959070	A	T	11	44	2	1	1	1
1	682952	A	T	17	38	2	1	1	1
1	576082	A	T	11	44	2	1	1	1
1	502425	A	T	16	39	2	1	1	1
1	404701	A	T	8	47	2	1	1	1
1	734571	A	T	17	38	2	1	1	1
1	878897	A	T	14	41	2	1	1	1
1	870776	A	T	26	29	2	1	1	1
1	654375	A	T	19	36	2	1	1	1
1	354893	A	T	19	36	2	1	1	1
1	329710	A	T	19	36	2	1	1	1
1	865198	A	T	15	40	2	1	1	1
1	111076	A	T	22	33	2	1	1	1
1	103715	A	T	13	42	2	1	1	1
1	855578	A	T	18	37	2	1	1	1
1	445553	A	T	18	37	2	1	1	1
1	424741	A	T	19	36	2	1	1	1
1	420750	A	T	21	34	2	1	1	1
1	120937	A	T	13	42	2	1	1	1
1	101402	A	T	17	38	2	1	1	1
1	704446	A	T	15	40	2	1	1	1
1	342838	A	T	18	37	2	1	1	1
1	680303	A	T	18	37	2	1	1	1
1	163492	A	T	21	34	2	1	1	1
1	185388	A	T	20	35	2	1	1	1
1	284076	A	T	24	31	2	1	1	1
1	197072	A	T	20	35	2	1	1	1
1	407034	A	T	17	38	2	1	1	1
1	369770	A	T	12	43	2	1	1	1
1	874973	A	T	15	40	2	1	1	1
1	684064	A	T	21	34	2	1	1	1
1	752934	A	T	17	38	2	1	1	1
1	202294	A	T	25	30	2	1	1	1
1	166258	A	T	18	37	2	1	1	1
1	526510	A	T	16	39	2	1	1	1
1	774001	A	T	22	33	2	1	1	1
1	242842	A	T	19	36	2	1	1	1
1	602384	A	T	18	37	2	1	1	1
1	67543	A	T	16	39	2	1	1	1
1	642128	A	T	19	36	2	1	1	1
1	700389	A	T	14	41	2	1	1	1
1	402713	A	T	23	32	2	1	1	1
1	616052	A	T	15	40	2	1	1	1
1	583141	A	T	21	34	2	1	1	1
1	391212	A	T	16	39	2	1	1	1
1	658952	A	T	16	39	2	1	1	1
1	42675	A	T	16	39	2	1	1	1
1	521896	A	T	18	37	2	1	1	1
1	356474	A	T	17	38	2	1	1	1
1	245368	A	T	15	40	2	1	1	1
1	348727	A	T	23	32	2	1	1	1
1	552655	A	T	18	37	2	1	1	1
1	722856	A	T	14	41	2	1	1	1
1	173260	A	T	9	46	2	1	1	1
1	818227	A	T	14	41	2	1	1	1
1	615818	A	T	17	38	2	1	1	1
1	874190	A	T	11	44	2	1	1	1
1	225009	A	T	20	35	2	1	1	1
1	800787	A	T	28	27	2	1	1	1
1	1122	A	T	20	35	2	1	1	1
1	555856	A	T	23	32	2	1	1	1
1	1279	A	T	13	42	2	1	1	1
1	411426	A	T	17	38	2	1	1	1
1	323084	A	T	14	41	2	1	1	1
1	568914	A	T	25	30	2	1	1	1
1	245951	A	T	13	42	2	1	1	1
1	684950	A	T	22	33	2	1	1	1
1	18819	A	T	18	37	2	1	1	1
1	689467	A	T	17	38	2	1	1	1
1	18359	A	T	15	40	2	1	1	1
1	557490	A	T	15	40	2	1	1	1
1	42332	A	T	17	38	2	1	1	1
1	571146	A	T	19	36	2	1	1	1
1	720722	A	T	22	33	2	1	1	1
1	992909	A	T	16	39	2	1	1	1
1	383265	A	T	10	45	2	1	1	1
1	701301	A	T	25	30	2	1	1	1
1	845397	A	T	18	37	2	1	1	1
1	799934	A	T	12	43	2	1	1	1
1	129217	A	T	12	43	2	1	1	1
1	547759	A	T	20	35	2	1	1	1
1	183988	A	T	11	44	2	1	1	1
1	433772	A	T	24	31	2	1	1	1
1	528285	A	T	17	38	2	1	1	1
1	321574	A	T	12	43	2	1	1	1
1	622905	A	T	15	40	2	1	1	1
1	798860	A	T	13	42	2	1	1	1
1	687199	A	T	19	36	2	1	1	1
1	924422	A	T	20	35	2	1	1	1
1	224154	A	T	8	47	2	1	1	1
1	702257	A	T	14	41	2	1	1	1
1	812943	A	T	20	35	2	1	1	1
1	748794	A	T	15	40	2	1	1	1
1	456019	A	T	13	42	2	1	1	1
1	406773	A	T	24	31	2	1	1	1
1	300818	A	T	25	30	2	1	1	1
1	944636	A	T	15	40	2	1	1	1
1	831732	A	T	17	38	2	1	1	1
1	23901	A	T	24	31	2	1	1	1
1	75414	A	T	27	28	2	1	1	1
1	972539	A	T	10	45	2	1	1	1
1	130746	A	T	17	38	2	1	1	1
1	599767	A	T	27	28	2	1	1	1
1	756737	A	T	17	38	2	1	1	1
1	866601	A	T	10	45	2	1	1	1
1	576678	A	T	20	35	2	1	1	1
1	944255	A	T	18	37	2	1	1	1
1	874340	A	T	14	41	2	1	1	1
1	916764	A	T	17	38	2	1	1	1
1	704393	A	T	22	33	2	1	1	1
1	976720	A	T	17	38	2	1	1	1
1	364794	A	T	22	33	2	1	1	1
1	514011	A	T	21	34	2	1	1	1
1	931656	A	T	28	27	2	1	1	1
1	532850	A	T	17	38	2	1	1	1
1	991767	A	T	18	37	2	1	1	1
1	306185	A	T	17	38	2	1	1	1
1	226733	A	T	15	40	2	1	1	1
1	328738	A	T	16	39	2	1	1	1
1	804037	A	T	25	30	2	1	1	1
1	651642	A	T	16	39	2	1	1	1
1	930630	A	T	14	41	2	1	1	1
1	418757	A	T	14	41	2	1	1	1
1	230333	A	T	22	33	2	1	1	1
1	835876	A	T	14	41	2	1	1	1
1	841526	A	T	18	37	2	1	1	1
1	955303	A	T	24	31	2	1	1	1
1	949943	A	T	19	36	2	1	1	1
1	972995	A	T	17	38	2	1	1	1
1	961888	A	T	16	39	2	1	1	1
1	819920	A	T	19	36	2	1	1	1
1	674222	A	T	25	30	2	1	1	1
1	865854	A	T	10	45	2	1	1	1
1	613150	A	T	18	37	2	1	1	1
1	910006	A	T	13	42	2	1	1	1
1	972229	A	T	20	35	2	1	1	1
1	982525	A	T	12	43	2	1	1	1
1	991267	A	T	9	46	2	1	1	1
1	230643	A	T	19	36	2	1	1	1
1	148381	A	T	13	42	2	1	1	1
1	454569	A	T	20	35	2	1	1	1
1	604530	A	T	13	42	2	1	1	1
1	299352	A	T	19	36	2	1	1	1
1	532926	A	T	20	35	2	1	1	1
1	624244	A	T	12	43	2	1	1	1
1	22891	A	T	8	47	2	1	1	1
1	841171	A	T	17	38	2	1	1	1
1	164005	A	T	18	37	2	1	1	1
1	807723	A	T	7	48	2	1	1	1
1	516852	A	T	16	39	2	1	1	1
1	430563	A	T	21	34	2	1	1	1
1	946632	A	T	24	31	2	1	1	1
1	373211	A	T	22	33	2	1	1	1
1	156251	A	T	14	41	2	1	1	1
1	756537	A	T	17	38	2	1	1	1
1	813837	A	T	16	39	2	1	1	1
1	946712	A	T	14	41	2	1	1	1
1	581591	A	T	20	35	2	1	1	1
1	252053	A	T	14	41	2	1	1	1
1	883472	A	T	19	36	2	1	1	1
1	853014	A	T	16	39	2	1	1	1
1	709008	A	T	13	42	2	1	1	1
1	194855	A	T	19	36	2	1	1	1
1	960883	A	T	20	35	2	1	1	1
1	991742	A	T	26	29	2	1	1	1
1	434755	A	T	25	30	2	1	1	1
1	854186	A	T	12	43	2	1	1	1
1	936695	A	T	16	39	2	1	1	1
1	886436	A	T	15	40	2	1	1	1
1	194524	A	T	12	43	2	1	1	1
1	886625	A	T	18	37	2	1	1	1
1	89120	A	T	20	35	2	1	1	1
1	594793	A	T	22	33	2	1	1	1
1	846281	A	T	12	43	2	1	1	1
1	745046	A	T	10	45	2	1	1	1
1	1266	A	T	18	37	2	1	1	1
1	796449	A	T	9	46	2	1	1	1
1	538375	A	T	17	38	2	1	1	1
1	485860	A	T	22	33	2	1	1	1
1	141169	A	T	18	37	2	1	1	1
1	474952	A	T	13	42	2	1	1	1
1	103480	A	T	12	43	2	1	1	1
1	203539	A	T	13	42	2	1	1	1
1	110200	A	T	17	38	2	1	1	1
1	925258	A	T	18	37	2	1	1	1
1	628585	A	T	17	38	2	1	1	1
1	428211	A	T	20	35	2	1	1	1
1	821184	A	T	17	38	2	1	1	1
1	568942	A	T	14	41	2	1	1	1
1	18570	A	T	19	36	2	1	1	1
1	844565	A	T	23	32	2	1	1	1
1	943471	A	T	13	42	2	1	1	1
1	796656	A	T	18	37	2	1	1	1
1	272242	A	T	28	27	2	1	1	1
1	367848	A	T	15	40	2	1	1	1
1	287358	A	T	13	42	2	1	1	1
1	344787	A	T	22	33	2	1	1	1
1	484341	A	T	15	40	2	1	1	1
1	954365	A	T	16	39	2	1	1	1
1	749459	A	T	19	36	2	1	1	1
1	160607	A	T	27	28	2	1	1	1
1	740057	A	T	20	35	2	1	1	1
1	330614	A	T	12	43	2	1	1	1
1	160660	A	T	21	34	2	1	1	1
1	150524	A	T	20	35	2	1	1	1
1	967023	A	T	25	30	2	1	1	1
1	888148	A	T	21	34	2	1	1	1
1	806403	A	T	11	44	2	1	1	1
1	308998	A	T	19	36	2	1	1	1
1	854269	A	T	18	37	2	1	1	1
1	938085	A	T	22	33	2	1	1	1
1	535358	A	T	16	39	2	1	1	1
1	731694	A	T	21	34	2	1	1	1
1	823076	A	T	18	37	2	1	1	1
1	682611	A	T	17	38	2	1	1	1
1	165883	A	T	15	40	2	1	1	1
1	839637	A	T	13	42	2	1	1	1
1	29508	A	T	21	34	2	1	1	1
1	128902	A	T	9	46	2	1	1	1
1	244444	A	T	16	39	2	1	1	1
1	883607	A	T	31	24	2	1	1	1
1	438280	A	T	21	34	2	1	1	1
1	775608	A	T	14	41	2	1	1	1
1	839775	A	T	19	36	2	1	1	1
1	120805	A	T	13	42	2	1	1	1
1	543114	A	T	20	35	2	1	1	1
1	81038	A	T	10	45	2	1	1	1
1	32478	A	T	17	38	2	1	1	1
1	160020	A	T	13	42	2	1	1	1
1	313771	A	T	20	35	2	1	1	1
1	342984	A	T	27	28	2	1	1	1
1	124534	A	T	19	36	2	1	1	1
1	381613	A	T	16	39	2	1	1	1
1	695985	A	T	17	38	2	1	1	1
1	210741	A	T	19	36	2	1	1	1
1	855295	A	T	21	34	2	1	1	1
1	99522	A	T	14	41	2	1	1	1
1	916312	A	T	19	36	2	1	1	1
1	321664	A	T	17	38	2	1	1	1
1	891998	A	T	19	36	2	1	1	1
1	589100	A	T	20	35	2	1	1	1
1	570139	A	T	18	37	2	1	1	1
1	22437	A	T	20	35	2	1	1	1
1	531410	A	T	19	36	2	1	1	1
1	996105	A	T	15	40	2	1	1	1
1	234165	A	T	18	37	2	1	1	1
1	767627	A	T	23	32	2	1	1	1
1	984715	A	T	25	30	2	1	1	1
1	112410	A	T	15	40	2	1	1	1
1	461189	A	T	8	47	2	1	1	1
1	823208	A	T	14	41	2	1	1	1
1	817782	A	T	18	37	2	1	1	1
1	714442	A	T	14	41	2	1	1	1
1	342204	A	T	18	37	2	1	1	1
1	561539	A	T	15	40	2	1	1	1
1	783100	A	T	17	38	2	1	1	1
1	167381	A	T	33	22	2	1	1	1
1	640901	A	T	20	35	2	1	1	1
1	28863	A	T	18	37	2	1	1	1
1	739208	A	T	17	38	2	1	1	1
1	824315	A	T	14	41	2	1	1	1
1	439972	A	T	18	37	2	1	1	1
1	667852	A	T	30	25	2	1	1	1
1	979762	A	T	16	39	2	1	1	1
1	867422	A	T	14	41	2	1	1	1
1	94955	A	T	27	28	2	1	1	1
1	798669	A	T	19	36	2	1	1	1
1	804971	A	T	14	41	2	1	1	1
1	512993	A	T	17	38	2	1	1	1
1	932399	A	T	22	33	2	1	1	1
1	510442	A	T	18	37	2	1	1	1
1	536932	A	T	16	39	2	1	1	1
1	459793	A	T	18	37	2	1	1	1
1	259149	A	T	18	37	2	1	1	1
1	432688	A	T	20	35	2	1	1	1
1	45436	A	T	9	46	2	1	1	1
1	609589	A	T	21	34	2	1	1	1
1	582071	A	T	16	39	2	1	1	1
1	181802	A	T	7	48	2	1	1	1
1	897876	A	T	16	39	2	1	1	1
1	227512	A	T	19	36	2	1	1	1
1	406930	A	T	30	25	2	1	1	1
1	202275	A	T	18	37	2	1	1	1
1	563154	A	T	15	40	2	1	1	1
1	874705	A	T	25	30	2	1	1	1
1	612993	A	T	16	39	2	1	1	1
1	895619	A	T	20	35	2	1	1	1
1	423307	A	T	25	30	2	1	1	1
1	800	A	T	20	35	2	1	1	1
1	630781	A	T	16	39	2	1	1	1
1	556558	A	T	16	39	2	1	1	1
1	129587	A	T	24	31	2	1	1	1
1	603282	A	T	26	29	2	1	1	1
1	52941	A	T	14	41	2	1	1	1
1	305319	A	T	14	41	2	1	1	1
1	867284	A	T	24	31	2	1	1	1
1	168221	A	T	14	41	2	1	1	1
1	766786	A	T	32	23	2	1	1	1
1	634202	A	T	19	36	2	1	1	1
1	578688	A	T	17	38	2	1	1	1
1	287900	A	T	17	38	2	1	1	1
1	205809	A	T	15	40	2	1	1	1
1	905695	A	T	25	30	2	1	1	1
1	282160	A	T	18	37	2	1	1	1
1	15275	A	T	17	38	2	1	1	1
1	371367	A	T	16	39	2	1	1	1
1	701358	A	T	15	40	2	1	1	1
1	140708	A	T	18	37	2	1	1	1
1	986561	A	T	13	42	2	1	1	1
1	72740	A	T	23	32	2	1	1	1
1	105836	A	T	14	41	2	1	1	1
1	218416	A	T	14	41	2	1	1	1
1	609109	A	T	16	39	2	1	1	1
1	697872	A	T	12	43	2	1	1	1
1	389309	A	T	23	32	2	1	1	1
1	161856	A	T	11	44	2	1	1	1
1	316632	A	T	15	40	2	1	1	1
1	416733	A	T	13	42	2	1	1	1
1	561597	A	T	21	34	2	1	1	1
1	627244	A	T	30	25	2	1	1	1
1	555927	A	T	17	38	2	1	1	1
1	615684	A	T	20	35	2	1	1	1
1	774189	A	T	15	40	2	1	1	1
1	781961	A	T	17	38	2	1	1	1
1	757849	A	T	15	40	2	1	1	1
1	483502	A	T	23	32	2	1	1	1
1	487819	A	T	23	32	2	1	1	1
1	876369	A	T	21	34	2	1	1	1
1	623238	A	T	25	30	2	1	1	1
1	946346	A	T	20	35	2	1	1	1
1	97766	A	T	19	36	2	1	1	1
1	16690	A	T	25	30	2	1	1	1
1	513775	A	T	14	41	2	1	1	1
1	489835	A	T	17	38	2	1	1	1
1	550287	A	T	22	33	2	1	1	1
1	487562	A	T	19	36	2	1	1	1
1	747057	A	T	3	52	2	1	1	1
1	968251	A	T	15	40	2	1	1	1
1	672669	A	T	20	35	2	1	1	1
1	345140	A	T	14	41	2	1	1	1
1	100165	A	T	21	34	2	1	1	1
1	291622	A	T	16	39	2	1	1	1
1	793754	A	T	19	36	2	1	1	1
1	708261	A	T	22	33	2	1	1	1
1	646364	A	T	11	44	2	1	1	1
1	968597	A	T	18	37	2	1	1	1
1	456528	A	T	21	34	2	1	1	1
1	976188	A	T	11	44	2	1	1	1
1	973218	A	T	19	36	2	1	1	1
1	693633	A	T	20	35	2	1	1	1
1	965785	A	T	19	36	2	1	1	1
1	583151	A	T	19	36	2	1	1	1
1	125412	A	T	17	38	2	1	1	1
1	133400	A	T	15	40	2	1	1	1
1	873505	A	T	16	39	2	1	1	1
1	304202	A	T	22	33	2	1	1	1
1	849842	A	T	19	36	2	1	1	1
1	232803	A	T	19	36	2	1	1	1
1	720235	A	T	24	31	2	1	1	1
1	791023	A	T	14	41	2	1	1	1
1	377615	A	T	18	37	2	1	1	1
1	619221	A	T	17	38	2	1	1	1
1	472354	A	T	20	35	2	1	1	1
1	912860	A	T	18	37	2	1	1	1
1	498913	A	T	12	43	2	1	1	1
1	656670	A	T	19	36	2	1	1	1
1	669432	A	T	21	34	2	1	1	1
1	618828	A	T	21	34	2	1	1	1
1	728540	A	T	24	31	2	1	1	1
1	968829	A	T	20	35	2	1	1	1
1	978341	A	T	28	27	2	1	1	1
1	497846	A	T	23	32	2	1	1	1
1	354344	A	T	13	42	2	1	1	1
1	793356	A	T	13	42	2	1	1	1
1	318825	A	T	18	37	2	1	1	1
1	807236	A	T	22	33	2	1	1	1
1	850923	A	T	18	37	2	1	1	1
1	746860	A	T	16	39	2	1	1	1
1	883916	A	T	17	38	2	1	1	1
1	846298	A	T	21	34	2	1	1	1
1	109091	A	T	20	35	2	1	1	1
1	90961	A	T	18	37	2	1	1	1
1	246267	A	T	15	40	2	1	1	1
1	205548	A	T	14	41	2	1	1	1
1	60647	A	T	22	33	2	1	1	1
1	106098	A	T	14	41	2	1	1	1
1	540863	A	T	14	41	2	1	1	1
1	804793	A	T	11	44	2	1	1	1
1	31638	A	T	20	35	2	1	1	1
1	886428	A	T	13	42	2	1	1	1
1	396172	A	T	12	43	2	1	1	1
1	606817	A	T	26	29	2	1	1	1
1	912870	A	T	17	38	2	1	1	1
1	794883	A	T	15	40	2	1	1	1
1	348334	A	T	15	40	2	1	1	1
1	244084	A	T	14	41	2	1	1	1
1	477494	A	T	15	40	2	1	1	1
1	606948	A	T	9	46	2	1	1	1
1	750649	A	T	17	38	2	1	1	1
1	272628	A	T	27	28	2	1	1	1
1	82278	A	T	18	37	2	1	1	1
1	722360	A	T	22	33	2	1	1	1
1	152981	A	T	7	48	2	1	1	1
1	7328	A	T	18	37	2	1	1	1
1	410069	A	T	15	40	2	1	1	1
1	725844	A	T	13	42	2	1	1	1
1	734438	A	T	18	37	2	1	1	1
1	907155	A	T	24	31	2	1	1	1
1	812254	A	T	21	34	2	1	1	1
1	160203	A	T	12	43	2	1	1	1
1	69953	A	T	16	39	2	1	1	1
1	856880	A	T	15	40	2	1	1	1
1	82453	A	T	21	34	2	1	1	1
1	553491	A	T	14	41	2	1	1	1
1	37043	A	T	25	30	2	1	1	1
1	543484	A	T	18	37	2	1	1	1
1	166343	A	T	16	39	2	1	1	1
1	570288	A	T	22	33	2	1	1	1
1	63993	A	T	15	40	2	1	1	1
1	840859	A	T	22	33	2	1	1	1
1	688039	A	T	17	38	2	1	1	1
1	896258	A	T	17	38	2	1	1	1
1	205610	A	T	22	33	2	1	1	1
1	171128	A	T	25	30	2	1	1	1
1	641387	A	T	18	37	2	1	1	1
1	747647	A	T	15	40	2	1	1	1
1	522928	A	T	16	39	2	1	1	1
1	96887	A	T	24	31	2	1	1	1
1	367050	A	T	15	40	2	1	1	1
1	832552	A	T	17	38	2	1	1	1
1	505204	A	T	25	30	2	1	1	1
1	599587	A	T	28	27	2	1	1	1
1	719605	A	T	15	40	2	1	1	1
1	330413	A	T	19	36	2	1	1	1
1	281795	A	T	10	45	2	1	1	1
1	767369	A	T	21	34	2	1	1	1
1	206373	A	T	16	39	2	1	1	1
1	586204	A	T	10	45	2	1	1	1
1	250080	A	T	7	48	2	1	1	1
1	457771	A	T	16	39	2	1	1	1
1	694363	A	T	13	42	2	1	1	1
1	746158	A	T	24	31	2	1	1	1
1	231966	A	T	13	42	2	1	1	1
1	858173	A	T	18	37	2	1	1	1
1	771439	A	T	15	40	2	1	1	1
1	31415	A	T	16	39	2	1	1	1
1	405967	A	T	15	40	2	1	1	1
1	700747	A	T	18	37	2	1	1	1
1	289249	A	T	20	35	2	1	1	1
1	641377	A	T	21	34	2	1	1	1
1	693052	A	T	16	39	2	1	1	1
1	642224	A	T	15	40	2	1	1	1
1	613360	A	T	14	41	2	1	1	1
1	838209	A	T	19	36	2	1	1	1
1	4453	A	T	16	39	2	1	1	1
1	885546	A	T	27	28	2	1	1	1
1	886558	A	T	13	42	2	1	1	1
1	5550	A	T	21	34	2	1	1	1
1	933093	A	T	14	41	2	1	1	1
1	972002	A	T	20	35	2	1	1	1
1	289146	A	T	20	35	2	1	1	1
1	64501	A	T	23	32	2	1	1	1
1	457694	A	T	17	38	2	1	1	1
1	99367	A	T	15	40	2	1	1	1
1	258781	A	T	16	39	2	1	1	1
1	989949	A	T	23	32	2	1	1	1
1	202398	A	T	18	37	2	1	1	1
1	239370	A	T	23	32	2	1	1	1
1	997774	A	T	13	42	2	1	1	1
1	140380	A	T	23	32	2	1	1	1
1	907921	A	T	24	31	2	1	1	1
1	515407	A	T	19	36	2	1	1	1
1	425257	A	T	15	40	2	1	1	1
1	756576	A	T	25	30	2	1	1	1
1	465993	A	T	21	34	2	1	1	1
1	399571	A	T	19	36	2	1	1	1
1	17862	A	T	14	41	2	1	1	1
1	885141	A	T	24	31	2	1	1	1
1	201069	A	T	11	44	2	1	1	1
1	887488	A	T	16	39	2	1	1	1
1	246357	A	T	24	31	2	1	1	1
1	906963	A	T	14	41	2	1	1	1
1	145171	A	T	18	37	2	1	1	1
1	213044	A	T	18	37	2	1	1	1
1	242490	A	T	24	31	2	1	1	1
1	527187	A	T	17	38	2	1	1	1
1	411378	A	T	19	36	2	1	1	1
1	371107	A	T	19	36	2	1	1	1
1	836356	A	T	21	34	2	1	1	1
1	337915	A	T	23	32	2	1	1	1
1	404227	A	T	17	38	2	1	1	1
1	503144	A	T	22	33	2	1	1	1
1	208980	A	T	22	33	2	1	1	1
1	625270	A	T	17	38	2	1	1	1
1	681166	A	T	17	38	2	1	1	1
1	794664	A	T	19	36	2	1	1	1
1	432612	A	T	18	37	2	1	1	1
1	612021	A	T	17	38	2	1	1	1
1	814458	A	T	22	33	2	1	1	1
1	751222	A	T	19	36	2	1	1	1
1	676464	A	T	24	31	2	1	1	1
1	383398	A	T	22	33	2	1	1	1
1	501424	A	T	21	34	2	1	1	1
1	869758	A	T	21	34	2	1	1	1
1	683907	A	T	9	46	2	1	1	1
1	879574	A	T	12	43	2	1	1	1
1	865923	A	T	11	44	2	1	1	1
1	496845	A	T	20	35	2	1	1	1
1	758097	A	T	13	42	2	1	1	1
1	68655	A	T	18	37	2	1	1	1
1	327205	A	T	26	29	2	1	1	1
1	334059	A	T	16	39	2	1	1	1
1	640122	A	T	23	32	2	1	1	1
1	601590	A	T	23	32	2	1	1	1
1	230893	A	T	22	33	2	1	1	1
1	931928	A	T	19	36	2	1	1	1
1	718094	A	T	14	41	2	1	1	1
1	331982	A	T	23	32	2	1	1	1
1	464911	A	T	21	34	2	1	1	1
1	804138	A	T	16	39	2	1	1	1
1	961281	A	T	18	37	2	1	1	1
1	501904	A	T	18	37	2	1	1	1
1	16465	A	T	18	37	2	1	1	1
1	515226	A	T	24	31	2	1	1	1
1	765603	A	T	18	37	2	1	1	1
1	840148	A	T	19	36	2	1	1	1
1	709110	A	T	15	40	2	1	1	1
1	78405	A	T	10	45	2	1	1	1
1	747567	A	T	21	34	2	1	1	1
1	442028	A	T	10	45	2	1	1	1
1	345215	A	T	9	46	2	1	1	1
1	949816	A	T	14	41	2	1	1	1
1	660464	A	T	22	33	2	1	1	1
1	638234	A	T	14	41	2	1	1	1
1	251099	A	T	20	35	2	1	1	1
1	443297	A	T	28	27	2	1	1	1
1	532377	A	T	21	34	2	1	1	1
1	882655	A	T	15	40	2	1	1	1
1	50607	A	T	14	41	2	1	1	1
1	303814	A	T	16	39	2	1	1	1
1	58752	A	T	15	40	2	1	1	1
1	303082	A	T	13	42	2	1	1	1
1	189580	A	T	22	33	2	1	1	1
1	52421	A	T	17	38	2	1	1	1
1	358821	A	T	17	38	2	1	1	1
1	230122	A	T	22	33	2	1	1	1
1	781703	A	T	13	42	2	1	1	1
1	686652	A	T	13	42	2	1	1	1
1	724016	A	T	18	37	2	1	1	1
1	56716	A	T	22	33	2	1	1	1
1	810073	A	T	23	32	2	1	1	1
1	29353	A	T	31	24	2	1	1	1
1	135721	A	T	21	34	2	1	1	1
1	452848	A	T	24	31	2	1	1	1
1	673048	A	T	16	39	2	1	1	1
1	469141	A	T	26	29	2	1	1	1
1	938037	A	T	19	36	2	1	1	1
1	717754	A	T	19	36	2	1	1	1
1	521974	A	T	18	37	2	1	1	1
1	779973	A	T	21	34	2	1	1	1
1	109758	A	T	18	37	2	1	1	1
1	596645	A	T	14	41	2	1	1	1
1	123549	A	T	24	31	2	1	1	1
1	716604	A	T	20	35	2	1	1	1
1	444540	A	T	12	43	2	1	1	1
1	974571	A	T	17	38	2	1	1	1
1	694101	A	T	17	38	2	1	1	1
1	853227	A	T	13	42	2	1	1	1
1	929717	A	T	22	33	2	1	1	1
1	250475	A	T	15	40	2	1	1	1
1	300338	A	T	20	35	2	1	1	1
1	308791	A	T	23	32	2	1	1	1
1	260722	A	T	21	34	2	1	1	1
1	169442	A	T	20	35	2	1	1	1
1	764045	A	T	18	37	2	1	1	1
1	584994	A	T	19	36	2	1	1	1
1	602748	A	T	16	39	2	1	1	1
1	648336	A	T	26	29	2	1	1	1
1	334976	A	T	19	36	2	1	1	1
1	218093	A	T	21	34	2	1	1	1
1	90839	A	T	18	37	2	1	1	1
1	250678	A	T	27	28	2	1	1	1
1	811601	A	T	26	29	2	1	1	1
1	434862	A	T	14	41	2	1	1	1
1	737513	A	T	18	37	2	1	1	1
1	418495	A	T	22	33	2	1	1	1
1	577232	A	T	12	43	2	1	1	1
1	85218	A	T	17	38	2	1	1	1
1	101473	A	T	14	41	2	1	1	1
1	539730	A	T	14	41	2	1	1	1
1	410434	A	T	16	39	2	1	1	1
1	584066	A	T	8	47	2	1	1	1
1	503180	A	T	11	44	2	1	1	1
1	99704	A	T	14	41	2	1	1	1
1	209282	A	T	14	41	2	1	1	1
1	793394	A	T	16	39	2	1	1	1
1	420238	A	T	26	29	2	1	1	1
1	529280	A	T	19	36	2	1	1	1
1	677700	A	T	18	37	2	1	1	1
1	206815	A	T	16	39	2	1	1	1
1	590959	A	T	11	44	2	1	1	1
1	490479	A	T	18	37	2	1	1	1
1	185790	A	T	14	41	2	1	1	1
1	733993	A	T	7	48	2	1	1	1
1	586278	A	T	18	37	2	1	1	1
1	104388	A	T	21	34	2	1	1	1
1	544736	A	T	20	35	2	1	1	1
1	287240	A	T	10	45	2	1	1	1
1	820002	A	T	15	40	2	1	1	1
1	381395	A	T	26	29	2	1	1	1
1	967756	A	T	20	35	2	1	1	1
1	45503	A	T	17	38	2	1	1	1
1	832148	A	T	14	41	2	1	1	1
1	528425	A	T	21	34	2	1	1	1
1	993597	A	T	19	36	2	1	1	1
1	772567	A	T	25	30	2	1	1	1
1	346849	A	T	24	31	2	1	1	1
1	659532	A	T	13	42	2	1	1	1
1	594489	A	T	18	37	2	1	1	1
1	341205	A	T	16	39	2	1	1	1
1	534005	A	T	12	43	2	1	1	1
1	617308	A	T	13	42	2	1	1	1
1	902145	A	T	19	36	2	1	1	1
1	356156	A	T	21	34	2	1	1	1
1	273814	A	T	22	33	2	1	1	1
1	927148	A	T	15	40	2	1	1	1
1	41903	A	T	21	34	2	1	1	1
1	499633	A	T	18	37	2	1	1	1
1	746936	A	T	26	29	2	1	1	1
1	723064	A	T	15	40	2	1	1	1
1	22253	A	T	21	34	2	1	1	1
1	358114	A	T	21	34	2	1	1	1
1	886809	A	T	11	44	2	1	1	1
1	241755	A	T	24	31	2	1	1	1
1	481303	A	T	26	29	2	1	1	1
1	903613	A	T	23	32	2	1	1	1
1	559280	A	T	9	46	2	1	1	1
1	316262	A	T	30	25	2	1	1	1
1	555770	A	T	21	34	2	1	1	1
1	214191	A	T	15	40	2	1	1	1
1	617580	A	T	9	46	2	1	1	1
1	456845	A	T	18	37	2	1	1	1
1	698266	A	T	17	38	2	1	1	1
1	341511	A	T	16	39	2	1	1	1
1	154052	A	T	14	41	2	1	1	1
1	898514	A	T	20	35	2	1	1	1
1	899439	A	T	17	38	2	1	1	1
1	551425	A	T	17	38	2	1	1	1
1	266420	A	T	24	31	2	1	1	1
1	941916	A	T	13	42	2	1	1	1
1	173597	A	T	18	37	2	1	1	1
1	191262	A	T	13	42	2	1	1	1
1	658548	A	T	18	37	2	1	1	1
1	642131	A	T	22	33	2	1	1	1
1	897857	A	T	22	33	2	1	1	1
1	392746	A	T	14	41	2	1	1	1
1	73227	A	T	13	42	2	1	1	1
1	169568	A	T	14	41	2	1	1	1
1	5227	A	T	18	37	2	1	1	1
1	229215	A	T	17	38	2	1	1	1
1	950433	A	T	15	40	2	1	1	1
1	64015	A	T	18	37	2	1	1	1
1	582888	A	T	16	39	2	1	1	1
1	111014	A	T	13	42	2	1	1	1
1	537314	A	T	19	36	2	1	1	1
1	181251	A	T	11	44	2	1	1	1
1	86482	A	T	12	43	2	1	1	1
1	753061	A	T	19	36	2	1	1	1
1	373712	A	T	22	33	2	1	1	1
1	563478	A	T	13	42	2	1	1	1
1	918019	A	T	11	44	2	1	1	1
1	774005	A	T	22	33	2	1	1	1
1	263152	A	T	25	30	2	1	1	1
1	909294	A	T	15	40	2	1	1	1
1	678812	A	T	19	36	2	1	1	1
1	676060	A	T	11	44	2	1	1	1
1	263334	A	T	25	30	2	1	1	1
1	608633	A	T	16	39	2	1	1	1
1	345085	A	T	19	36	2	1	1	1
1	265709	A	T	16	39	2	1	1	1
1	4778	A	T	22	33	2	1	1	1
1	330125	A	T	15	40	2	1	1	1
1	261866	A	T	16	39	2	1	1	1
1	735959	A	T	28	27	2	1	1	1
1	791452	A	T	17	38	2	1	1	1
1	891491	A	T	17	38	2	1	1	1
1	230569	A	T	12	43	2	1	1	1
1	575855	A	T	12	43	2	1	1	1
1	874023	A	T	18	37	2	1	1	1
1	563346	A	T	26	29	2	1	1	1
1	98330	A	T	16	39	2	1	1	1
1	396878	A	T	19	36	2	1	1	1
1	617927	A	T	16	39	2	1	1	1
1	776851	A	T	15	40	2	1	1	1
1	669722	A	T	25	30	2	1	1	1
1	997210	A	T	22	33	2	1	1	1
1	362525	A	T	15	40	2	1	1	1
1	208595	A	T	22	33	2	1	1	1
1	874170	A	T	23	32	2	1	1	1
1	312388	A	T	14	41	2	1	1	1
1	356387	A	T	15	40	2	1	1	1
1	671629	A	T	15	40	2	1	1	1
1	316196	A	T	20	35	2	1	1	1
1	212877	A	T	25	30	2	1	1	1
1	88307	A	T	21	34	2	1	1	1
1	303394	A	T	18	37	2	1	1	1
1	987945	A	T	19	36	2	1	1	1
1	981464	A	T	13	42	2	1	1	1
1	719207	A	T	16	39	2	1	1	1
1	828580	A	T	22	33	2	1	1	1
1	970195	A	T	17	38	2	1	1	1
1	404160	A	T	21	34	2	1	1	1
1	734379	A	T	22	33	2	1	1	1
1	423286	A	T	16	39	2	1	1	1
1	154349	A	T	26	29	2	1	1	1
1	885444	A	T	28	27	2	1	1	1
1	203814	A	T	13	42	2	1	1	1
1	924660	A	T	14	41	2	1	1	1
1	463588	A	T	16	39	2	1	1	1
1	865022	A	T	7	48	2	1	1	1
1	294713	A	T	18	37	2	1	1	1
1	81892	A	T	23	32	2	1	1	1
1	843283	A	T	23	32	2	1	1	1
1	75842	A	T	25	30	2	1	1	1
1	503231	A	T	18	37	2	1	1	1
1	62347	A	T	18	37	2	1	1	1
1	177247	A	T	13	42	2	1	1	1
1	798303	A	T	21	34	2	1	1	1
1	750817	A	T	7	48	2	1	1	1
1	291599	A	T	12	43	2	1	1	1
1	764788	A	T	13	42	2	1	1	1
1	62230	A	T	23	32	2	1	1	1
1	964436	A	T	17	38	2	1	1	1
1	846878	A	T	16	39	2	1	1	1
1	765855	A	T	25	30	2	1	1	1
1	773590	A	T	18	37	2	1	1	1
1	128338	A	T	14	41	2	1	1	1
1	77910	A	T	17	38	2	1	1	1
1	768717	A	T	12	43	2	1	1	1
1	346935	A	T	17	38	2	1	1	1
1	176976	A	T	16	39	2	1	1	1
1	651348	A	T	20	35	2	1	1	1
1	987408	A	T	17	38	2	1	1	1
1	300159	A	T	25	30	2	1	1	1
1	257726	A	T	22	33	2	1	1	1
1	348474	A	T	22	33	2	1	1	1
1	878278	A	T	19	36	2	1	1	1
1	52512	A	T	15	40	2	1	1	1
1	347538	A	T	18	37	2	1	1	1
1	530055	A	T	22	33	2	1	1	1
1	601990	A	T	9	46	2	1	1	1
1	514766	A	T	20	35	2	1	1	1
1	23647	A	T	16	39	2	1	1	1
1	7240	A	T	20	35	2	1	1	1
1	59922	A	T	11	44	2	1	1	1
1	388330	A	T	11	44	2	1	1	1
1	229324	A	T	22	33	2	1	1	1
1	731723	A	T	21	34	2	1	1	1
1	800446	A	T	12	43	2	1	1	1
1	884804	A	T	13	42	2	1	1	1
1	6027	A	T	20	35	2	1	1	1
1	329557	A	T	14	41	2	1	1	1
1	803205	A	T	10	45	2	1	1	1
1	26356	A	T	24	31	2	1	1	1
1	125757	A	T	23	32	2	1	1	1
1	672935	A	T	17	38	2	1	1	1
1	43341	A	T	23	32	2	1	1	1
1	819507	A	T	21	34	2	1	1	1
1	919564	A	T	19	36	2	1	1	1
1	149573	A	T	13	42	2	1	1	1
1	618848	A	T	23	32	2	1	1	1
1	540814	A	T	14	41	2	1	1	1
1	963681	A	T	17	38	2	1	1	1
1	518355	A	T	18	37	2	1	1	1
1	189109	A	T	21	34	2	1	1	1
1	476747	A	T	23	32	2	1	1	1
1	422712	A	T	27	28	2	1	1	1
1	923706	A	T	19	36	2	1	1	1
1	38181	A	T	10	45	2	1	1	1
1	915815	A	T	23	32	2	1	1	1
1	901259	A	T	21	34	2	1	1	1
1	224493	A	T	27	28	2	1	1	1
1	124528	A	T	15	40	2	1	1	1
1	185446	A	T	13	42	2	1	1	1
1	101550	A	T	23	32	2	1	1	1
1	325912	A	T	15	40	2	1	1	1
1	584873	A	T	15	40	2	1	1	1
1	24075	A	T	23	32	2	1	1	1
1	761214	A	T	17	38	2	1	1	1
1	126297	A	T	24	31	2	1	1	1
1	660126	A	T	16	39	2	1	1	1
1	946211	A	T	28	27	2	1	1	1
1	125095	A	T	16	39	2	1	1	1
1	675760	A	T	27	28	2	1	1	1
1	203619	A	T	11	44	2	1	1	1
1	254570	A	T	15	40	2	1	1	1
1	295349	A	T	15	40	2	1	1	1
1	240168	A	T	15	40	2	1	1	1
1	267223	A	T	18	37	2	1	1	1
1	897399	A	T	15	40	2	1	1	1
1	433248	A	T	24	31	2	1	1	1
1	225848	A	T	14	41	2	1	1	1
1	704866	A	T	24	31	2	1	1	1
1	84499	A	T	17	38	2	1	1	1
1	792125	A	T	23	32	2	1	1	1
1	741824	A	T	26	29	2	1	1	1
1	489529	A	T	14	41	2	1	1	1
1	283091	A	T	20	35	2	1	1	1
1	456008	A	T	21	34	2	1	1	1
1	175679	A	T	22	33	2	1	1	1
1	955380	A	T	11	44	2	1	1	1
1	404848	A	T	21	34	2	1	1	1
1	29833	A	T	20	35	2	1	1	1
1	985521	A	T	15	40	2	1	1	1
1	392067	A	T	16	39	2	1	1	1
1	356179	A	T	26	29	2	1	1	1
1	362982	A	T	20	35	2	1	1	1
1	568142	A	T	21	34	2	1	1	1
1	985489	A	T	12	43	2	1	1	1
1	795535	A	T	22	33	2	1	1	1
1	348738	A	T	16	39	2	1	1	1
1	419639	A	T	24	31	2	1	1	1
1	141547	A	T	19	36	2	1	1	1
1	511226	A	T	15	40	2	1	1	1
1	558275	A	T	19	36	2	1	1	1
1	112154	A	T	11	44	2	1	1	1
1	588429	A	T	19	36	2	1	1	1
1	434927	A	T	19	36	2	1	1	1
1	615206	A	T	21	34	2	1	1	1
1	506395	A	T	25	30	2	1	1	1
1	483662	A	T	21	34	2	1	1	1
1	497312	A	T	21	34	2	1	1	1
1	267989	A	T	20	35	2	1	1	1
1	487110	A	T	13	42	2	1	1	1
1	322291	A	T	17	38	2	1	1	1
1	618072	A	T	19	36	2	1	1	1
1	445935	A	T	22	33	2	1	1	1
1	944148	A	T	24	31	2	1	1	1
1	989850	A	T	16	39	2	1	1	1
1	183908	A	T	13	42	2	1	1	1
1	237536	A	T	14	41	2	1	1	1
1	680775	A	T	27	28	2	1	1	1
1	21393	A	T	17	38	2	1	1	1
1	946938	A	T	16	39	2	1	1	1
1	35279	A	T	29	26	2	1	1	1
1	377973	A	T	17	38	2	1	1	1
1	137105	A	T	9	46	2	1	1	1
1	846004	A	T	13	42	2	1	1	1
1	473869	A	T	13	42	2	1	1	1
1	781777	A	T	28	27	2	1	1	1
1	11065	A	T	21	34	2	1	1	1
1	791556	A	T	25	30	2	1	1	1
1	911299	A	T	16	39	2	1	1	1
1	205231	A	T	19	36	2	1	1	1
1	334483	A	T	27	28	2	1	1	1
1	269415	A	T	7	48	2	1	1	1
1	981994	A	T	23	32	2	1	1	1
1	784460	A	T	17	38	2	1	1	1
1	902062	A	T	17	38	2	1	1	1
1	53621	A	T	21	34	2	1	1	1
1	264172	A	T	14	41	2	1	1	1
1	524104	A	T	17	38	2	1	1	1
1	393798	A	T	19	36	2	1	1	1
1	431021	A	T	18	37	2	1	1	1
1	286421	A	T	21	34	2	1	1	1
1	408596	A	T	18	37	2	1	1	1
1	864266	A	T	13	42	2	1	1	1
1	274020	A	T	21	34	2	1	1	1
1	734094	A	T	19	36	2	1	1	1
1	764974	A	T	21	34	2	1	1	1
1	103198	A	T	18	37	2	1	1	1
1	567570	A	T	19	36	2	1	1	1
1	510325	A	T	21	34	2	1	1	1
1	952975	A	T	19	36	2	1	1	1
1	136906	A	T	18	37	2	1	1	1
1	84829	A	T	14	41	2	1	1	1
1	449704	A	T	22	33	2	1	1	1
1	60084	A	T	17	38	2	1	1	1
1	107298	A	T	19	36	2	1	1	1
1	599525	A	T	19	36	2	1	1	1
1	635134	A	T	20	35	2	1	1	1
1	343897	A	T	16	39	2	1	1	1
1	879431	A	T	11	44	2	1	1	1
1	6260	A	T	14	41	2	1	1	1
1	219373	A	T	16	39	2	1	1	1
1	255428	A	T	23	32	2	1	1	1
1	687302	A	T	22	33	2	1	1	1
1	739700	A	T	15	40	2	1	1	1
1	708577	A	T	12	43	2	1	1	1
1	604798	A	T	17	38	2	1	1	1
1	519389	A	T	21	34	2	1	1	1
1	204965	A	T	13	42	2	1	1	1
1	365908	A	T	19	36	2	1	1	1
1	907416	A	T	16	39	2	1	1	1
1	129536	A	T	16	39	2	1	1	1
1	211323	A	T	14	41	2	1	1	1
1	733004	A	T	17	38	2	1	1	1
1	856707	A	T	20	35	2	1	1	1
1	688711	A	T	26	29	2	1	1	1
1	925772	A	T	13	42	2	1	1	1
1	425619	A	T	23	32	2	1	1	1
1	486438	A	T	16	39	2	1	1	1
1	332830	A	T	13	42	2	1	1	1
1	710183	A	T	23	32	2	1	1	1
1	700683	A	T	17	38	2	1	1	1
1	48742	A	T	23	32	2	1	1	1
1	49395	A	T	15	40	2	1	1	1
1	964872	A	T	20	35	2	1	1	1
1	800884	A	T	22	33	2	1	1	1
1	98562	A	T	13	42	2	1	1	1
1	798018	A	T	23	32	2	1	1	1
1	159126	A	T	22	33	2	1	1	1
1	782638	A	T	25	30	2	1	1	1
1	727245	A	T	21	34	2	1	1	1
1	971898	A	T	22	33	2	1	1	1
1	519759	A	T	23	32	2	1	1	1
1	431995	A	T	12	43	2	1	1	1
1	389777	A	T	29	26	2	1	1	1
1	758911	A	T	18	37	2	1	1	1
1	983919	A	T	22	33	2	1	1	1
1	937855	A	T	14	41	2	1	1	1
1	839448	A	T	21	34	2	1	1	1
1	837639	A	T	17	38	2	1	1	1
1	206111	A	T	19	36	2	1	1	1
1	383123	A	T	16	39	2	1	1	1
1	263561	A	T	20	35	2	1	1	1
1	455618	A	T	18	37	2	1	1	1
1	265930	A	T	18	37	2	1	1	1
1	836668	A	T	10	45	2	1	1	1
1	317583	A	T	17	38	2	1	1	1
1	456552	A	T	21	34	2	1	1	1
1	606650	A	T	16	39	2	1	1	1
1	990735	A	T	15	40	2	1	1	1
1	194410	A	T	17	38	2	1	1	1
1	407262	A	T	17	38	2	1	1	1
1	345372	A	T	24	31	2	1	1	1
1	470564	A	T	14	41	2	1	1	1
1	373022	A	T	20	35	2	1	1	1
1	455969	A	T	28	27	2	1	1	1
1	668246	A	T	8	47	2	1	1	1
1	763464	A	T	15	40	2	1	1	1
1	730357	A	T	10	45	2	1	1	1
1	763026	A	T	19	36	2	1	1	1
1	386912	A	T	13	42	2	1	1	1
1	881809	A	T	21	34	2	1	1	1
1	63805	A	T	19	36	2	1	1	1
1	992384	A	T	16	39	2	1	1	1
1	768867	A	T	20	35	2	1	1	1
1	167853	A	T	26	29	2	1	1	1
1	726314	A	T	21	34	2	1	1	1
1	268482	A	T	18	37	2	1	1	1
1	130361	A	T	15	40	2	1	1	1
1	726515	A	T	23	32	2	1	1	1
1	905201	A	T	17	38	2	1	1	1
1	311775	A	T	12	43	2	1	1	1
1	556330	A	T	16	39	2	1	1	1
1	971444	A	T	23	32	2	1	1	1
1	147497	A	T	14	41	2	1	1	1
1	755409	A	T	15	40	2	1	1	1
1	163820	A	T	20	35	2	1	1	1
1	68455	A	T	10	45	2	1	1	1
1	307248	A	T	23	32	2	1	1	1
1	600282	A	T	34	21	2	1	1	1
1	418452	A	T	18	37	2	1	1	1
1	184243	A	T	16	39	2	1	1	1
1	802022	A	T	12	43	2	1	1	1
1	915201	A	T	17	38	2	1	1	1
1	281514	A	T	20	35	2	1	1	1
1	908997	A	T	23	32	2	1	1	1
1	829670	A	T	16	39	2	1	1	1
1	868941	A	T	18	37	2	1	1	1
1	599908	A	T	16	39	2	1	1	1
1	88905	A	T	16	39	2	1	1	1
1	812839	A	T	23	32	2	1	1	1
1	920544	A	T	16	39	2	1	1	1
1	97496	A	T	26	29	2	1	1	1
1	586794	A	T	21	34	2	1	1	1
1	225661	A	T	18	37	2	1	1	1
1	823375	A	T	11	44	2	1	1	1
1	744288	A	T	18	37	2	1	1	1
1	421512	A	T	13	42	2	1	1	1
1	854206	A	T	11	44	2	1	1	1
1	626822	A	T	26	29	2	1	1	1
1	723354	A	T	21	34	2	1	1	1
1	193759	A	T	22	33	2	1	1	1
1	61877	A	T	20	35	2	1	1	1
1	921505	A	T	11	44	2	1	1	1
1	48274	A	T	22	33	2	1	1	1
1	642830	A	T	20	35	2	1	1	1
1	85943	A	T	13	42	2	1	1	1
1	992474	A	T	13	42	2	1	1	1
1	716210	A	T	14	41	2	1	1	1
1	320168	A	T	23	32	2	1	1	1
1	862065	A	T	15	40	2	1	1	1
1	701952	A	T	14	41	2	1	1	1
1	244399	A	T	21	34	2	1	1	1
1	793148	A	T	21	34	2	1	1	1
1	101073	A	T	16	39	2	1	1	1
1	481892	A	T	9	46	2	1	1	1
1	351866	A	T	19	36	2	1	1	1
1	323454	A	T	22	33	2	1	1	1
1	166586	A	T	20	35	2	1	1	1
1	897999	A	T	20	35	2	1	1	1
1	520801	A	T	16	39	2	1	1	1
1	934087	A	T	19	36	2	1	1	1
1	764271	A	T	28	27	2	1	1	1
1	64276	A	T	8	47	2	1	1	1
1	369266	A	T	13	42	2	1	1	1
1	938180	A	T	18	37	2	1	1	1
1	11193	A	T	21	34	2	1	1	1
1	151933	A	T	19	36	2	1	1	1
1	591488	A	T	13	42	2	1	1	1
1	27762	A	T	22	33	2	1	1	1
1	240267	A	T	13	42	2	1	1	1
1	733015	A	T	18	37	2	1	1	1
1	873900	A	T	16	39	2	1	1	1
1	2692	A	T	10	45	2	1	1	1
1	920152	A	T	24	31	2	1	1	1
1	686755	A	T	11	44	2	1	1	1
1	735324	A	T	16	39	2	1	1	1
1	513802	A	T	15	40	2	1	1	1
1	372573	A	T	17	38	2	1	1	1
1	93172	A	T	14	41	2	1	1	1
1	340777	A	T	20	35	2	1	1	1
1	76324	A	T	15	40	2	1	1	1
1	448307	A	T	19	36	2	1	1	1
1	464087	A	T	15	40	2	1	1	1
1	84207	A	T	14	41	2	1	1	1
1	435369	A	T	18	37	2	1	1	1
1	839193	A	T	19	36	2	1	1	1
1	432827	A	T	16	39	2	1	1	1
1	482525	A	T	17	38	2	1	1	1
1	321346	A	T	20	35	2	1	1	1
1	288244	A	T	21	34	2	1	1	1
1	589259	A	T	17	38	2	1	1	1
1	419112	A	T	20	35	2	1	1	1
1	691162	A	T	17	38	2	1	1	1
1	570801	A	T	21	34	2	1	1	1
1	16772	A	T	18	37	2	1	1	1
1	211839	A	T	21	34	2	1	1	1
1	518864	A	T	19	36	2	1	1	1
1	627337	A	T	24	31	2	1	1	1
1	409179	A	T	18	37	2	1	1	1
1	772722	A	T	27	28	2	1	1	1
1	129108	A	T	18	37	2	1	1	1
1	663602	A	T	19	36	2	1	1	1
1	828339	A	T	17	38	2	1	1	1
1	146963	A	T	22	33	2	1	1	1
1	300770	A	T	16	39	2	1	1	1
1	217853	A	T	22	33	2	1	1	1
1	589415	A	T	19	36	2	1	1	1
1	385365	A	T	10	45	2	1	1	1
1	23770	A	T	11	44	2	1	1	1
1	445323	A	T	28	27	2	1	1	1
1	631759	A	T	16	39	2	1	1	1
1	949882	A	T	23	32	2	1	1	1
1	34846	A	T	14	41	2	1	1	1
1	519323	A	T	20	35	2	1	1	1
1	861497	A	T	20	35	2	1	1	1
1	535415	A	T	23	32	2	1	1	1
1	107746	A	T	12	43	2	1	1	1
1	608031	A	T	19	36	2	1	1	1
1	200181	A	T	18	37	2	1	1	1
1	857121	A	T	21	34	2	1	1	1
1	848455	A	T	28	27	2	1	1	1
1	415507	A	T	16	39	2	1	1	1
1	224012	A	T	24	31	2	1	1	1
1	870352	A	T	20	35	2	1	1	1
1	564787	A	T	16	39	2	1	1	1
1	427933	A	T	22	33	2	1	1	1
1	884480	A	T	24	31	2	1	1	1
1	733563	A	T	22	33	2	1	1	1
1	736141	A	T	23	32	2	1	1	1
1	940311	A	T	17	38	2	1	1	1
1	751964	A	T	15	40	2	1	1	1
1	147453	A	T	19	36	2	1	1	1
1	698994	A	T	23	32	2	1	1	1
1	49746	A	T	18	37	2	1	1	1
1	858659	A	T	22	33	2	1	1	1
1	719212	A	T	16	39	2	1	1	1
1	471483	A	T	20	35	2	1	1	1
1	516782	A	T	28	27	2	1	1	1
1	324869	A	T	21	34	2	1	1	1
1	763647	A	T	10	45	2	1	1	1
1	240465	A	T	23	32	2	1	1	1
1	246943	A	T	12	43	2	1	1	1
1	361286	A	T	19	36	2	1	1	1
1	583178	A	T	17	38	2	1	1	1
1	416991	A	T	18	37	2	1	1	1
1	11422	A	T	12	43	2	1	1	1
1	781145	A	T	18	37	2	1	1	1
1	585652	A	T	15	40	2	1	1	1
1	770506	A	T	23	32	2	1	1	1
1	927257	A	T	13	42	2	1	1	1
1	53423	A	T	16	39	2	1	1	1
1	429333	A	T	20	35	2	1	1	1
1	559220	A	T	18	37	2	1	1	1
1	349001	A	T	18	37	2	1	1	1
1	105085	A	T	24	31	2	1	1	1
1	841683	A	T	14	41	2	1	1	1
1	696591	A	T	15	40	2	1	1	1
1	557144	A	T	13	42	2	1	1	1
1	729769	A	T	13	42	2	1	1	1
1	59010	A	T	16	39	2	1	1	1
1	778492	A	T	16	39	2	1	1	1
1	872345	A	T	16	39	2	1	1	1
1	825671	A	T	18	37	2	1	1	1
1	311343	A	T	15	40	2	1	1	1
1	772591	A	T	20	35	2	1	1	1
1	982832	A	T	14	41	2	1	1	1
1	265782	A	T	17	38	2	1	1	1
1	672416	A	T	21	34	2	1	1	1
1	626337	A	T	17	38	2	1	1	1
1	7617	A	T	27	28	2	1	1	1
1	528188	A	T	22	33	2	1	1	1
1	153122	A	T	19	36	2	1	1	1
1	773798	A	T	22	33	2	1	1	1
1	129580	A	T	28	27	2	1	1	1
1	634638	A	T	15	40	2	1	1	1
1	8143	A	T	8	47	2	1	1	1
1	381657	A	T	20	35	2	1	1	1
1	638486	A	T	16	39	2	1	1	1
1	834412	A	T	11	44	2	1	1	1
1	976546	A	T	21	34	2	1	1	1
1	514655	A	T	13	42	2	1	1	1
1	718958	A	T	15	40	2	1	1	1
1	800920	A	T	13	42	2	1	1	1
1	546698	A	T	14	41	2	1	1	1
1	925671	A	T	22	33	2	1	1	1
1	557480	A	T	20	35	2	1	1	1
1	136680	A	T	15	40	2	1	1	1
1	900872	A	T	11	44	2	1	1	1
1	95094	A	T	23	32	2	1	1	1
1	295198	A	T	17	38	2	1	1	1
1	215447	A	T	28	27	2	1	1	1
1	4640	A	T	20	35	2	1	1	1
1	275877	A	T	11	44	2	1	1	1
1	175451	A	T	16	39	2	1	1	1
1	23853	A	T	18	37	2	1	1	1
1	417399	A	T	11	44	2	1	1	1
1	739516	A	T	15	40	2	1	1	1
1	683652	A	T	17	38	2	1	1	1
1	668881	A	T	22	33	2	1	1	1
1	922350	A	T	17	38	2	1	1	1
1	471539	A	T	19	36	2	1	1	1
1	530895	A	T	20	35	2	1	1	1
1	286910	A	T	19	36	2	1	1	1
1	647898	A	T	18	37	2	1	1	1
1	765072	A	T	20	35	2	1	1	1
1	104334	A	T	21	34	2	1	1	1
1	582792	A	T	27	28	2	1	1	1
1	798640	A	T	14	41	2	1	1	1
1	872285	A	T	19	36	2	1	1	1
1	463495	A	T	21	34	2	1	1	1
1	648126	A	T	18	37	2	1	1	1
1	792768	A	T	14	41	2	1	1	1
1	159505	A	T	16	39	2	1	1	1
1	838044	A	T	20	35	2	1	1	1
1	823329	A	T	19	36	2	1	1	1
1	832147	A	T	20	35	2	1	1	1
1	172015	A	T	18	37	2	1	1	1
1	113073	A	T	17	38	2	1	1	1
1	463765	A	T	14	41	2	1	1	1
1	431433	A	T	14	41	2	1	1	1
1	477264	A	T	22	33	2	1	1	1
1	855129	A	T	18	37	2	1	1	1
1	661791	A	T	24	31	2	1	1	1
1	37597	A	T	12	43	2	1	1	1
1	816434	A	T	22	33	2	1	1	1
1	660958	A	T	17	38	2	1	1	1
1	552971	A	T	17	38	2	1	1	1
1	966592	A	T	21	34	2	1	1	1
1	873927	A	T	18	37	2	1	1	1
1	419596	A	T	19	36	2	1	1	1
1	308603	A	T	21	34	2	1	1	1
1	456203	A	T	13	42	2	1	1	1
1	47650	A	T	13	42	2	1	1	1
1	170889	A	T	16	39	2	1	1	1
1	309391	A	T	19	36	2	1	1	1
1	337498	A	T	18	37	2	1	1	1
1	176393	A	T	17	38	2	1	1	1
1	750057	A	T	15	40	2	1	1	1
1	536144	A	T	11	44	2	1	1	1
1	343639	A	T	9	46	2	1	1	1
1	590308	A	T	24	31	2	1	1	1
1	172341	A	T	20	35	2	1	1	1
1	938636	A	T	8	47	2	1	1	1
1	895816	A	T	25	30	2	1	1	1
1	251215	A	T	16	39	2	1	1	1
1	258990	A	T	11	44	2	1	1	1
1	397272	A	T	22	33	2	1	1	1
1	492086	A	T	18	37	2	1	1	1
1	175606	A	T	15	40	2	1	1	1
1	409366	A	T	18	37	2	1	1	1
1	480646	A	T	10	45	2	1	1	1
1	608505	A	T	16	39	2	1	1	1
1	267512	A	T	16	39	2	1	1	1
1	586712	A	T	19	36	2	1	1	1
1	910139	A	T	20	35	2	1	1	1
1	15986	A	T	24	31	2	1	1	1
1	398464	A	T	21	34	2	1	1	1
1	544902	A	T	23	32	2	1	1	1
1	890947	A	T	15	40	2	1	1	1
1	759959	A	T	20	35	2	1	1	1
1	271646	A	T	10	45	2	1	1	1
1	71866	A	T	25	30	2	1	1	1
1	137184	A	T	17	38	2	1	1	1
1	697586	A	T	16	39	2	1	1	1
1	735418	A	T	15	40	2	1	1	1
1	324502	A	T	24	31	2	1	1	1
1	390334	A	T	9	46	2	1	1	1
1	432871	A	T	23	32	2	1	1	1
1	530859	A	T	12	43	2	1	1	1
1	855638	A	T	26	29	2	1	1	1
1	330322	A	T	10	45	2	1	1	1
1	854923	A	T	26	29	2	1	1	1
1	776425	A	T	21	34	2	1	1	1
1	372928	A	T	17	38	2	1	1	1
1	269488	A	T	25	30	2	1	1	1
1	144231	A	T	18	37	2	1	1	1
1	175793	A	T	17	38	2	1	1	1
1	290303	A	T	24	31	2	1	1	1
1	492913	A	T	17	38	2	1	1	1
1	14819	A	T	20	35	2	1	1	1
1	2426	A	T	23	32	2	1	1	1
1	447085	A	T	20	35	2	1	1	1
1	546304	A	T	20	35	2	1	1	1
1	985973	A	T	25	30	2	1	1	1
1	849411	A	T	14	41	2	1	1	1
1	703317	A	T	13	42	2	1	1	1
1	392696	A	T	16	39	2	1	1	1
1	119525	A	T	20	35	2	1	1	1
1	737608	A	T	20	35	2	1	1	1
1	246557	A	T	13	42	2	1	1	1
1	809643	A	T	23	32	2	1	1	1
1	305424	A	T	17	38	2	1	1	1
1	589339	A	T	19	36	2	1	1	1
1	486447	A	T	16	39	2	1	1	1
1	348156	A	T	26	29	2	1	1	1
1	224636	A	T	21	34	2	1	1	1
1	782389	A	T	14	41	2	1	1	1
1	698632	A	T	22	33	2	1	1	1
1	788610	A	T	15	40	2	1	1	1
1	225305	A	T	19	36	2	1	1	1
1	297593	A	T	22	33	2	1	1	1
1	529131	A	T	14	41	2	1	1	1
1	573486	A	T	13	42	2	1	1	1
1	539438	A	T	15	40	2	1	1	1
1	237083	A	T	17	38	2	1	1	1
1	612761	A	T	25	30	2	1	1	1
1	351743	A	T	21	34	2	1	1	1
1	690456	A	T	16	39	2	1	1	1
1	219146	A	T	12	43	2	1	1	1
1	489912	A	T	20	35	2	1	1	1
1	217146	A	T	13	42	2	1	1	1
1	499838	A	T	19	36	2	1	1	1
1	701223	A	T	12	43	2	1	1	1
1	693930	A	T	15	40	2	1	1	1
1	217671	A	T	19	36	2	1	1	1
