chr	end	Reference_Allele	Tumor_Seq_Allele2	mut.count	WT.count	subclonal.CN	mutation.copy.number	subclonal.fraction	no.chrs.bearing.mut
1	210106	A	T	14	29	2	1	1	1
1	282699	A	T	16	27	2	1	1	1
1	553761	A	T	11	32	2	1	1	1
1	799945	A	T	12	31	2	1	1	1
1	591249	A	T	16	27	2	1	1	1
1	814567	A	T	18	25	2	1	1	1
1	922450	A	T	15	28	2	1	1	1
1	314777	A	T	17	26	2	1	1	1
1	452075	A	T	11	32	2	1	1	1
1	209239	A	T	11	32	2	1	1	1
1	859513	A	T	18	25	2	1	1	1
1	409929	A	T	12	31	2	1	1	1
1	297627	A	T	14	29	2	1	1	1
1	376074	A	T	17	26	2	1	1	1
1	567527	A	T	16	27	2	1	1	1
1	90551	A	T	15	28	2	1	1	1
1	854731	A	T	11	32	2	1	1	1
1	883756	A	T	16	27	2	1	1	1
1	350057	A	T	11	32	2	1	1	1
1	417330	A	T	7	36	2	1	1	1
1	118356	A	T	14	29	2	1	1	1
1	446795	A	T	21	22	2	1	1	1
1	305074	A	T	16	27	2	1	1	1
1	343005	A	T	17	26	2	1	1	1
1	179701	A	T	15	28	2	1	1	1
1	347288	A	T	12	31	2	1	1	1
1	850041	A	T	14	29	2	1	1	1
1	17886	A	T	16	27	2	1	1	1
1	372125	A	T	16	27	2	1	1	1
1	595421	A	T	10	33	2	1	1	1
1	78018	A	T	17	26	2	1	1	1
1	746732	A	T	13	30	2	1	1	1
1	819901	A	T	11	32	2	1	1	1
1	426625	A	T	6	37	2	1	1	1
1	919691	A	T	9	34	2	1	1	1
1	725587	A	T	22	21	2	1	1	1
1	680865	A	T	10	33	2	1	1	1
1	518843	A	T	15	28	2	1	1	1
1	636268	A	T	15	28	2	1	1	1
1	156066	A	T	13	30	2	1	1	1
1	750246	A	T	15	28	2	1	1	1
1	243084	A	T	20	23	2	1	1	1
1	34620	A	T	13	30	2	1	1	1
1	728945	A	T	13	30	2	1	1	1
1	967401	A	T	18	25	2	1	1	1
1	558993	A	T	14	29	2	1	1	1
1	470523	A	T	19	24	2	1	1	1
1	2339	A	T	11	32	2	1	1	1
1	860903	A	T	17	26	2	1	1	1
1	109769	A	T	9	34	2	1	1	1
1	9266	A	T	18	25	2	1	1	1
1	270731	A	T	13	30	2	1	1	1
1	530754	A	T	16	27	2	1	1	1
1	360215	A	T	17	26	2	1	1	1
1	268272	A	T	11	32	2	1	1	1
1	132437	A	T	18	25	2	1	1	1
1	628005	A	T	6	37	2	1	1	1
1	668727	A	T	17	26	2	1	1	1
1	23256	A	T	15	28	2	1	1	1
1	865932	A	T	13	30	2	1	1	1
1	475131	A	T	17	26	2	1	1	1
1	574704	A	T	12	31	2	1	1	1
1	957928	A	T	17	26	2	1	1	1
1	989858	A	T	10	33	2	1	1	1
1	909318	A	T	14	29	2	1	1	1
1	643664	A	T	9	34	2	1	1	1
1	335008	A	T	17	26	2	1	1	1
1	372269	A	T	13	30	2	1	1	1
1	195771	A	T	8	35	2	1	1	1
1	715395	A	T	7	36	2	1	1	1
1	824055	A	T	21	22	2	1	1	1
1	290598	A	T	14	29	2	1	1	1
1	613181	A	T	20	23	2	1	1	1
1	573137	A	T	14	29	2	1	1	1
1	648862	A	T	18	25	2	1	1	1
1	783266	A	T	13	30	2	1	1	1
1	906680	A	T	13	30	2	1	1	1
1	533506	A	T	16	27	2	1	1	1
1	640929	A	T	12	31	2	1	1	1
1	305570	A	T	14	29	2	1	1	1
1	892918	A	T	17	26	2	1	1	1
1	29920	A	T	14	29	2	1	1	1
1	540805	A	T	12	31	2	1	1	1
1	993324	A	T	15	28	2	1	1	1
1	237692	A	T	15	28	2	1	1	1
1	549130	A	T	13	30	2	1	1	1
1	638722	A	T	11	32	2	1	1	1
1	120283	A	T	16	27	2	1	1	1
1	619172	A	T	14	29	2	1	1	1
1	392801	A	T	15	28	2	1	1	1
1	343271	A	T	16	27	2	1	1	1
1	114761	A	T	12	31	2	1	1	1
1	221565	A	T	18	25	2	1	1	1
1	184575	A	T	8	35	2	1	1	1
1	5139	A	T	15	28	2	1	1	1
1	309284	A	T	16	27	2	1	1	1
1	175653	A	T	16	27	2	1	1	1
1	29389	A	T	11	32	2	1	1	1
1	82935	A	T	17	26	2	1	1	1
1	281748	A	T	16	27	2	1	1	1
1	361745	A	T	12	31	2	1	1	1
1	701177	A	T	15	28	2	1	1	1
1	289497	A	T	18	25	2	1	1	1
1	469866	A	T	14	29	2	1	1	1
1	471022	A	T	11	32	2	1	1	1
1	619724	A	T	15	28	2	1	1	1
1	315431	A	T	12	31	2	1	1	1
1	932610	A	T	18	25	2	1	1	1
1	612421	A	T	11	32	2	1	1	1
1	780530	A	T	18	25	2	1	1	1
1	254412	A	T	16	27	2	1	1	1
1	75282	A	T	13	30	2	1	1	1
1	254562	A	T	14	29	2	1	1	1
1	950682	A	T	14	29	2	1	1	1
1	246241	A	T	14	29	2	1	1	1
1	473425	A	T	17	26	2	1	1	1
1	488766	A	T	12	31	2	1	1	1
1	301121	A	T	10	33	2	1	1	1
1	167889	A	T	13	30	2	1	1	1
1	259244	A	T	12	31	2	1	1	1
1	301764	A	T	9	34	2	1	1	1
1	188694	A	T	13	30	2	1	1	1
1	780279	A	T	21	22	2	1	1	1
1	258377	A	T	18	25	2	1	1	1
1	708125	A	T	10	33	2	1	1	1
1	672891	A	T	17	26	2	1	1	1
1	461060	A	T	12	31	2	1	1	1
1	90929	A	T	15	28	2	1	1	1
1	777069	A	T	14	29	2	1	1	1
1	675439	A	T	14	29	2	1	1	1
1	481576	A	T	14	29	2	1	1	1
1	397146	A	T	10	33	2	1	1	1
1	387475	A	T	21	22	2	1	1	1
1	449898	A	T	16	27	2	1	1	1
1	382209	A	T	16	27	2	1	1	1
1	368196	A	T	16	27	2	1	1	1
1	491254	A	T	10	33	2	1	1	1
1	725517	A	T	11	32	2	1	1	1
1	88478	A	T	21	22	2	1	1	1
1	313187	A	T	17	26	2	1	1	1
1	693439	A	T	13	30	2	1	1	1
1	110019	A	T	10	33	2	1	1	1
1	728846	A	T	10	33	2	1	1	1
1	3276	A	T	13	30	2	1	1	1
1	714223	A	T	12	31	2	1	1	1
1	755306	A	T	12	31	2	1	1	1
1	122298	A	T	17	26	2	1	1	1
1	126893	A	T	13	30	2	1	1	1
1	996152	A	T	7	36	2	1	1	1
1	562962	A	T	17	26	2	1	1	1
1	590222	A	T	12	31	2	1	1	1
1	488178	A	T	13	30	2	1	1	1
1	326276	A	T	14	29	2	1	1	1
1	25653	A	T	11	32	2	1	1	1
1	333	A	T	17	26	2	1	1	1
1	836128	A	T	17	26	2	1	1	1
1	440522	A	T	16	27	2	1	1	1
1	896557	A	T	11	32	2	1	1	1
1	529721	A	T	12	31	2	1	1	1
1	659900	A	T	14	29	2	1	1	1
1	406023	A	T	11	32	2	1	1	1
1	472697	A	T	14	29	2	1	1	1
1	995312	A	T	12	31	2	1	1	1
1	752121	A	T	16	27	2	1	1	1
1	385347	A	T	17	26	2	1	1	1
1	373418	A	T	7	36	2	1	1	1
1	252116	A	T	10	33	2	1	1	1
1	649910	A	T	15	28	2	1	1	1
1	248964	A	T	15	28	2	1	1	1
1	859237	A	T	10	33	2	1	1	1
1	677913	A	T	20	23	2	1	1	1
1	694571	A	T	9	34	2	1	1	1
1	388269	A	T	17	26	2	1	1	1
1	994038	A	T	12	31	2	1	1	1
1	678361	A	T	14	29	2	1	1	1
1	164912	A	T	18	25	2	1	1	1
1	509474	A	T	17	26	2	1	1	1
1	370675	A	T	14	29	2	1	1	1
1	339330	A	T	11	32	2	1	1	1
1	188321	A	T	12	31	2	1	1	1
1	908629	A	T	12	31	2	1	1	1
1	688657	A	T	14	29	2	1	1	1
1	189483	A	T	14	29	2	1	1	1
1	667833	A	T	12	31	2	1	1	1
1	132212	A	T	11	32	2	1	1	1
1	989265	A	T	10	33	2	1	1	1
1	465156	A	T	11	32	2	1	1	1
1	337190	A	T	16	27	2	1	1	1
1	797468	A	T	13	30	2	1	1	1
1	989274	A	T	15	28	2	1	1	1
1	286478	A	T	10	33	2	1	1	1
1	369202	A	T	15	28	2	1	1	1
1	80703	A	T	15	28	2	1	1	1
1	960923	A	T	16	27	2	1	1	1
1	983170	A	T	8	35	2	1	1	1
1	667039	A	T	14	29	2	1	1	1
1	139358	A	T	18	25	2	1	1	1
1	699088	A	T	19	24	2	1	1	1
1	815652	A	T	11	32	2	1	1	1
1	918314	A	T	17	26	2	1	1	1
1	691718	A	T	10	33	2	1	1	1
1	653294	A	T	13	30	2	1	1	1
1	66729	A	T	16	27	2	1	1	1
1	260717	A	T	12	31	2	1	1	1
1	445010	A	T	13	30	2	1	1	1
1	934542	A	T	11	32	2	1	1	1
1	171344	A	T	9	34	2	1	1	1
1	367068	A	T	13	30	2	1	1	1
1	936327	A	T	20	23	2	1	1	1
1	331342	A	T	11	32	2	1	1	1
1	574754	A	T	10	33	2	1	1	1
1	946036	A	T	13	30	2	1	1	1
1	270122	A	T	17	26	2	1	1	1
1	674527	A	T	18	25	2	1	1	1
1	335501	A	T	9	34	2	1	1	1
1	490336	A	T	15	28	2	1	1	1
1	938668	A	T	12	31	2	1	1	1
1	344668	A	T	14	29	2	1	1	1
1	943085	A	T	16	27	2	1	1	1
1	898655	A	T	13	30	2	1	1	1
1	312939	A	T	11	32	2	1	1	1
1	93191	A	T	15	28	2	1	1	1
1	363735	A	T	11	32	2	1	1	1
1	707450	A	T	16	27	2	1	1	1
1	486387	A	T	15	28	2	1	1	1
1	354595	A	T	17	26	2	1	1	1
1	478184	A	T	11	32	2	1	1	1
1	130664	A	T	13	30	2	1	1	1
1	760330	A	T	12	31	2	1	1	1
1	449113	A	T	17	26	2	1	1	1
1	935587	A	T	15	28	2	1	1	1
1	572347	A	T	15	28	2	1	1	1
1	817398	A	T	12	31	2	1	1	1
1	394237	A	T	13	30	2	1	1	1
1	481290	A	T	11	32	2	1	1	1
1	312887	A	T	17	26	2	1	1	1
1	527605	A	T	18	25	2	1	1	1
1	119195	A	T	6	37	2	1	1	1
1	445549	A	T	17	26	2	1	1	1
1	643314	A	T	18	25	2	1	1	1
1	871650	A	T	14	29	2	1	1	1
1	58011	A	T	14	29	2	1	1	1
1	370288	A	T	14	29	2	1	1	1
1	136597	A	T	14	29	2	1	1	1
1	439173	A	T	11	32	2	1	1	1
1	472352	A	T	16	27	2	1	1	1
1	418062	A	T	15	28	2	1	1	1
1	737003	A	T	21	22	2	1	1	1
1	956874	A	T	13	30	2	1	1	1
1	272128	A	T	9	34	2	1	1	1
1	623952	A	T	16	27	2	1	1	1
1	601894	A	T	10	33	2	1	1	1
1	221457	A	T	11	32	2	1	1	1
1	394242	A	T	13	30	2	1	1	1
1	362610	A	T	12	31	2	1	1	1
1	454103	A	T	11	32	2	1	1	1
1	334357	A	T	14	29	2	1	1	1
1	645344	A	T	16	27	2	1	1	1
1	266884	A	T	14	29	2	1	1	1
1	917848	A	T	14	29	2	1	1	1
1	533849	A	T	15	28	2	1	1	1
1	306389	A	T	24	19	2	1	1	1
1	890259	A	T	20	23	2	1	1	1
1	591828	A	T	14	29	2	1	1	1
1	138086	A	T	12	31	2	1	1	1
1	375654	A	T	17	26	2	1	1	1
1	190476	A	T	10	33	2	1	1	1
1	348652	A	T	13	30	2	1	1	1
1	89091	A	T	16	27	2	1	1	1
1	407614	A	T	10	33	2	1	1	1
1	924968	A	T	10	33	2	1	1	1
1	52500	A	T	16	27	2	1	1	1
1	617756	A	T	15	28	2	1	1	1
1	595405	A	T	12	31	2	1	1	1
1	992737	A	T	14	29	2	1	1	1
1	136949	A	T	14	29	2	1	1	1
1	804817	A	T	13	30	2	1	1	1
1	571148	A	T	14	29	2	1	1	1
1	78903	A	T	20	23	2	1	1	1
1	576164	A	T	16	27	2	1	1	1
1	988703	A	T	14	29	2	1	1	1
1	463218	A	T	11	32	2	1	1	1
1	639706	A	T	10	33	2	1	1	1
1	469779	A	T	13	30	2	1	1	1
1	266815	A	T	11	32	2	1	1	1
1	460671	A	T	14	29	2	1	1	1
1	597310	A	T	10	33	2	1	1	1
1	984815	A	T	14	29	2	1	1	1
1	918536	A	T	20	23	2	1	1	1
1	649855	A	T	9	34	2	1	1	1
1	589743	A	T	13	30	2	1	1	1
1	676211	A	T	19	24	2	1	1	1
1	998776	A	T	8	35	2	1	1	1
1	92369	A	T	14	29	2	1	1	1
1	664908	A	T	14	29	2	1	1	1
1	708267	A	T	12	31	2	1	1	1
1	95031	A	T	19	24	2	1	1	1
1	982639	A	T	13	30	2	1	1	1
1	776386	A	T	16	27	2	1	1	1
1	581001	A	T	17	26	2	1	1	1
1	865778	A	T	11	32	2	1	1	1
1	553253	A	T	12	31	2	1	1	1
1	676151	A	T	15	28	2	1	1	1
1	746872	A	T	12	31	2	1	1	1
1	531144	A	T	10	33	2	1	1	1
1	950966	A	T	13	30	2	1	1	1
1	607107	A	T	11	32	2	1	1	1
1	709115	A	T	11	32	2	1	1	1
1	905568	A	T	13	30	2	1	1	1
1	905375	A	T	14	29	2	1	1	1
1	488202	A	T	16	27	2	1	1	1
1	180582	A	T	14	29	2	1	1	1
1	632134	A	T	14	29	2	1	1	1
1	653934	A	T	13	30	2	1	1	1
1	551373	A	T	16	27	2	1	1	1
1	337819	A	T	15	28	2	1	1	1
1	733336	A	T	12	31	2	1	1	1
1	243225	A	T	12	31	2	1	1	1
1	479504	A	T	14	29	2	1	1	1
1	312600	A	T	19	24	2	1	1	1
1	297872	A	T	15	28	2	1	1	1
1	884813	A	T	16	27	2	1	1	1
1	459938	A	T	6	37	2	1	1	1
1	853542	A	T	19	24	2	1	1	1
1	636233	A	T	17	26	2	1	1	1
1	253637	A	T	11	32	2	1	1	1
1	535821	A	T	15	28	2	1	1	1
1	553446	A	T	14	29	2	1	1	1
1	128137	A	T	14	29	2	1	1	1
1	628403	A	T	17	26	2	1	1	1
1	532491	A	T	13	30	2	1	1	1
1	916133	A	T	19	24	2	1	1	1
1	108909	A	T	12	31	2	1	1	1
1	307133	A	T	15	28	2	1	1	1
1	766696	A	T	14	29	2	1	1	1
1	359447	A	T	14	29	2	1	1	1
1	227417	A	T	18	25	2	1	1	1
1	470803	A	T	15	28	2	1	1	1
1	429059	A	T	17	26	2	1	1	1
1	754817	A	T	16	27	2	1	1	1
1	376941	A	T	18	25	2	1	1	1
1	351637	A	T	15	28	2	1	1	1
1	21421	A	T	15	28	2	1	1	1
1	717906	A	T	14	29	2	1	1	1
1	903661	A	T	11	32	2	1	1	1
1	887966	A	T	19	24	2	1	1	1
1	110025	A	T	10	33	2	1	1	1
1	67746	A	T	16	27	2	1	1	1
1	229466	A	T	15	28	2	1	1	1
1	45725	A	T	15	28	2	1	1	1
1	124840	A	T	18	25	2	1	1	1
1	363001	A	T	15	28	2	1	1	1
1	454767	A	T	18	25	2	1	1	1
1	309039	A	T	15	28	2	1	1	1
1	35729	A	T	14	29	2	1	1	1
1	338923	A	T	18	25	2	1	1	1
1	220422	A	T	14	29	2	1	1	1
1	967128	A	T	18	25	2	1	1	1
1	423038	A	T	14	29	2	1	1	1
1	562197	A	T	12	31	2	1	1	1
1	719928	A	T	16	27	2	1	1	1
1	889963	A	T	12	31	2	1	1	1
1	996964	A	T	18	25	2	1	1	1
1	108237	A	T	13	30	2	1	1	1
1	459731	A	T	15	28	2	1	1	1
1	125545	A	T	10	33	2	1	1	1
1	726643	A	T	11	32	2	1	1	1
1	859142	A	T	9	34	2	1	1	1
1	593599	A	T	11	32	2	1	1	1
1	623764	A	T	20	23	2	1	1	1
1	38758	A	T	13	30	2	1	1	1
1	120453	A	T	12	31	2	1	1	1
1	885722	A	T	13	30	2	1	1	1
1	827599	A	T	12	31	2	1	1	1
1	225053	A	T	16	27	2	1	1	1
1	950774	A	T	19	24	2	1	1	1
1	608301	A	T	20	23	2	1	1	1
1	626134	A	T	24	19	2	1	1	1
1	870143	A	T	10	33	2	1	1	1
1	605176	A	T	10	33	2	1	1	1
1	803563	A	T	16	27	2	1	1	1
1	583449	A	T	13	30	2	1	1	1
1	653296	A	T	15	28	2	1	1	1
1	597778	A	T	21	22	2	1	1	1
1	594916	A	T	17	26	2	1	1	1
1	586271	A	T	11	32	2	1	1	1
1	679254	A	T	10	33	2	1	1	1
1	637022	A	T	11	32	2	1	1	1
1	673402	A	T	21	22	2	1	1	1
1	454739	A	T	8	35	2	1	1	1
1	10074	A	T	15	28	2	1	1	1
1	215550	A	T	19	24	2	1	1	1
1	474797	A	T	14	29	2	1	1	1
1	279372	A	T	13	30	2	1	1	1
1	669871	A	T	10	33	2	1	1	1
1	559657	A	T	18	25	2	1	1	1
1	626896	A	T	18	25	2	1	1	1
1	33599	A	T	9	34	2	1	1	1
1	157604	A	T	13	30	2	1	1	1
1	807516	A	T	14	29	2	1	1	1
1	619383	A	T	11	32	2	1	1	1
1	524075	A	T	10	33	2	1	1	1
1	64785	A	T	14	29	2	1	1	1
1	865639	A	T	7	36	2	1	1	1
1	778506	A	T	15	28	2	1	1	1
1	197762	A	T	10	33	2	1	1	1
1	700907	A	T	15	28	2	1	1	1
1	867482	A	T	13	30	2	1	1	1
1	107341	A	T	16	27	2	1	1	1
1	166033	A	T	7	36	2	1	1	1
1	43740	A	T	17	26	2	1	1	1
1	858847	A	T	11	32	2	1	1	1
1	186241	A	T	10	33	2	1	1	1
1	124584	A	T	10	33	2	1	1	1
1	341212	A	T	11	32	2	1	1	1
1	961202	A	T	16	27	2	1	1	1
1	895988	A	T	14	29	2	1	1	1
1	623915	A	T	11	32	2	1	1	1
1	757183	A	T	14	29	2	1	1	1
1	53214	A	T	13	30	2	1	1	1
1	149920	A	T	16	27	2	1	1	1
1	365044	A	T	16	27	2	1	1	1
1	12233	A	T	14	29	2	1	1	1
1	640675	A	T	21	22	2	1	1	1
1	142770	A	T	15	28	2	1	1	1
1	458038	A	T	13	30	2	1	1	1
1	193277	A	T	11	32	2	1	1	1
1	479437	A	T	13	30	2	1	1	1
1	567683	A	T	12	31	2	1	1	1
1	625716	A	T	16	27	2	1	1	1
1	986143	A	T	14	29	2	1	1	1
1	914740	A	T	17	26	2	1	1	1
1	478241	A	T	21	22	2	1	1	1
1	982609	A	T	10	33	2	1	1	1
1	897716	A	T	13	30	2	1	1	1
1	221159	A	T	21	22	2	1	1	1
1	571234	A	T	14	29	2	1	1	1
1	721295	A	T	17	26	2	1	1	1
1	792117	A	T	14	29	2	1	1	1
1	967290	A	T	15	28	2	1	1	1
1	371615	A	T	10	33	2	1	1	1
1	994001	A	T	19	24	2	1	1	1
1	404643	A	T	18	25	2	1	1	1
1	608513	A	T	15	28	2	1	1	1
1	968805	A	T	13	30	2	1	1	1
1	852637	A	T	17	26	2	1	1	1
1	419726	A	T	21	22	2	1	1	1
1	185219	A	T	11	32	2	1	1	1
1	678146	A	T	9	34	2	1	1	1
1	870055	A	T	22	21	2	1	1	1
1	806175	A	T	14	29	2	1	1	1
1	863118	A	T	15	28	2	1	1	1
1	251443	A	T	8	35	2	1	1	1
1	639975	A	T	13	30	2	1	1	1
1	937073	A	T	17	26	2	1	1	1
1	343937	A	T	16	27	2	1	1	1
1	520010	A	T	14	29	2	1	1	1
1	802782	A	T	17	26	2	1	1	1
1	227083	A	T	10	33	2	1	1	1
1	397485	A	T	12	31	2	1	1	1
1	591837	A	T	8	35	2	1	1	1
1	923724	A	T	17	26	2	1	1	1
1	643856	A	T	16	27	2	1	1	1
1	577603	A	T	14	29	2	1	1	1
1	129658	A	T	13	30	2	1	1	1
1	677670	A	T	13	30	2	1	1	1
1	105869	A	T	15	28	2	1	1	1
1	545681	A	T	16	27	2	1	1	1
1	580696	A	T	17	26	2	1	1	1
1	47825	A	T	14	29	2	1	1	1
1	777068	A	T	13	30	2	1	1	1
1	942929	A	T	10	33	2	1	1	1
1	300316	A	T	13	30	2	1	1	1
1	314643	A	T	17	26	2	1	1	1
1	541134	A	T	13	30	2	1	1	1
1	366556	A	T	17	26	2	1	1	1
1	250491	A	T	13	30	2	1	1	1
1	702120	A	T	12	31	2	1	1	1
1	98875	A	T	13	30	2	1	1	1
1	879080	A	T	11	32	2	1	1	1
1	909032	A	T	10	33	2	1	1	1
1	663104	A	T	14	29	2	1	1	1
1	489463	A	T	17	26	2	1	1	1
1	64229	A	T	14	29	2	1	1	1
1	409733	A	T	19	24	2	1	1	1
1	230081	A	T	14	29	2	1	1	1
1	31407	A	T	14	29	2	1	1	1
1	516209	A	T	16	27	2	1	1	1
1	822988	A	T	17	26	2	1	1	1
1	743033	A	T	20	23	2	1	1	1
1	197685	A	T	15	28	2	1	1	1
1	977445	A	T	13	30	2	1	1	1
1	156526	A	T	17	26	2	1	1	1
1	976450	A	T	15	28	2	1	1	1
1	321031	A	T	18	25	2	1	1	1
1	306280	A	T	15	28	2	1	1	1
1	873187	A	T	12	31	2	1	1	1
1	501761	A	T	11	32	2	1	1	1
1	306014	A	T	16	27	2	1	1	1
1	791658	A	T	14	29	2	1	1	1
1	530463	A	T	15	28	2	1	1	1
1	604948	A	T	18	25	2	1	1	1
1	816222	A	T	13	30	2	1	1	1
1	882363	A	T	13	30	2	1	1	1
1	5960	A	T	14	29	2	1	1	1
1	702294	A	T	11	32	2	1	1	1
1	691187	A	T	9	34	2	1	1	1
1	563650	A	T	13	30	2	1	1	1
1	206191	A	T	11	32	2	1	1	1
1	502157	A	T	19	24	2	1	1	1
1	316929	A	T	15	28	2	1	1	1
1	108180	A	T	8	35	2	1	1	1
1	617218	A	T	13	30	2	1	1	1
1	29854	A	T	15	28	2	1	1	1
1	496274	A	T	15	28	2	1	1	1
1	83482	A	T	11	32	2	1	1	1
1	946097	A	T	15	28	2	1	1	1
1	243926	A	T	14	29	2	1	1	1
1	462613	A	T	18	25	2	1	1	1
1	482143	A	T	11	32	2	1	1	1
1	92927	A	T	11	32	2	1	1	1
1	548014	A	T	14	29	2	1	1	1
1	996927	A	T	18	25	2	1	1	1
1	571055	A	T	7	36	2	1	1	1
1	616375	A	T	13	30	2	1	1	1
1	741646	A	T	14	29	2	1	1	1
1	569043	A	T	19	24	2	1	1	1
1	419595	A	T	12	31	2	1	1	1
1	354655	A	T	11	32	2	1	1	1
1	34406	A	T	17	26	2	1	1	1
1	719839	A	T	10	33	2	1	1	1
1	136334	A	T	11	32	2	1	1	1
1	921060	A	T	11	32	2	1	1	1
1	32971	A	T	8	35	2	1	1	1
1	388883	A	T	12	31	2	1	1	1
1	957341	A	T	10	33	2	1	1	1
1	133466	A	T	16	27	2	1	1	1
1	773352	A	T	12	31	2	1	1	1
1	710360	A	T	12	31	2	1	1	1
1	389734	A	T	11	32	2	1	1	1
1	162897	A	T	11	32	2	1	1	1
1	585960	A	T	12	31	2	1	1	1
1	964452	A	T	16	27	2	1	1	1
1	248081	A	T	9	34	2	1	1	1
1	144228	A	T	15	28	2	1	1	1
1	177048	A	T	16	27	2	1	1	1
1	87422	A	T	11	32	2	1	1	1
1	255259	A	T	19	24	2	1	1	1
1	841508	A	T	18	25	2	1	1	1
1	243871	A	T	14	29	2	1	1	1
1	799341	A	T	15	28	2	1	1	1
1	505333	A	T	18	25	2	1	1	1
1	545467	A	T	14	29	2	1	1	1
1	224482	A	T	15	28	2	1	1	1
1	524896	A	T	13	30	2	1	1	1
1	807730	A	T	15	28	2	1	1	1
1	892923	A	T	15	28	2	1	1	1
1	453691	A	T	14	29	2	1	1	1
1	445166	A	T	13	30	2	1	1	1
1	688195	A	T	23	20	2	1	1	1
1	726230	A	T	10	33	2	1	1	1
1	557459	A	T	17	26	2	1	1	1
1	232530	A	T	11	32	2	1	1	1
1	910564	A	T	14	29	2	1	1	1
1	177766	A	T	13	30	2	1	1	1
1	421245	A	T	18	25	2	1	1	1
1	713219	A	T	10	33	2	1	1	1
1	853269	A	T	10	33	2	1	1	1
1	975818	A	T	14	29	2	1	1	1
1	192389	A	T	16	27	2	1	1	1
1	942662	A	T	16	27	2	1	1	1
1	753206	A	T	13	30	2	1	1	1
1	817412	A	T	18	25	2	1	1	1
1	708234	A	T	12	31	2	1	1	1
1	227954	A	T	13	30	2	1	1	1
1	715141	A	T	16	27	2	1	1	1
1	834166	A	T	15	28	2	1	1	1
1	549165	A	T	14	29	2	1	1	1
1	306031	A	T	13	30	2	1	1	1
1	410674	A	T	15	28	2	1	1	1
1	467707	A	T	12	31	2	1	1	1
1	584592	A	T	18	25	2	1	1	1
1	32300	A	T	15	28	2	1	1	1
1	899852	A	T	20	23	2	1	1	1
1	643391	A	T	14	29	2	1	1	1
1	623982	A	T	13	30	2	1	1	1
1	240326	A	T	17	26	2	1	1	1
1	144908	A	T	15	28	2	1	1	1
1	858993	A	T	16	27	2	1	1	1
1	286262	A	T	12	31	2	1	1	1
1	669611	A	T	12	31	2	1	1	1
1	942544	A	T	13	30	2	1	1	1
1	970713	A	T	12	31	2	1	1	1
1	403576	A	T	14	29	2	1	1	1
1	921785	A	T	17	26	2	1	1	1
1	13315	A	T	15	28	2	1	1	1
1	361496	A	T	10	33	2	1	1	1
1	857839	A	T	14	29	2	1	1	1
1	181017	A	T	12	31	2	1	1	1
1	201090	A	T	16	27	2	1	1	1
1	63918	A	T	13	30	2	1	1	1
1	832722	A	T	15	28	2	1	1	1
1	712347	A	T	14	29	2	1	1	1
1	250177	A	T	17	26	2	1	1	1
1	153497	A	T	17	26	2	1	1	1
1	444958	A	T	8	35	2	1	1	1
1	212567	A	T	14	29	2	1	1	1
1	674476	A	T	14	29	2	1	1	1
1	502948	A	T	12	31	2	1	1	1
1	611926	A	T	20	23	2	1	1	1
1	313550	A	T	13	30	2	1	1	1
1	953880	A	T	11	32	2	1	1	1
1	453298	A	T	12	31	2	1	1	1
1	540816	A	T	14	29	2	1	1	1
1	116563	A	T	14	29	2	1	1	1
1	969371	A	T	16	27	2	1	1	1
1	236390	A	T	19	24	2	1	1	1
1	918048	A	T	8	35	2	1	1	1
1	488824	A	T	12	31	2	1	1	1
1	873495	A	T	14	29	2	1	1	1
1	940432	A	T	12	31	2	1	1	1
1	329177	A	T	16	27	2	1	1	1
1	6701	A	T	10	33	2	1	1	1
1	437263	A	T	12	31	2	1	1	1
1	563132	A	T	11	32	2	1	1	1
1	653006	A	T	9	34	2	1	1	1
1	173668	A	T	17	26	2	1	1	1
1	913407	A	T	12	31	2	1	1	1
1	81720	A	T	9	34	2	1	1	1
1	884138	A	T	11	32	2	1	1	1
1	317376	A	T	12	31	2	1	1	1
1	946873	A	T	17	26	2	1	1	1
1	844822	A	T	13	30	2	1	1	1
1	816033	A	T	18	25	2	1	1	1
1	509010	A	T	15	28	2	1	1	1
1	273948	A	T	17	26	2	1	1	1
1	867622	A	T	16	27	2	1	1	1
1	565209	A	T	18	25	2	1	1	1
1	378121	A	T	22	21	2	1	1	1
1	936275	A	T	11	32	2	1	1	1
1	434761	A	T	16	27	2	1	1	1
1	74749	A	T	9	34	2	1	1	1
1	227686	A	T	11	32	2	1	1	1
1	652256	A	T	20	23	2	1	1	1
1	131852	A	T	18	25	2	1	1	1
1	972351	A	T	14	29	2	1	1	1
1	76244	A	T	14	29	2	1	1	1
1	724763	A	T	18	25	2	1	1	1
1	621246	A	T	12	31	2	1	1	1
1	727571	A	T	14	29	2	1	1	1
1	261783	A	T	14	29	2	1	1	1
1	22594	A	T	14	29	2	1	1	1
1	843696	A	T	16	27	2	1	1	1
1	963752	A	T	14	29	2	1	1	1
1	959150	A	T	14	29	2	1	1	1
1	173788	A	T	15	28	2	1	1	1
1	838866	A	T	14	29	2	1	1	1
1	359095	A	T	14	29	2	1	1	1
1	237184	A	T	17	26	2	1	1	1
1	723333	A	T	12	31	2	1	1	1
1	654856	A	T	19	24	2	1	1	1
1	373698	A	T	18	25	2	1	1	1
1	282905	A	T	12	31	2	1	1	1
1	215320	A	T	9	34	2	1	1	1
1	398243	A	T	16	27	2	1	1	1
1	653609	A	T	8	35	2	1	1	1
1	328804	A	T	11	32	2	1	1	1
1	20839	A	T	10	33	2	1	1	1
1	307682	A	T	9	34	2	1	1	1
1	491448	A	T	12	31	2	1	1	1
1	577878	A	T	14	29	2	1	1	1
1	617772	A	T	15	28	2	1	1	1
1	639279	A	T	13	30	2	1	1	1
1	952394	A	T	14	29	2	1	1	1
1	312636	A	T	12	31	2	1	1	1
1	112789	A	T	15	28	2	1	1	1
1	997485	A	T	15	28	2	1	1	1
1	842464	A	T	14	29	2	1	1	1
1	847691	A	T	14	29	2	1	1	1
1	705885	A	T	15	28	2	1	1	1
1	37918	A	T	14	29	2	1	1	1
1	628152	A	T	15	28	2	1	1	1
1	881111	A	T	12	31	2	1	1	1
1	193178	A	T	10	33	2	1	1	1
1	699657	A	T	11	32	2	1	1	1
1	285278	A	T	16	27	2	1	1	1
1	228389	A	T	20	23	2	1	1	1
1	386356	A	T	14	29	2	1	1	1
1	817151	A	T	16	27	2	1	1	1
1	265218	A	T	13	30	2	1	1	1
1	451075	A	T	15	28	2	1	1	1
1	815918	A	T	15	28	2	1	1	1
1	941744	A	T	11	32	2	1	1	1
1	190613	A	T	22	21	2	1	1	1
1	464949	A	T	15	28	2	1	1	1
1	579403	A	T	19	24	2	1	1	1
1	997493	A	T	12	31	2	1	1	1
1	349837	A	T	13	30	2	1	1	1
1	701901	A	T	15	28	2	1	1	1
1	743013	A	T	16	27	2	1	1	1
1	741016	A	T	12	31	2	1	1	1
1	312502	A	T	15	28	2	1	1	1
1	595841	A	T	17	26	2	1	1	1
1	918080	A	T	16	27	2	1	1	1
1	773052	A	T	13	30	2	1	1	1
1	545826	A	T	17	26	2	1	1	1
1	864867	A	T	15	28	2	1	1	1
1	29657	A	T	11	32	2	1	1	1
1	511741	A	T	15	28	2	1	1	1
1	548447	A	T	14	29	2	1	1	1
1	534234	A	T	13	30	2	1	1	1
1	668241	A	T	15	28	2	1	1	1
1	793449	A	T	21	22	2	1	1	1
1	947207	A	T	12	31	2	1	1	1
1	248847	A	T	11	32	2	1	1	1
1	779397	A	T	12	31	2	1	1	1
1	434149	A	T	14	29	2	1	1	1
1	67858	A	T	15	28	2	1	1	1
1	295398	A	T	14	29	2	1	1	1
1	134709	A	T	13	30	2	1	1	1
1	841413	A	T	15	28	2	1	1	1
1	496291	A	T	15	28	2	1	1	1
1	704720	A	T	15	28	2	1	1	1
1	646165	A	T	13	30	2	1	1	1
1	484255	A	T	12	31	2	1	1	1
1	498559	A	T	15	28	2	1	1	1
1	560639	A	T	12	31	2	1	1	1
1	473949	A	T	17	26	2	1	1	1
1	218	A	T	15	28	2	1	1	1
1	921836	A	T	13	30	2	1	1	1
1	220982	A	T	10	33	2	1	1	1
1	691269	A	T	9	34	2	1	1	1
1	533565	A	T	14	29	2	1	1	1
1	988660	A	T	12	31	2	1	1	1
1	772312	A	T	13	30	2	1	1	1
1	314972	A	T	9	34	2	1	1	1
1	786685	A	T	8	35	2	1	1	1
1	153614	A	T	8	35	2	1	1	1
1	123451	A	T	15	28	2	1	1	1
1	372537	A	T	16	27	2	1	1	1
1	784579	A	T	16	27	2	1	1	1
1	260776	A	T	17	26	2	1	1	1
1	99739	A	T	13	30	2	1	1	1
1	404415	A	T	15	28	2	1	1	1
1	501993	A	T	16	27	2	1	1	1
1	852969	A	T	18	25	2	1	1	1
1	11376	A	T	11	32	2	1	1	1
1	977392	A	T	18	25	2	1	1	1
1	344279	A	T	14	29	2	1	1	1
1	803625	A	T	14	29	2	1	1	1
1	708240	A	T	9	34	2	1	1	1
1	459521	A	T	14	29	2	1	1	1
1	356215	A	T	16	27	2	1	1	1
