chr	end	Reference_Allele	Tumor_Seq_Allele2	mut.count	WT.count	subclonal.CN	mutation.copy.number	subclonal.fraction	no.chrs.bearing.mut
1	650819	A	T	12	26	2	1	1	1
1	817391	A	T	7	31	2	1	1	1
1	922951	A	T	12	26	2	1	1	1
1	782889	A	T	14	24	2	1	1	1
1	581973	A	T	11	27	2	1	1	1
1	462558	A	T	10	28	2	1	1	1
1	267163	A	T	11	27	2	1	1	1
1	351629	A	T	24	14	2	1	1	1
1	716328	A	T	10	28	2	1	1	1
1	251560	A	T	16	22	2	1	1	1
1	410321	A	T	5	33	2	1	1	1
1	390946	A	T	14	24	2	1	1	1
1	192653	A	T	17	21	2	1	1	1
1	973755	A	T	8	30	2	1	1	1
1	535829	A	T	8	30	2	1	1	1
1	63367	A	T	18	20	2	1	1	1
1	729916	A	T	13	25	2	1	1	1
1	813735	A	T	9	29	2	1	1	1
1	785080	A	T	8	30	2	1	1	1
1	508984	A	T	8	30	2	1	1	1
1	777662	A	T	15	23	2	1	1	1
1	94670	A	T	11	27	2	1	1	1
1	670267	A	T	10	28	2	1	1	1
1	70138	A	T	11	27	2	1	1	1
1	943532	A	T	16	22	2	1	1	1
1	482593	A	T	15	23	2	1	1	1
1	140071	A	T	13	25	2	1	1	1
1	672323	A	T	8	30	2	1	1	1
1	363	A	T	10	28	2	1	1	1
1	973324	A	T	15	23	2	1	1	1
1	951307	A	T	11	27	2	1	1	1
1	184816	A	T	13	25	2	1	1	1
1	698118	A	T	17	21	2	1	1	1
1	722169	A	T	12	26	2	1	1	1
1	583980	A	T	13	25	2	1	1	1
1	155843	A	T	14	24	2	1	1	1
1	860499	A	T	17	21	2	1	1	1
1	646757	A	T	13	25	2	1	1	1
1	317851	A	T	10	28	2	1	1	1
1	134823	A	T	10	28	2	1	1	1
1	91024	A	T	8	30	2	1	1	1
1	122730	A	T	13	25	2	1	1	1
1	382527	A	T	13	25	2	1	1	1
1	264759	A	T	13	25	2	1	1	1
1	599319	A	T	9	29	2	1	1	1
1	799994	A	T	9	29	2	1	1	1
1	923243	A	T	20	18	2	1	1	1
1	349160	A	T	12	26	2	1	1	1
1	601234	A	T	8	30	2	1	1	1
1	200794	A	T	14	24	2	1	1	1
1	538356	A	T	14	24	2	1	1	1
1	610794	A	T	18	20	2	1	1	1
1	68199	A	T	17	21	2	1	1	1
1	805693	A	T	10	28	2	1	1	1
1	269266	A	T	16	22	2	1	1	1
1	71487	A	T	6	32	2	1	1	1
1	147978	A	T	12	26	2	1	1	1
1	58053	A	T	7	31	2	1	1	1
1	355241	A	T	11	27	2	1	1	1
1	489044	A	T	8	30	2	1	1	1
1	414511	A	T	13	25	2	1	1	1
1	453004	A	T	10	28	2	1	1	1
1	586985	A	T	16	22	2	1	1	1
1	409731	A	T	9	29	2	1	1	1
1	877939	A	T	19	19	2	1	1	1
1	808387	A	T	14	24	2	1	1	1
1	28934	A	T	16	22	2	1	1	1
1	276701	A	T	3	35	2	1	1	1
1	780637	A	T	14	24	2	1	1	1
1	912437	A	T	11	27	2	1	1	1
1	206196	A	T	18	20	2	1	1	1
1	343227	A	T	15	23	2	1	1	1
1	650789	A	T	8	30	2	1	1	1
1	87805	A	T	11	27	2	1	1	1
1	207833	A	T	13	25	2	1	1	1
1	229064	A	T	10	28	2	1	1	1
1	839367	A	T	12	26	2	1	1	1
1	889515	A	T	11	27	2	1	1	1
1	546665	A	T	12	26	2	1	1	1
1	328781	A	T	22	16	2	1	1	1
1	160187	A	T	13	25	2	1	1	1
1	886594	A	T	17	21	2	1	1	1
1	77112	A	T	11	27	2	1	1	1
1	515588	A	T	15	23	2	1	1	1
1	140554	A	T	13	25	2	1	1	1
1	548983	A	T	11	27	2	1	1	1
1	945702	A	T	14	24	2	1	1	1
1	719871	A	T	16	22	2	1	1	1
1	369155	A	T	21	17	2	1	1	1
1	533002	A	T	18	20	2	1	1	1
1	838321	A	T	10	28	2	1	1	1
1	13722	A	T	16	22	2	1	1	1
1	523218	A	T	17	21	2	1	1	1
1	103101	A	T	17	21	2	1	1	1
1	417695	A	T	14	24	2	1	1	1
1	312742	A	T	17	21	2	1	1	1
1	791450	A	T	21	17	2	1	1	1
1	386935	A	T	11	27	2	1	1	1
1	176679	A	T	12	26	2	1	1	1
1	174639	A	T	16	22	2	1	1	1
1	168235	A	T	18	20	2	1	1	1
1	238474	A	T	13	25	2	1	1	1
1	372653	A	T	20	18	2	1	1	1
1	922218	A	T	12	26	2	1	1	1
1	506260	A	T	13	25	2	1	1	1
1	373768	A	T	15	23	2	1	1	1
1	933785	A	T	11	27	2	1	1	1
1	986960	A	T	10	28	2	1	1	1
1	673476	A	T	3	35	2	1	1	1
1	610897	A	T	20	18	2	1	1	1
1	53683	A	T	10	28	2	1	1	1
1	10000	A	T	11	27	2	1	1	1
1	553116	A	T	12	26	2	1	1	1
1	728553	A	T	12	26	2	1	1	1
1	45742	A	T	13	25	2	1	1	1
1	523984	A	T	23	15	2	1	1	1
1	760339	A	T	14	24	2	1	1	1
1	155697	A	T	10	28	2	1	1	1
1	354720	A	T	13	25	2	1	1	1
1	334670	A	T	15	23	2	1	1	1
1	82932	A	T	7	31	2	1	1	1
1	195385	A	T	11	27	2	1	1	1
1	111761	A	T	15	23	2	1	1	1
1	803133	A	T	11	27	2	1	1	1
1	496514	A	T	10	28	2	1	1	1
1	101637	A	T	11	27	2	1	1	1
1	25369	A	T	7	31	2	1	1	1
1	765490	A	T	18	20	2	1	1	1
1	963390	A	T	12	26	2	1	1	1
1	233648	A	T	14	24	2	1	1	1
1	893264	A	T	7	31	2	1	1	1
1	7466	A	T	10	28	2	1	1	1
1	431693	A	T	20	18	2	1	1	1
1	68057	A	T	16	22	2	1	1	1
1	84793	A	T	8	30	2	1	1	1
1	243677	A	T	15	23	2	1	1	1
1	414140	A	T	6	32	2	1	1	1
1	32879	A	T	14	24	2	1	1	1
1	398460	A	T	12	26	2	1	1	1
1	476854	A	T	14	24	2	1	1	1
1	634295	A	T	13	25	2	1	1	1
1	24225	A	T	11	27	2	1	1	1
1	371189	A	T	13	25	2	1	1	1
1	838516	A	T	18	20	2	1	1	1
1	887612	A	T	11	27	2	1	1	1
1	369246	A	T	9	29	2	1	1	1
1	870803	A	T	12	26	2	1	1	1
1	61173	A	T	21	17	2	1	1	1
1	944002	A	T	19	19	2	1	1	1
1	78809	A	T	13	25	2	1	1	1
1	145100	A	T	13	25	2	1	1	1
1	57913	A	T	9	29	2	1	1	1
1	507238	A	T	20	18	2	1	1	1
1	298332	A	T	15	23	2	1	1	1
1	816698	A	T	15	23	2	1	1	1
1	986889	A	T	19	19	2	1	1	1
1	515297	A	T	14	24	2	1	1	1
1	829336	A	T	19	19	2	1	1	1
1	681159	A	T	8	30	2	1	1	1
1	870450	A	T	17	21	2	1	1	1
1	140991	A	T	9	29	2	1	1	1
1	226318	A	T	13	25	2	1	1	1
1	27701	A	T	10	28	2	1	1	1
1	920521	A	T	10	28	2	1	1	1
1	788063	A	T	14	24	2	1	1	1
1	934014	A	T	12	26	2	1	1	1
1	642660	A	T	18	20	2	1	1	1
1	950859	A	T	11	27	2	1	1	1
1	337607	A	T	18	20	2	1	1	1
1	725926	A	T	13	25	2	1	1	1
1	494840	A	T	10	28	2	1	1	1
1	80680	A	T	18	20	2	1	1	1
1	990002	A	T	16	22	2	1	1	1
1	885912	A	T	11	27	2	1	1	1
1	927947	A	T	15	23	2	1	1	1
1	813896	A	T	3	35	2	1	1	1
1	40202	A	T	6	32	2	1	1	1
1	893523	A	T	19	19	2	1	1	1
1	351706	A	T	11	27	2	1	1	1
1	177646	A	T	11	27	2	1	1	1
1	680111	A	T	10	28	2	1	1	1
1	948196	A	T	15	23	2	1	1	1
1	418067	A	T	15	23	2	1	1	1
1	320912	A	T	12	26	2	1	1	1
1	454584	A	T	16	22	2	1	1	1
1	67593	A	T	13	25	2	1	1	1
1	570780	A	T	13	25	2	1	1	1
1	302179	A	T	9	29	2	1	1	1
1	65523	A	T	14	24	2	1	1	1
1	956415	A	T	11	27	2	1	1	1
1	6448	A	T	10	28	2	1	1	1
1	868408	A	T	12	26	2	1	1	1
1	450533	A	T	11	27	2	1	1	1
1	807541	A	T	16	22	2	1	1	1
1	980783	A	T	13	25	2	1	1	1
1	690665	A	T	12	26	2	1	1	1
1	766285	A	T	14	24	2	1	1	1
1	627029	A	T	14	24	2	1	1	1
1	656991	A	T	12	26	2	1	1	1
1	471556	A	T	11	27	2	1	1	1
1	644021	A	T	7	31	2	1	1	1
1	139203	A	T	10	28	2	1	1	1
1	617407	A	T	14	24	2	1	1	1
1	496609	A	T	7	31	2	1	1	1
1	113674	A	T	12	26	2	1	1	1
1	4988	A	T	7	31	2	1	1	1
1	382464	A	T	11	27	2	1	1	1
1	638070	A	T	16	22	2	1	1	1
1	236019	A	T	17	21	2	1	1	1
1	823026	A	T	11	27	2	1	1	1
1	789910	A	T	13	25	2	1	1	1
1	180138	A	T	14	24	2	1	1	1
1	446005	A	T	14	24	2	1	1	1
1	686410	A	T	16	22	2	1	1	1
1	363744	A	T	18	20	2	1	1	1
1	239412	A	T	7	31	2	1	1	1
1	535187	A	T	13	25	2	1	1	1
1	712097	A	T	12	26	2	1	1	1
1	551071	A	T	14	24	2	1	1	1
1	42878	A	T	12	26	2	1	1	1
1	12004	A	T	5	33	2	1	1	1
1	610250	A	T	17	21	2	1	1	1
1	99635	A	T	9	29	2	1	1	1
1	66605	A	T	12	26	2	1	1	1
1	103806	A	T	13	25	2	1	1	1
1	434407	A	T	15	23	2	1	1	1
1	433136	A	T	10	28	2	1	1	1
1	462703	A	T	9	29	2	1	1	1
1	407327	A	T	7	31	2	1	1	1
1	881182	A	T	15	23	2	1	1	1
1	892175	A	T	12	26	2	1	1	1
1	174610	A	T	16	22	2	1	1	1
1	82792	A	T	10	28	2	1	1	1
1	58148	A	T	14	24	2	1	1	1
1	412549	A	T	8	30	2	1	1	1
1	661340	A	T	16	22	2	1	1	1
1	350255	A	T	21	17	2	1	1	1
1	877215	A	T	18	20	2	1	1	1
1	309778	A	T	12	26	2	1	1	1
1	306946	A	T	8	30	2	1	1	1
1	466023	A	T	17	21	2	1	1	1
1	771396	A	T	18	20	2	1	1	1
1	507861	A	T	9	29	2	1	1	1
1	989169	A	T	18	20	2	1	1	1
1	695994	A	T	13	25	2	1	1	1
1	451200	A	T	12	26	2	1	1	1
1	408539	A	T	21	17	2	1	1	1
1	432444	A	T	8	30	2	1	1	1
1	476890	A	T	6	32	2	1	1	1
1	727299	A	T	9	29	2	1	1	1
1	849492	A	T	16	22	2	1	1	1
1	984997	A	T	8	30	2	1	1	1
1	586443	A	T	12	26	2	1	1	1
1	364993	A	T	12	26	2	1	1	1
1	453148	A	T	11	27	2	1	1	1
1	178601	A	T	8	30	2	1	1	1
1	181826	A	T	9	29	2	1	1	1
1	125256	A	T	18	20	2	1	1	1
1	513263	A	T	12	26	2	1	1	1
1	497145	A	T	13	25	2	1	1	1
1	137472	A	T	14	24	2	1	1	1
1	718135	A	T	15	23	2	1	1	1
1	775368	A	T	8	30	2	1	1	1
1	949570	A	T	7	31	2	1	1	1
1	842337	A	T	15	23	2	1	1	1
1	185279	A	T	9	29	2	1	1	1
1	238139	A	T	11	27	2	1	1	1
1	645861	A	T	7	31	2	1	1	1
1	987923	A	T	14	24	2	1	1	1
1	418624	A	T	11	27	2	1	1	1
1	196902	A	T	9	29	2	1	1	1
1	743017	A	T	12	26	2	1	1	1
1	270346	A	T	7	31	2	1	1	1
1	19222	A	T	13	25	2	1	1	1
1	622828	A	T	9	29	2	1	1	1
1	457648	A	T	10	28	2	1	1	1
1	995031	A	T	10	28	2	1	1	1
1	226722	A	T	8	30	2	1	1	1
1	360777	A	T	10	28	2	1	1	1
1	919968	A	T	15	23	2	1	1	1
1	23458	A	T	15	23	2	1	1	1
1	325520	A	T	13	25	2	1	1	1
1	508582	A	T	16	22	2	1	1	1
1	196939	A	T	13	25	2	1	1	1
1	357145	A	T	15	23	2	1	1	1
1	22792	A	T	8	30	2	1	1	1
1	967937	A	T	15	23	2	1	1	1
1	521605	A	T	11	27	2	1	1	1
1	944512	A	T	14	24	2	1	1	1
1	316091	A	T	15	23	2	1	1	1
1	937008	A	T	18	20	2	1	1	1
1	613964	A	T	7	31	2	1	1	1
1	577902	A	T	9	29	2	1	1	1
1	49195	A	T	13	25	2	1	1	1
1	763799	A	T	14	24	2	1	1	1
1	536326	A	T	11	27	2	1	1	1
1	311880	A	T	7	31	2	1	1	1
1	684654	A	T	12	26	2	1	1	1
1	944721	A	T	12	26	2	1	1	1
1	562498	A	T	11	27	2	1	1	1
1	587341	A	T	15	23	2	1	1	1
1	588111	A	T	18	20	2	1	1	1
1	278165	A	T	15	23	2	1	1	1
1	865214	A	T	13	25	2	1	1	1
1	871134	A	T	12	26	2	1	1	1
1	632825	A	T	8	30	2	1	1	1
1	757199	A	T	12	26	2	1	1	1
1	383248	A	T	14	24	2	1	1	1
1	102347	A	T	10	28	2	1	1	1
1	687166	A	T	16	22	2	1	1	1
1	766805	A	T	18	20	2	1	1	1
1	892804	A	T	13	25	2	1	1	1
1	522141	A	T	17	21	2	1	1	1
1	211912	A	T	10	28	2	1	1	1
1	98163	A	T	13	25	2	1	1	1
1	140506	A	T	7	31	2	1	1	1
1	243547	A	T	5	33	2	1	1	1
1	279611	A	T	11	27	2	1	1	1
1	319507	A	T	12	26	2	1	1	1
1	142237	A	T	17	21	2	1	1	1
1	276658	A	T	12	26	2	1	1	1
1	863610	A	T	20	18	2	1	1	1
1	289923	A	T	17	21	2	1	1	1
1	800807	A	T	7	31	2	1	1	1
1	36133	A	T	16	22	2	1	1	1
1	835263	A	T	8	30	2	1	1	1
1	316386	A	T	12	26	2	1	1	1
1	873990	A	T	13	25	2	1	1	1
1	73415	A	T	4	34	2	1	1	1
1	331503	A	T	23	15	2	1	1	1
1	499282	A	T	17	21	2	1	1	1
1	231947	A	T	14	24	2	1	1	1
1	880004	A	T	10	28	2	1	1	1
1	316882	A	T	13	25	2	1	1	1
1	852481	A	T	13	25	2	1	1	1
1	137640	A	T	16	22	2	1	1	1
1	946811	A	T	9	29	2	1	1	1
1	41011	A	T	13	25	2	1	1	1
1	323156	A	T	7	31	2	1	1	1
1	298265	A	T	9	29	2	1	1	1
1	962857	A	T	10	28	2	1	1	1
1	544086	A	T	10	28	2	1	1	1
1	25385	A	T	16	22	2	1	1	1
1	914872	A	T	11	27	2	1	1	1
1	506178	A	T	14	24	2	1	1	1
1	250187	A	T	13	25	2	1	1	1
1	951221	A	T	12	26	2	1	1	1
1	56587	A	T	16	22	2	1	1	1
1	630366	A	T	14	24	2	1	1	1
1	96967	A	T	12	26	2	1	1	1
1	850684	A	T	7	31	2	1	1	1
1	51387	A	T	6	32	2	1	1	1
1	217074	A	T	16	22	2	1	1	1
1	761270	A	T	15	23	2	1	1	1
1	97417	A	T	10	28	2	1	1	1
1	985525	A	T	14	24	2	1	1	1
1	749975	A	T	15	23	2	1	1	1
1	81611	A	T	9	29	2	1	1	1
1	757046	A	T	11	27	2	1	1	1
1	653673	A	T	14	24	2	1	1	1
1	40140	A	T	20	18	2	1	1	1
1	86433	A	T	14	24	2	1	1	1
1	300837	A	T	17	21	2	1	1	1
1	664911	A	T	9	29	2	1	1	1
1	956697	A	T	14	24	2	1	1	1
1	610774	A	T	13	25	2	1	1	1
1	484172	A	T	15	23	2	1	1	1
1	157118	A	T	13	25	2	1	1	1
1	565411	A	T	16	22	2	1	1	1
1	358723	A	T	10	28	2	1	1	1
1	97420	A	T	11	27	2	1	1	1
1	469651	A	T	9	29	2	1	1	1
1	138233	A	T	14	24	2	1	1	1
1	72208	A	T	14	24	2	1	1	1
1	62480	A	T	7	31	2	1	1	1
1	153461	A	T	14	24	2	1	1	1
1	628080	A	T	6	32	2	1	1	1
1	188168	A	T	16	22	2	1	1	1
1	900469	A	T	16	22	2	1	1	1
1	883116	A	T	12	26	2	1	1	1
1	199257	A	T	14	24	2	1	1	1
1	771242	A	T	11	27	2	1	1	1
1	51852	A	T	13	25	2	1	1	1
1	259262	A	T	11	27	2	1	1	1
1	871064	A	T	12	26	2	1	1	1
1	979982	A	T	16	22	2	1	1	1
1	473910	A	T	9	29	2	1	1	1
1	795077	A	T	8	30	2	1	1	1
1	379774	A	T	8	30	2	1	1	1
1	937270	A	T	7	31	2	1	1	1
1	326825	A	T	13	25	2	1	1	1
1	436502	A	T	13	25	2	1	1	1
1	412642	A	T	20	18	2	1	1	1
1	537025	A	T	8	30	2	1	1	1
1	631661	A	T	15	23	2	1	1	1
1	952412	A	T	18	20	2	1	1	1
1	141141	A	T	8	30	2	1	1	1
1	802650	A	T	14	24	2	1	1	1
1	316821	A	T	9	29	2	1	1	1
1	375433	A	T	12	26	2	1	1	1
1	812643	A	T	10	28	2	1	1	1
1	56981	A	T	11	27	2	1	1	1
1	345	A	T	9	29	2	1	1	1
1	470633	A	T	7	31	2	1	1	1
1	148645	A	T	11	27	2	1	1	1
1	891760	A	T	16	22	2	1	1	1
1	472395	A	T	12	26	2	1	1	1
1	100688	A	T	3	35	2	1	1	1
1	892281	A	T	9	29	2	1	1	1
1	168526	A	T	6	32	2	1	1	1
1	452444	A	T	15	23	2	1	1	1
1	32225	A	T	16	22	2	1	1	1
1	16427	A	T	13	25	2	1	1	1
1	770620	A	T	6	32	2	1	1	1
1	296307	A	T	9	29	2	1	1	1
1	509217	A	T	14	24	2	1	1	1
1	929722	A	T	11	27	2	1	1	1
1	950162	A	T	14	24	2	1	1	1
1	816186	A	T	12	26	2	1	1	1
1	358079	A	T	10	28	2	1	1	1
1	41355	A	T	13	25	2	1	1	1
1	597940	A	T	16	22	2	1	1	1
1	194780	A	T	11	27	2	1	1	1
1	909517	A	T	15	23	2	1	1	1
1	691665	A	T	12	26	2	1	1	1
1	410441	A	T	11	27	2	1	1	1
1	368275	A	T	8	30	2	1	1	1
1	697018	A	T	11	27	2	1	1	1
1	28459	A	T	16	22	2	1	1	1
1	565122	A	T	11	27	2	1	1	1
1	569188	A	T	15	23	2	1	1	1
1	61417	A	T	11	27	2	1	1	1
1	581283	A	T	11	27	2	1	1	1
1	476208	A	T	14	24	2	1	1	1
1	930429	A	T	22	16	2	1	1	1
1	150323	A	T	11	27	2	1	1	1
1	550458	A	T	13	25	2	1	1	1
1	595910	A	T	14	24	2	1	1	1
1	41646	A	T	13	25	2	1	1	1
1	425900	A	T	12	26	2	1	1	1
1	540681	A	T	15	23	2	1	1	1
1	911125	A	T	10	28	2	1	1	1
1	415103	A	T	18	20	2	1	1	1
1	863653	A	T	14	24	2	1	1	1
1	98601	A	T	15	23	2	1	1	1
1	822690	A	T	20	18	2	1	1	1
1	654079	A	T	15	23	2	1	1	1
1	24457	A	T	15	23	2	1	1	1
1	506013	A	T	7	31	2	1	1	1
1	745691	A	T	9	29	2	1	1	1
1	597466	A	T	15	23	2	1	1	1
1	2130	A	T	12	26	2	1	1	1
1	964385	A	T	14	24	2	1	1	1
1	525027	A	T	15	23	2	1	1	1
1	922234	A	T	14	24	2	1	1	1
1	884246	A	T	14	24	2	1	1	1
1	476028	A	T	9	29	2	1	1	1
1	948823	A	T	12	26	2	1	1	1
1	839083	A	T	15	23	2	1	1	1
1	257474	A	T	10	28	2	1	1	1
1	579481	A	T	15	23	2	1	1	1
1	456321	A	T	12	26	2	1	1	1
1	122676	A	T	15	23	2	1	1	1
1	441691	A	T	6	32	2	1	1	1
1	181562	A	T	14	24	2	1	1	1
1	311021	A	T	8	30	2	1	1	1
1	971639	A	T	11	27	2	1	1	1
1	522511	A	T	7	31	2	1	1	1
1	495389	A	T	11	27	2	1	1	1
1	469218	A	T	8	30	2	1	1	1
1	600266	A	T	15	23	2	1	1	1
1	759498	A	T	19	19	2	1	1	1
1	274051	A	T	16	22	2	1	1	1
1	836217	A	T	15	23	2	1	1	1
1	299029	A	T	13	25	2	1	1	1
1	233361	A	T	14	24	2	1	1	1
1	567010	A	T	18	20	2	1	1	1
1	206137	A	T	13	25	2	1	1	1
1	422476	A	T	14	24	2	1	1	1
1	846671	A	T	11	27	2	1	1	1
1	490615	A	T	11	27	2	1	1	1
1	419788	A	T	10	28	2	1	1	1
1	347522	A	T	10	28	2	1	1	1
1	558628	A	T	12	26	2	1	1	1
1	356789	A	T	14	24	2	1	1	1
1	430042	A	T	19	19	2	1	1	1
1	830257	A	T	27	11	2	1	1	1
1	810797	A	T	7	31	2	1	1	1
1	510932	A	T	10	28	2	1	1	1
1	698830	A	T	12	26	2	1	1	1
1	993270	A	T	8	30	2	1	1	1
1	309813	A	T	13	25	2	1	1	1
1	248966	A	T	12	26	2	1	1	1
1	925248	A	T	13	25	2	1	1	1
1	571013	A	T	12	26	2	1	1	1
1	249429	A	T	13	25	2	1	1	1
1	682526	A	T	18	20	2	1	1	1
1	155246	A	T	12	26	2	1	1	1
1	778856	A	T	17	21	2	1	1	1
1	540320	A	T	11	27	2	1	1	1
1	777298	A	T	17	21	2	1	1	1
1	322070	A	T	6	32	2	1	1	1
1	868462	A	T	11	27	2	1	1	1
1	856997	A	T	12	26	2	1	1	1
1	181883	A	T	13	25	2	1	1	1
1	861319	A	T	12	26	2	1	1	1
1	285087	A	T	11	27	2	1	1	1
1	337389	A	T	12	26	2	1	1	1
1	419379	A	T	15	23	2	1	1	1
1	956231	A	T	15	23	2	1	1	1
1	128685	A	T	15	23	2	1	1	1
1	103224	A	T	11	27	2	1	1	1
1	825359	A	T	12	26	2	1	1	1
1	759551	A	T	17	21	2	1	1	1
1	816821	A	T	16	22	2	1	1	1
1	601404	A	T	11	27	2	1	1	1
1	406062	A	T	9	29	2	1	1	1
1	13185	A	T	13	25	2	1	1	1
1	705953	A	T	11	27	2	1	1	1
1	27211	A	T	17	21	2	1	1	1
1	529902	A	T	12	26	2	1	1	1
1	81935	A	T	15	23	2	1	1	1
1	632645	A	T	11	27	2	1	1	1
1	6906	A	T	11	27	2	1	1	1
1	580036	A	T	14	24	2	1	1	1
1	719053	A	T	14	24	2	1	1	1
1	708452	A	T	19	19	2	1	1	1
1	664188	A	T	13	25	2	1	1	1
1	663428	A	T	12	26	2	1	1	1
1	943540	A	T	14	24	2	1	1	1
1	385910	A	T	8	30	2	1	1	1
1	619833	A	T	10	28	2	1	1	1
1	366393	A	T	8	30	2	1	1	1
1	212471	A	T	19	19	2	1	1	1
1	498842	A	T	17	21	2	1	1	1
1	970009	A	T	16	22	2	1	1	1
1	38296	A	T	11	27	2	1	1	1
1	60999	A	T	12	26	2	1	1	1
1	966905	A	T	16	22	2	1	1	1
1	649393	A	T	14	24	2	1	1	1
1	895172	A	T	11	27	2	1	1	1
1	676574	A	T	12	26	2	1	1	1
1	855321	A	T	11	27	2	1	1	1
1	879738	A	T	6	32	2	1	1	1
1	882587	A	T	13	25	2	1	1	1
1	728556	A	T	9	29	2	1	1	1
1	777973	A	T	16	22	2	1	1	1
1	272525	A	T	10	28	2	1	1	1
1	983927	A	T	15	23	2	1	1	1
1	681542	A	T	16	22	2	1	1	1
1	515418	A	T	16	22	2	1	1	1
1	833912	A	T	10	28	2	1	1	1
1	486735	A	T	10	28	2	1	1	1
1	190072	A	T	17	21	2	1	1	1
1	216453	A	T	16	22	2	1	1	1
1	103085	A	T	20	18	2	1	1	1
1	38699	A	T	7	31	2	1	1	1
1	215986	A	T	11	27	2	1	1	1
1	906209	A	T	11	27	2	1	1	1
1	135702	A	T	14	24	2	1	1	1
1	240587	A	T	6	32	2	1	1	1
1	541006	A	T	17	21	2	1	1	1
1	586543	A	T	11	27	2	1	1	1
1	427598	A	T	11	27	2	1	1	1
1	751364	A	T	7	31	2	1	1	1
1	70086	A	T	9	29	2	1	1	1
1	283019	A	T	10	28	2	1	1	1
1	422134	A	T	5	33	2	1	1	1
1	2170	A	T	11	27	2	1	1	1
1	315803	A	T	6	32	2	1	1	1
1	995012	A	T	10	28	2	1	1	1
1	918583	A	T	9	29	2	1	1	1
1	644455	A	T	11	27	2	1	1	1
1	904983	A	T	17	21	2	1	1	1
1	631046	A	T	9	29	2	1	1	1
1	864606	A	T	15	23	2	1	1	1
1	892017	A	T	19	19	2	1	1	1
1	237477	A	T	14	24	2	1	1	1
1	377679	A	T	6	32	2	1	1	1
1	188292	A	T	18	20	2	1	1	1
1	819874	A	T	18	20	2	1	1	1
1	42026	A	T	13	25	2	1	1	1
1	373488	A	T	10	28	2	1	1	1
1	7384	A	T	12	26	2	1	1	1
1	164454	A	T	11	27	2	1	1	1
1	254410	A	T	11	27	2	1	1	1
1	25309	A	T	18	20	2	1	1	1
1	41524	A	T	12	26	2	1	1	1
1	774749	A	T	21	17	2	1	1	1
1	354364	A	T	13	25	2	1	1	1
1	975444	A	T	12	26	2	1	1	1
1	699669	A	T	11	27	2	1	1	1
1	284985	A	T	8	30	2	1	1	1
1	87619	A	T	17	21	2	1	1	1
1	637287	A	T	13	25	2	1	1	1
1	396094	A	T	22	16	2	1	1	1
1	871106	A	T	9	29	2	1	1	1
1	840950	A	T	8	30	2	1	1	1
1	328154	A	T	16	22	2	1	1	1
1	992878	A	T	14	24	2	1	1	1
1	77653	A	T	18	20	2	1	1	1
1	45949	A	T	5	33	2	1	1	1
1	8471	A	T	11	27	2	1	1	1
1	829296	A	T	14	24	2	1	1	1
1	477753	A	T	6	32	2	1	1	1
1	547522	A	T	13	25	2	1	1	1
1	507891	A	T	14	24	2	1	1	1
1	587984	A	T	11	27	2	1	1	1
1	210458	A	T	6	32	2	1	1	1
1	610896	A	T	13	25	2	1	1	1
1	9118	A	T	18	20	2	1	1	1
1	387343	A	T	14	24	2	1	1	1
1	45856	A	T	8	30	2	1	1	1
1	321708	A	T	16	22	2	1	1	1
1	438816	A	T	11	27	2	1	1	1
1	7699	A	T	6	32	2	1	1	1
1	646906	A	T	12	26	2	1	1	1
1	58974	A	T	10	28	2	1	1	1
1	801933	A	T	16	22	2	1	1	1
1	985	A	T	14	24	2	1	1	1
1	174426	A	T	15	23	2	1	1	1
1	576807	A	T	9	29	2	1	1	1
1	368742	A	T	16	22	2	1	1	1
1	930598	A	T	10	28	2	1	1	1
1	558874	A	T	13	25	2	1	1	1
1	502981	A	T	13	25	2	1	1	1
1	108957	A	T	7	31	2	1	1	1
1	124430	A	T	11	27	2	1	1	1
1	959586	A	T	12	26	2	1	1	1
1	621587	A	T	12	26	2	1	1	1
1	310396	A	T	14	24	2	1	1	1
1	254764	A	T	18	20	2	1	1	1
1	565037	A	T	14	24	2	1	1	1
1	102327	A	T	7	31	2	1	1	1
1	258692	A	T	14	24	2	1	1	1
1	908624	A	T	17	21	2	1	1	1
1	790738	A	T	10	28	2	1	1	1
1	140812	A	T	16	22	2	1	1	1
1	118855	A	T	10	28	2	1	1	1
1	380270	A	T	11	27	2	1	1	1
1	849371	A	T	12	26	2	1	1	1
1	346385	A	T	12	26	2	1	1	1
1	950061	A	T	7	31	2	1	1	1
1	88291	A	T	14	24	2	1	1	1
1	764260	A	T	11	27	2	1	1	1
1	524911	A	T	10	28	2	1	1	1
1	516979	A	T	8	30	2	1	1	1
1	917853	A	T	11	27	2	1	1	1
1	885927	A	T	15	23	2	1	1	1
1	485718	A	T	10	28	2	1	1	1
1	921312	A	T	11	27	2	1	1	1
1	487643	A	T	13	25	2	1	1	1
1	684028	A	T	11	27	2	1	1	1
1	99913	A	T	12	26	2	1	1	1
1	544716	A	T	14	24	2	1	1	1
1	466432	A	T	9	29	2	1	1	1
1	40203	A	T	11	27	2	1	1	1
1	326137	A	T	17	21	2	1	1	1
1	793097	A	T	16	22	2	1	1	1
1	379806	A	T	18	20	2	1	1	1
1	772136	A	T	7	31	2	1	1	1
1	379288	A	T	11	27	2	1	1	1
1	531960	A	T	23	15	2	1	1	1
1	159756	A	T	12	26	2	1	1	1
1	374043	A	T	18	20	2	1	1	1
1	869570	A	T	15	23	2	1	1	1
1	515709	A	T	16	22	2	1	1	1
1	743663	A	T	16	22	2	1	1	1
1	58875	A	T	8	30	2	1	1	1
1	247166	A	T	12	26	2	1	1	1
1	570056	A	T	14	24	2	1	1	1
1	829128	A	T	8	30	2	1	1	1
1	122527	A	T	8	30	2	1	1	1
1	259914	A	T	15	23	2	1	1	1
1	874603	A	T	13	25	2	1	1	1
1	495558	A	T	12	26	2	1	1	1
1	987287	A	T	10	28	2	1	1	1
1	261872	A	T	13	25	2	1	1	1
1	173393	A	T	15	23	2	1	1	1
1	872390	A	T	14	24	2	1	1	1
1	986748	A	T	10	28	2	1	1	1
1	554735	A	T	14	24	2	1	1	1
1	182378	A	T	10	28	2	1	1	1
1	394313	A	T	17	21	2	1	1	1
1	661870	A	T	12	26	2	1	1	1
1	85865	A	T	16	22	2	1	1	1
1	652259	A	T	18	20	2	1	1	1
1	415268	A	T	13	25	2	1	1	1
1	152614	A	T	15	23	2	1	1	1
1	83757	A	T	15	23	2	1	1	1
1	152759	A	T	13	25	2	1	1	1
1	285173	A	T	15	23	2	1	1	1
1	32093	A	T	13	25	2	1	1	1
1	126984	A	T	15	23	2	1	1	1
1	260270	A	T	9	29	2	1	1	1
1	698695	A	T	18	20	2	1	1	1
1	670572	A	T	13	25	2	1	1	1
1	223022	A	T	7	31	2	1	1	1
1	612805	A	T	14	24	2	1	1	1
1	339249	A	T	6	32	2	1	1	1
1	753888	A	T	14	24	2	1	1	1
1	336138	A	T	9	29	2	1	1	1
1	107126	A	T	15	23	2	1	1	1
1	767538	A	T	8	30	2	1	1	1
1	531078	A	T	12	26	2	1	1	1
1	745122	A	T	9	29	2	1	1	1
1	952700	A	T	6	32	2	1	1	1
1	292014	A	T	9	29	2	1	1	1
1	555171	A	T	12	26	2	1	1	1
1	826312	A	T	9	29	2	1	1	1
1	880749	A	T	12	26	2	1	1	1
1	852498	A	T	8	30	2	1	1	1
1	966063	A	T	15	23	2	1	1	1
1	713421	A	T	12	26	2	1	1	1
1	233699	A	T	18	20	2	1	1	1
1	165032	A	T	9	29	2	1	1	1
1	933013	A	T	18	20	2	1	1	1
1	677079	A	T	12	26	2	1	1	1
1	259802	A	T	14	24	2	1	1	1
1	998081	A	T	9	29	2	1	1	1
1	10690	A	T	10	28	2	1	1	1
1	193974	A	T	14	24	2	1	1	1
1	601554	A	T	14	24	2	1	1	1
1	697172	A	T	11	27	2	1	1	1
1	961702	A	T	20	18	2	1	1	1
1	376089	A	T	16	22	2	1	1	1
1	708249	A	T	14	24	2	1	1	1
1	901590	A	T	10	28	2	1	1	1
1	928709	A	T	9	29	2	1	1	1
1	196345	A	T	9	29	2	1	1	1
1	706676	A	T	16	22	2	1	1	1
1	44080	A	T	12	26	2	1	1	1
1	567487	A	T	14	24	2	1	1	1
1	61052	A	T	6	32	2	1	1	1
1	495984	A	T	9	29	2	1	1	1
1	508971	A	T	18	20	2	1	1	1
1	7594	A	T	15	23	2	1	1	1
1	344494	A	T	7	31	2	1	1	1
1	270532	A	T	8	30	2	1	1	1
1	851512	A	T	9	29	2	1	1	1
1	753563	A	T	13	25	2	1	1	1
1	627778	A	T	10	28	2	1	1	1
1	127435	A	T	13	25	2	1	1	1
1	711385	A	T	13	25	2	1	1	1
1	510794	A	T	14	24	2	1	1	1
1	293655	A	T	14	24	2	1	1	1
1	471966	A	T	8	30	2	1	1	1
1	562276	A	T	18	20	2	1	1	1
1	854281	A	T	19	19	2	1	1	1
1	703242	A	T	15	23	2	1	1	1
1	792093	A	T	18	20	2	1	1	1
1	95720	A	T	14	24	2	1	1	1
1	934223	A	T	9	29	2	1	1	1
1	905614	A	T	7	31	2	1	1	1
1	592407	A	T	13	25	2	1	1	1
1	671903	A	T	23	15	2	1	1	1
1	648401	A	T	12	26	2	1	1	1
1	51224	A	T	15	23	2	1	1	1
1	991819	A	T	9	29	2	1	1	1
1	247969	A	T	17	21	2	1	1	1
1	396501	A	T	10	28	2	1	1	1
1	112281	A	T	12	26	2	1	1	1
1	132138	A	T	9	29	2	1	1	1
1	221218	A	T	14	24	2	1	1	1
1	868039	A	T	14	24	2	1	1	1
1	948592	A	T	10	28	2	1	1	1
1	966020	A	T	14	24	2	1	1	1
1	870480	A	T	7	31	2	1	1	1
1	113558	A	T	12	26	2	1	1	1
1	217319	A	T	12	26	2	1	1	1
1	205528	A	T	14	24	2	1	1	1
1	748325	A	T	14	24	2	1	1	1
1	149663	A	T	7	31	2	1	1	1
1	498497	A	T	9	29	2	1	1	1
1	972973	A	T	15	23	2	1	1	1
1	585845	A	T	14	24	2	1	1	1
1	397055	A	T	16	22	2	1	1	1
1	523152	A	T	12	26	2	1	1	1
1	975778	A	T	14	24	2	1	1	1
1	595858	A	T	10	28	2	1	1	1
1	778536	A	T	9	29	2	1	1	1
1	881722	A	T	11	27	2	1	1	1
1	660236	A	T	8	30	2	1	1	1
1	83439	A	T	12	26	2	1	1	1
1	432739	A	T	14	24	2	1	1	1
1	763707	A	T	10	28	2	1	1	1
1	983233	A	T	10	28	2	1	1	1
1	177822	A	T	15	23	2	1	1	1
1	488009	A	T	15	23	2	1	1	1
1	820255	A	T	16	22	2	1	1	1
1	166817	A	T	10	28	2	1	1	1
1	504695	A	T	17	21	2	1	1	1
1	549102	A	T	12	26	2	1	1	1
1	115904	A	T	9	29	2	1	1	1
1	396353	A	T	9	29	2	1	1	1
1	619595	A	T	17	21	2	1	1	1
1	557043	A	T	14	24	2	1	1	1
1	19179	A	T	20	18	2	1	1	1
1	914773	A	T	13	25	2	1	1	1
1	301476	A	T	21	17	2	1	1	1
1	667456	A	T	9	29	2	1	1	1
1	734282	A	T	12	26	2	1	1	1
1	626442	A	T	13	25	2	1	1	1
1	514333	A	T	16	22	2	1	1	1
1	985913	A	T	12	26	2	1	1	1
1	237090	A	T	16	22	2	1	1	1
1	214264	A	T	12	26	2	1	1	1
1	273651	A	T	9	29	2	1	1	1
1	403665	A	T	16	22	2	1	1	1
1	189380	A	T	10	28	2	1	1	1
1	293037	A	T	14	24	2	1	1	1
1	479232	A	T	9	29	2	1	1	1
1	583127	A	T	9	29	2	1	1	1
1	363806	A	T	17	21	2	1	1	1
1	210567	A	T	12	26	2	1	1	1
1	663032	A	T	20	18	2	1	1	1
1	483882	A	T	9	29	2	1	1	1
1	278044	A	T	6	32	2	1	1	1
1	847574	A	T	18	20	2	1	1	1
1	238192	A	T	11	27	2	1	1	1
1	807702	A	T	9	29	2	1	1	1
1	338856	A	T	14	24	2	1	1	1
1	956221	A	T	12	26	2	1	1	1
1	958702	A	T	14	24	2	1	1	1
1	45077	A	T	6	32	2	1	1	1
1	902142	A	T	12	26	2	1	1	1
1	823331	A	T	13	25	2	1	1	1
1	676535	A	T	10	28	2	1	1	1
1	97797	A	T	11	27	2	1	1	1
1	720518	A	T	11	27	2	1	1	1
1	917925	A	T	11	27	2	1	1	1
1	53333	A	T	14	24	2	1	1	1
1	628190	A	T	20	18	2	1	1	1
1	4242	A	T	13	25	2	1	1	1
1	501495	A	T	13	25	2	1	1	1
1	969012	A	T	15	23	2	1	1	1
1	889419	A	T	11	27	2	1	1	1
1	728080	A	T	18	20	2	1	1	1
1	957597	A	T	7	31	2	1	1	1
1	711514	A	T	12	26	2	1	1	1
1	707538	A	T	10	28	2	1	1	1
1	840607	A	T	13	25	2	1	1	1
1	442760	A	T	13	25	2	1	1	1
1	515205	A	T	15	23	2	1	1	1
1	669282	A	T	7	31	2	1	1	1
1	8154	A	T	10	28	2	1	1	1
1	923941	A	T	11	27	2	1	1	1
1	339505	A	T	8	30	2	1	1	1
1	956189	A	T	9	29	2	1	1	1
1	785298	A	T	10	28	2	1	1	1
1	947196	A	T	12	26	2	1	1	1
1	863185	A	T	12	26	2	1	1	1
1	140481	A	T	11	27	2	1	1	1
1	150435	A	T	7	31	2	1	1	1
1	343099	A	T	10	28	2	1	1	1
1	603493	A	T	8	30	2	1	1	1
1	34786	A	T	11	27	2	1	1	1
1	432718	A	T	11	27	2	1	1	1
1	481484	A	T	10	28	2	1	1	1
1	522773	A	T	10	28	2	1	1	1
1	587325	A	T	15	23	2	1	1	1
1	37061	A	T	11	27	2	1	1	1
1	747375	A	T	16	22	2	1	1	1
1	423443	A	T	13	25	2	1	1	1
1	908665	A	T	11	27	2	1	1	1
1	924633	A	T	16	22	2	1	1	1
1	339474	A	T	12	26	2	1	1	1
1	783631	A	T	15	23	2	1	1	1
1	15581	A	T	13	25	2	1	1	1
1	148828	A	T	11	27	2	1	1	1
1	425543	A	T	15	23	2	1	1	1
1	199643	A	T	10	28	2	1	1	1
1	348243	A	T	18	20	2	1	1	1
1	867457	A	T	8	30	2	1	1	1
1	908969	A	T	15	23	2	1	1	1
1	806241	A	T	15	23	2	1	1	1
1	100183	A	T	13	25	2	1	1	1
1	610900	A	T	7	31	2	1	1	1
1	597408	A	T	18	20	2	1	1	1
1	530674	A	T	11	27	2	1	1	1
1	454760	A	T	15	23	2	1	1	1
1	484853	A	T	14	24	2	1	1	1
1	930850	A	T	19	19	2	1	1	1
1	493122	A	T	14	24	2	1	1	1
1	547881	A	T	7	31	2	1	1	1
1	869945	A	T	12	26	2	1	1	1
1	946156	A	T	13	25	2	1	1	1
1	8077	A	T	14	24	2	1	1	1
1	790470	A	T	16	22	2	1	1	1
1	349961	A	T	11	27	2	1	1	1
1	812342	A	T	11	27	2	1	1	1
1	1224	A	T	15	23	2	1	1	1
1	86267	A	T	8	30	2	1	1	1
1	938156	A	T	16	22	2	1	1	1
1	495873	A	T	12	26	2	1	1	1
1	371921	A	T	12	26	2	1	1	1
1	803923	A	T	9	29	2	1	1	1
1	330957	A	T	13	25	2	1	1	1
1	700146	A	T	12	26	2	1	1	1
1	687473	A	T	12	26	2	1	1	1
1	751733	A	T	6	32	2	1	1	1
1	933417	A	T	15	23	2	1	1	1
1	168416	A	T	8	30	2	1	1	1
1	728426	A	T	5	33	2	1	1	1
1	571370	A	T	17	21	2	1	1	1
1	723780	A	T	8	30	2	1	1	1
1	277469	A	T	23	15	2	1	1	1
1	328719	A	T	16	22	2	1	1	1
1	994438	A	T	15	23	2	1	1	1
1	409940	A	T	12	26	2	1	1	1
1	95322	A	T	12	26	2	1	1	1
1	112432	A	T	8	30	2	1	1	1
1	344840	A	T	17	21	2	1	1	1
1	690077	A	T	15	23	2	1	1	1
1	539377	A	T	12	26	2	1	1	1
1	567723	A	T	14	24	2	1	1	1
1	785403	A	T	15	23	2	1	1	1
1	226979	A	T	14	24	2	1	1	1
1	669545	A	T	10	28	2	1	1	1
1	295374	A	T	13	25	2	1	1	1
1	10340	A	T	6	32	2	1	1	1
1	702702	A	T	6	32	2	1	1	1
1	214576	A	T	14	24	2	1	1	1
1	4387	A	T	18	20	2	1	1	1
1	326410	A	T	11	27	2	1	1	1
1	331686	A	T	11	27	2	1	1	1
1	84076	A	T	10	28	2	1	1	1
1	179553	A	T	12	26	2	1	1	1
1	689814	A	T	15	23	2	1	1	1
1	546868	A	T	12	26	2	1	1	1
1	226135	A	T	12	26	2	1	1	1
1	314633	A	T	13	25	2	1	1	1
1	280804	A	T	14	24	2	1	1	1
1	630733	A	T	19	19	2	1	1	1
1	122718	A	T	12	26	2	1	1	1
1	456406	A	T	5	33	2	1	1	1
1	809011	A	T	12	26	2	1	1	1
1	518641	A	T	15	23	2	1	1	1
1	157213	A	T	12	26	2	1	1	1
1	227620	A	T	12	26	2	1	1	1
1	487239	A	T	10	28	2	1	1	1
1	566787	A	T	12	26	2	1	1	1
1	837222	A	T	12	26	2	1	1	1
1	573414	A	T	7	31	2	1	1	1
1	73019	A	T	8	30	2	1	1	1
1	78687	A	T	19	19	2	1	1	1
1	861909	A	T	14	24	2	1	1	1
1	942150	A	T	13	25	2	1	1	1
1	504625	A	T	15	23	2	1	1	1
1	193528	A	T	12	26	2	1	1	1
1	270027	A	T	12	26	2	1	1	1
1	321266	A	T	15	23	2	1	1	1
1	15259	A	T	15	23	2	1	1	1
1	485147	A	T	16	22	2	1	1	1
1	189466	A	T	9	29	2	1	1	1
1	512897	A	T	15	23	2	1	1	1
1	722120	A	T	13	25	2	1	1	1
1	449252	A	T	16	22	2	1	1	1
1	248126	A	T	14	24	2	1	1	1
1	392375	A	T	11	27	2	1	1	1
1	577314	A	T	12	26	2	1	1	1
1	441616	A	T	15	23	2	1	1	1
1	205421	A	T	24	14	2	1	1	1
1	853038	A	T	14	24	2	1	1	1
1	220939	A	T	13	25	2	1	1	1
1	194889	A	T	13	25	2	1	1	1
1	319511	A	T	15	23	2	1	1	1
1	295331	A	T	13	25	2	1	1	1
1	313261	A	T	9	29	2	1	1	1
1	688609	A	T	14	24	2	1	1	1
1	597620	A	T	18	20	2	1	1	1
1	900845	A	T	17	21	2	1	1	1
1	329913	A	T	16	22	2	1	1	1
1	435552	A	T	12	26	2	1	1	1
1	710715	A	T	14	24	2	1	1	1
1	462710	A	T	12	26	2	1	1	1
1	886436	A	T	10	28	2	1	1	1
1	164321	A	T	12	26	2	1	1	1
1	55415	A	T	5	33	2	1	1	1
1	184698	A	T	12	26	2	1	1	1
1	63660	A	T	14	24	2	1	1	1
1	901905	A	T	13	25	2	1	1	1
1	895818	A	T	9	29	2	1	1	1
1	821298	A	T	10	28	2	1	1	1
1	765150	A	T	11	27	2	1	1	1
1	815067	A	T	18	20	2	1	1	1
1	690478	A	T	14	24	2	1	1	1
1	564407	A	T	11	27	2	1	1	1
1	601471	A	T	15	23	2	1	1	1
1	711192	A	T	13	25	2	1	1	1
1	91677	A	T	7	31	2	1	1	1
1	159073	A	T	19	19	2	1	1	1
1	506907	A	T	10	28	2	1	1	1
1	146771	A	T	13	25	2	1	1	1
1	177771	A	T	7	31	2	1	1	1
1	884799	A	T	18	20	2	1	1	1
1	100590	A	T	12	26	2	1	1	1
1	724492	A	T	14	24	2	1	1	1
1	511868	A	T	10	28	2	1	1	1
1	59179	A	T	14	24	2	1	1	1
1	783272	A	T	13	25	2	1	1	1
1	999790	A	T	11	27	2	1	1	1
1	439872	A	T	13	25	2	1	1	1
1	565284	A	T	14	24	2	1	1	1
1	364854	A	T	12	26	2	1	1	1
1	950644	A	T	13	25	2	1	1	1
1	601661	A	T	10	28	2	1	1	1
1	457346	A	T	7	31	2	1	1	1
1	217688	A	T	11	27	2	1	1	1
1	729552	A	T	15	23	2	1	1	1
1	184140	A	T	10	28	2	1	1	1
1	285276	A	T	10	28	2	1	1	1
1	765689	A	T	14	24	2	1	1	1
1	827275	A	T	14	24	2	1	1	1
1	5638	A	T	15	23	2	1	1	1
1	847294	A	T	10	28	2	1	1	1
1	864263	A	T	9	29	2	1	1	1
1	646608	A	T	8	30	2	1	1	1
1	56570	A	T	13	25	2	1	1	1
1	444498	A	T	9	29	2	1	1	1
1	880083	A	T	12	26	2	1	1	1
1	117575	A	T	14	24	2	1	1	1
1	620954	A	T	10	28	2	1	1	1
1	982226	A	T	15	23	2	1	1	1
1	551349	A	T	4	34	2	1	1	1
1	828773	A	T	19	19	2	1	1	1
1	659819	A	T	13	25	2	1	1	1
1	970670	A	T	8	30	2	1	1	1
1	708946	A	T	9	29	2	1	1	1
1	443761	A	T	11	27	2	1	1	1
1	549301	A	T	5	33	2	1	1	1
1	447328	A	T	10	28	2	1	1	1
1	902040	A	T	12	26	2	1	1	1
1	310330	A	T	14	24	2	1	1	1
1	654461	A	T	14	24	2	1	1	1
1	201503	A	T	12	26	2	1	1	1
1	674669	A	T	9	29	2	1	1	1
1	963693	A	T	12	26	2	1	1	1
1	4281	A	T	11	27	2	1	1	1
1	611722	A	T	13	25	2	1	1	1
1	774558	A	T	16	22	2	1	1	1
1	688846	A	T	13	25	2	1	1	1
1	643182	A	T	11	27	2	1	1	1
1	979893	A	T	14	24	2	1	1	1
1	65663	A	T	14	24	2	1	1	1
1	713229	A	T	9	29	2	1	1	1
1	604560	A	T	9	29	2	1	1	1
1	961743	A	T	14	24	2	1	1	1
1	827182	A	T	16	22	2	1	1	1
1	215429	A	T	15	23	2	1	1	1
1	945256	A	T	9	29	2	1	1	1
1	856353	A	T	11	27	2	1	1	1
1	945921	A	T	11	27	2	1	1	1
1	593570	A	T	11	27	2	1	1	1
1	726169	A	T	11	27	2	1	1	1
1	174968	A	T	7	31	2	1	1	1
1	160708	A	T	8	30	2	1	1	1
1	569614	A	T	12	26	2	1	1	1
1	880457	A	T	11	27	2	1	1	1
1	683707	A	T	11	27	2	1	1	1
1	101642	A	T	12	26	2	1	1	1
1	938304	A	T	20	18	2	1	1	1
1	732991	A	T	14	24	2	1	1	1
1	931401	A	T	18	20	2	1	1	1
1	710751	A	T	13	25	2	1	1	1
1	769928	A	T	6	32	2	1	1	1
1	277773	A	T	11	27	2	1	1	1
1	393133	A	T	14	24	2	1	1	1
1	568824	A	T	10	28	2	1	1	1
1	383544	A	T	12	26	2	1	1	1
1	670501	A	T	14	24	2	1	1	1
1	954749	A	T	11	27	2	1	1	1
1	145358	A	T	11	27	2	1	1	1
1	537132	A	T	18	20	2	1	1	1
1	944888	A	T	17	21	2	1	1	1
1	695213	A	T	11	27	2	1	1	1
1	54169	A	T	14	24	2	1	1	1
1	146823	A	T	14	24	2	1	1	1
1	775812	A	T	22	16	2	1	1	1
1	22090	A	T	13	25	2	1	1	1
1	177688	A	T	11	27	2	1	1	1
1	980576	A	T	10	28	2	1	1	1
1	630761	A	T	7	31	2	1	1	1
1	286835	A	T	14	24	2	1	1	1
1	745231	A	T	11	27	2	1	1	1
1	152994	A	T	12	26	2	1	1	1
1	895462	A	T	15	23	2	1	1	1
1	406970	A	T	14	24	2	1	1	1
1	380004	A	T	14	24	2	1	1	1
1	321535	A	T	14	24	2	1	1	1
1	671192	A	T	10	28	2	1	1	1
1	360963	A	T	15	23	2	1	1	1
1	280819	A	T	7	31	2	1	1	1
1	803858	A	T	14	24	2	1	1	1
1	251267	A	T	13	25	2	1	1	1
1	571137	A	T	9	29	2	1	1	1
1	809138	A	T	12	26	2	1	1	1
1	264197	A	T	10	28	2	1	1	1
1	733326	A	T	10	28	2	1	1	1
1	688740	A	T	9	29	2	1	1	1
1	441545	A	T	10	28	2	1	1	1
1	562121	A	T	13	25	2	1	1	1
1	508173	A	T	7	31	2	1	1	1
1	554851	A	T	14	24	2	1	1	1
1	261944	A	T	18	20	2	1	1	1
1	628916	A	T	15	23	2	1	1	1
1	742200	A	T	13	25	2	1	1	1
1	892631	A	T	20	18	2	1	1	1
1	27303	A	T	14	24	2	1	1	1
1	235430	A	T	11	27	2	1	1	1
1	495830	A	T	9	29	2	1	1	1
1	30584	A	T	19	19	2	1	1	1
1	955664	A	T	9	29	2	1	1	1
1	53323	A	T	8	30	2	1	1	1
1	40449	A	T	14	24	2	1	1	1
1	235489	A	T	11	27	2	1	1	1
1	436152	A	T	13	25	2	1	1	1
1	67931	A	T	13	25	2	1	1	1
1	9399	A	T	7	31	2	1	1	1
1	727745	A	T	12	26	2	1	1	1
1	710549	A	T	8	30	2	1	1	1
1	894841	A	T	12	26	2	1	1	1
1	217094	A	T	14	24	2	1	1	1
1	515934	A	T	9	29	2	1	1	1
1	362372	A	T	7	31	2	1	1	1
1	769326	A	T	16	22	2	1	1	1
1	970645	A	T	19	19	2	1	1	1
1	174284	A	T	10	28	2	1	1	1
1	102801	A	T	14	24	2	1	1	1
1	309984	A	T	7	31	2	1	1	1
1	149957	A	T	8	30	2	1	1	1
1	95209	A	T	16	22	2	1	1	1
1	596927	A	T	13	25	2	1	1	1
1	174187	A	T	9	29	2	1	1	1
1	483285	A	T	11	27	2	1	1	1
1	471275	A	T	13	25	2	1	1	1
1	456088	A	T	11	27	2	1	1	1
1	890203	A	T	14	24	2	1	1	1
1	729150	A	T	14	24	2	1	1	1
1	183869	A	T	13	25	2	1	1	1
1	556764	A	T	12	26	2	1	1	1
1	269323	A	T	11	27	2	1	1	1
1	11516	A	T	10	28	2	1	1	1
1	849541	A	T	12	26	2	1	1	1
1	778072	A	T	8	30	2	1	1	1
1	666432	A	T	11	27	2	1	1	1
1	138318	A	T	14	24	2	1	1	1
1	220058	A	T	19	19	2	1	1	1
1	760998	A	T	12	26	2	1	1	1
1	589655	A	T	13	25	2	1	1	1
1	389504	A	T	13	25	2	1	1	1
1	987104	A	T	14	24	2	1	1	1
1	97511	A	T	11	27	2	1	1	1
1	328146	A	T	12	26	2	1	1	1
1	140185	A	T	5	33	2	1	1	1
1	389706	A	T	13	25	2	1	1	1
1	904004	A	T	13	25	2	1	1	1
1	66920	A	T	16	22	2	1	1	1
1	258124	A	T	7	31	2	1	1	1
1	590919	A	T	10	28	2	1	1	1
1	574619	A	T	12	26	2	1	1	1
1	129171	A	T	10	28	2	1	1	1
1	433941	A	T	10	28	2	1	1	1
