Chromosome	Position	Mutant	Reference	mostLikely	averageFrequency	totalCN	mutationCN
1	117027	A	TRUE	2	0.163485874525744	2	1
1	153556	A	TRUE	2	0.163485874525744	2	1
1	371109	A	TRUE	3	1	2	1
1	438755	A	TRUE	1	0.779443234162084	2	1
1	517107	A	TRUE	2	0.163485874525744	2	1
1	529789	A	TRUE	2	0.163485874525744	2	1
1	564629	A	TRUE	2	0.163485874525744	2	1
1	597148	A	TRUE	2	0.163485874525744	2	1
1	667684	A	TRUE	2	0.163485874525744	2	1
1	705513	A	TRUE	2	0.163485874525744	2	1
1	735593	A	TRUE	2	0.163485874525744	2	1
1	789447	A	TRUE	2	0.163485874525744	2	1
1	920956	A	TRUE	2	0.163485874525744	2	1
1	968552	A	TRUE	1	0.779443234162084	2	1
1	1007232	A	TRUE	2	0.163485874525744	2	1
1	1013353	A	TRUE	2	0.163485874525744	2	1
1	1045720	A	TRUE	2	0.163485874525744	2	1
1	1129683	A	TRUE	2	0.163485874525744	2	1
1	1143216	A	TRUE	2	0.163485874525744	2	1
1	1170659	A	TRUE	2	0.163485874525744	2	1
1	1272582	A	TRUE	2	0.163485874525744	2	1
1	1291649	A	TRUE	2	0.163485874525744	2	1
1	1340077	A	TRUE	2	0.163485874525744	2	1
1	1378224	A	TRUE	2	0.163485874525744	2	1
1	1379930	A	TRUE	2	0.163485874525744	2	1
1	1522475	A	TRUE	2	0.163485874525744	2	1
1	1538846	A	TRUE	2	0.163485874525744	2	1
1	1540569	A	TRUE	2	0.163485874525744	2	1
1	1555426	A	TRUE	2	0.163485874525744	2	1
1	1580950	A	TRUE	2	0.163485874525744	2	1
1	1623215	A	TRUE	2	0.163485874525744	2	1
1	1636523	A	TRUE	1	0.779443234162084	2	1
1	1644328	A	TRUE	2	0.163485874525744	2	1
1	1666358	A	TRUE	1	0.779443234162084	2	1
1	1759632	A	TRUE	2	0.163485874525744	2	1
1	1761714	A	TRUE	2	0.163485874525744	2	1
1	1830525	A	TRUE	2	0.163485874525744	2	1
1	1840026	A	TRUE	2	0.163485874525744	2	1
1	1881967	A	TRUE	2	0.163485874525744	2	1
1	1986458	A	TRUE	2	0.163485874525744	2	1
1	1996198	A	TRUE	2	0.163485874525744	2	1
1	2015201	A	TRUE	2	0.163485874525744	2	1
1	2059079	A	TRUE	2	0.163485874525744	2	1
1	2191985	A	TRUE	1	0.779443234162084	2	1
1	2281920	A	TRUE	2	0.163485874525744	2	1
1	2283821	A	TRUE	2	0.163485874525744	2	1
1	2374996	A	TRUE	2	0.163485874525744	2	1
1	2381348	A	TRUE	2	0.163485874525744	2	1
1	2397859	A	TRUE	2	0.163485874525744	2	1
1	2445132	A	TRUE	2	0.163485874525744	2	1
1	2481700	A	TRUE	2	0.163485874525744	2	1
1	2505048	A	TRUE	1	0.779443234162084	2	1
1	2516968	A	TRUE	2	0.163485874525744	2	1
1	2705739	A	TRUE	2	0.163485874525744	2	1
1	2721800	A	TRUE	2	0.163485874525744	2	1
1	2792296	A	TRUE	2	0.163485874525744	2	1
1	2799999	A	TRUE	2	0.163485874525744	2	1
1	2893706	A	TRUE	3	1	2	1
1	2902650	A	TRUE	2	0.163485874525744	2	1
1	2937449	A	TRUE	1	0.779443234162084	2	1
1	2940715	A	TRUE	2	0.163485874525744	2	1
1	2947507	A	TRUE	2	0.163485874525744	2	1
1	2948734	A	TRUE	2	0.163485874525744	2	1
1	2975656	A	TRUE	2	0.163485874525744	2	1
1	3012110	A	TRUE	2	0.163485874525744	2	1
1	3028518	A	TRUE	2	0.163485874525744	2	1
1	3088091	A	TRUE	2	0.163485874525744	2	1
1	3138208	A	TRUE	2	0.163485874525744	2	1
1	3237177	A	TRUE	2	0.163485874525744	2	1
1	3243593	A	TRUE	2	0.163485874525744	2	1
1	3284896	A	TRUE	2	0.163485874525744	2	1
1	3288587	A	TRUE	1	0.779443234162084	2	1
1	3317653	A	TRUE	2	0.163485874525744	2	1
1	3321397	A	TRUE	2	0.163485874525744	2	1
1	3340840	A	TRUE	1	0.779443234162084	2	1
1	3357089	A	TRUE	2	0.163485874525744	2	1
1	3391730	A	TRUE	2	0.163485874525744	2	1
1	3413227	A	TRUE	2	0.163485874525744	2	1
1	3439412	A	TRUE	2	0.163485874525744	2	1
1	3468687	A	TRUE	2	0.163485874525744	2	1
1	3505990	A	TRUE	2	0.163485874525744	2	1
1	3519127	A	TRUE	2	0.163485874525744	2	1
1	3520933	A	TRUE	2	0.163485874525744	2	1
1	3546112	A	TRUE	2	0.163485874525744	2	1
1	3583085	A	TRUE	2	0.163485874525744	2	1
1	3661779	A	TRUE	2	0.163485874525744	2	1
1	3661928	A	TRUE	2	0.163485874525744	2	1
1	3694310	A	TRUE	2	0.163485874525744	2	1
1	3700992	A	TRUE	0	0	2	1
1	3712481	A	TRUE	1	0.779443234162084	2	1
1	3795962	A	TRUE	2	0.163485874525744	2	1
1	3839484	A	TRUE	2	0.163485874525744	2	1
1	3845023	A	TRUE	2	0.163485874525744	2	1
1	3848322	A	TRUE	2	0.163485874525744	2	1
1	3900422	A	TRUE	2	0.163485874525744	2	1
1	3981089	A	TRUE	1	0.779443234162084	2	1
1	4014308	A	TRUE	2	0.163485874525744	2	1
1	4024737	A	TRUE	1	0.779443234162084	2	1
1	4091280	A	TRUE	3	1	2	1
1	4121317	A	TRUE	2	0.163485874525744	2	1
1	4133622	A	TRUE	2	0.163485874525744	2	1
1	4134919	A	TRUE	2	0.163485874525744	2	1
1	4139285	A	TRUE	1	0.779443234162084	2	1
1	4182635	A	TRUE	3	1	2	1
1	4194054	A	TRUE	1	0.779443234162084	2	1
1	4230107	A	TRUE	2	0.163485874525744	2	1
1	4256547	A	TRUE	2	0.163485874525744	2	1
1	4261701	A	TRUE	1	0.779443234162084	2	1
1	4303175	A	TRUE	1	0.779443234162084	2	1
1	4316175	A	TRUE	2	0.163485874525744	2	1
1	4323908	A	TRUE	2	0.163485874525744	2	1
1	4341143	A	TRUE	2	0.163485874525744	2	1
1	4356375	A	TRUE	1	0.779443234162084	2	1
1	4400490	A	TRUE	2	0.163485874525744	2	1
1	4400823	A	TRUE	2	0.163485874525744	2	1
1	4486430	A	TRUE	2	0.163485874525744	2	1
1	4487138	A	TRUE	2	0.163485874525744	2	1
1	4622912	A	TRUE	2	0.163485874525744	2	1
1	4679661	A	TRUE	2	0.163485874525744	2	1
1	4681081	A	TRUE	2	0.163485874525744	2	1
1	4733483	A	TRUE	1	0.779443234162084	2	1
1	4764277	A	TRUE	3	1	2	1
1	4765363	A	TRUE	2	0.163485874525744	2	1
1	4776699	A	TRUE	2	0.163485874525744	2	1
1	4799000	A	TRUE	2	0.163485874525744	2	1
1	4817760	A	TRUE	2	0.163485874525744	2	1
1	4854672	A	TRUE	2	0.163485874525744	2	1
1	4898736	A	TRUE	2	0.163485874525744	2	1
1	4987161	A	TRUE	2	0.163485874525744	2	1
1	4992724	A	TRUE	2	0.163485874525744	2	1
1	5009196	A	TRUE	2	0.163485874525744	2	1
1	5012844	A	TRUE	3	1	2	1
1	5085944	A	TRUE	2	0.163485874525744	2	1
1	5112711	A	TRUE	2	0.163485874525744	2	1
1	5139620	A	TRUE	2	0.163485874525744	2	1
1	5153822	A	TRUE	2	0.163485874525744	2	1
1	5179624	A	TRUE	2	0.163485874525744	2	1
1	5196409	A	TRUE	2	0.163485874525744	2	1
1	5199841	A	TRUE	2	0.163485874525744	2	1
1	5201182	A	TRUE	1	0.779443234162084	2	1
1	5201656	A	TRUE	2	0.163485874525744	2	1
1	5244205	A	TRUE	2	0.163485874525744	2	1
1	5292290	A	TRUE	2	0.163485874525744	2	1
1	5431390	A	TRUE	2	0.163485874525744	2	1
1	5442165	A	TRUE	3	1	2	1
1	5517680	A	TRUE	2	0.163485874525744	2	1
1	5526784	A	TRUE	2	0.163485874525744	2	1
1	5549745	A	TRUE	1	0.779443234162084	2	1
1	5563489	A	TRUE	2	0.163485874525744	2	1
1	5586889	A	TRUE	2	0.163485874525744	2	1
1	5594762	A	TRUE	2	0.163485874525744	2	1
1	5628617	A	TRUE	2	0.163485874525744	2	1
1	5699455	A	TRUE	2	0.163485874525744	2	1
1	5700858	A	TRUE	2	0.163485874525744	2	1
1	5713649	A	TRUE	2	0.163485874525744	2	1
1	5740785	A	TRUE	2	0.163485874525744	2	1
1	5744223	A	TRUE	3	1	2	1
1	5804356	A	TRUE	2	0.163485874525744	2	1
1	5825293	A	TRUE	2	0.163485874525744	2	1
1	5833188	A	TRUE	2	0.163485874525744	2	1
1	5840244	A	TRUE	2	0.163485874525744	2	1
1	5875555	A	TRUE	2	0.163485874525744	2	1
1	5886269	A	TRUE	2	0.163485874525744	2	1
1	6110290	A	TRUE	2	0.163485874525744	2	1
1	6122929	A	TRUE	2	0.163485874525744	2	1
1	6177751	A	TRUE	2	0.163485874525744	2	1
1	6182604	A	TRUE	1	0.779443234162084	2	1
1	6206163	A	TRUE	2	0.163485874525744	2	1
1	6306849	A	TRUE	2	0.163485874525744	2	1
1	6359119	A	TRUE	2	0.163485874525744	2	1
1	6362682	A	TRUE	2	0.163485874525744	2	1
1	6384425	A	TRUE	1	0.779443234162084	2	1
1	6388943	A	TRUE	2	0.163485874525744	2	1
1	6462919	A	TRUE	2	0.163485874525744	2	1
1	6510399	A	TRUE	2	0.163485874525744	2	1
1	6529128	A	TRUE	2	0.163485874525744	2	1
1	6550150	A	TRUE	2	0.163485874525744	2	1
1	6601751	A	TRUE	2	0.163485874525744	2	1
1	6619537	A	TRUE	2	0.163485874525744	2	1
1	6632071	A	TRUE	2	0.163485874525744	2	1
1	6688636	A	TRUE	2	0.163485874525744	2	1
1	6703407	A	TRUE	2	0.163485874525744	2	1
1	6725830	A	TRUE	2	0.163485874525744	2	1
1	6768242	A	TRUE	3	1	2	1
1	6785303	A	TRUE	3	1	2	1
1	6842675	A	TRUE	3	1	2	1
1	6843309	A	TRUE	3	1	2	1
1	6892725	A	TRUE	3	1	2	1
1	6913323	A	TRUE	3	1	2	1
1	6936413	A	TRUE	3	1	2	1
1	6956082	A	TRUE	1	0.779443234162084	2	1
1	7004952	A	TRUE	3	1	2	1
1	7005202	A	TRUE	3	1	2	1
1	7053357	A	TRUE	3	1	2	1
1	7055545	A	TRUE	3	1	2	1
1	7077742	A	TRUE	3	1	2	1
1	7083132	A	TRUE	3	1	2	1
1	7158750	A	TRUE	3	1	2	1
1	7187902	A	TRUE	3	1	2	1
1	7242632	A	TRUE	3	1	2	1
1	7258095	A	TRUE	1	0.779443234162084	2	1
1	7284403	A	TRUE	3	1	2	1
1	7347895	A	TRUE	3	1	2	1
1	7391885	A	TRUE	1	0.779443234162084	2	1
1	7405533	A	TRUE	1	0.779443234162084	2	1
1	7413408	A	TRUE	3	1	2	1
1	7448109	A	TRUE	3	1	2	1
1	7455657	A	TRUE	1	0.779443234162084	2	1
1	7462581	A	TRUE	3	1	2	1
1	7500840	A	TRUE	3	1	2	1
1	7560979	A	TRUE	3	1	2	1
1	7574592	A	TRUE	3	1	2	1
1	7583462	A	TRUE	3	1	2	1
1	7732045	A	TRUE	1	0.779443234162084	2	1
1	7738845	A	TRUE	3	1	2	1
1	7763564	A	TRUE	1	0.779443234162084	2	1
1	7807529	A	TRUE	3	1	2	1
1	7813994	A	TRUE	3	1	2	1
1	7849007	A	TRUE	3	1	2	1
1	7866794	A	TRUE	1	0.779443234162084	2	1
1	7867979	A	TRUE	1	0.779443234162084	2	1
1	7906034	A	TRUE	1	0.779443234162084	2	1
1	7932355	A	TRUE	1	0.779443234162084	2	1
1	7939605	A	TRUE	3	1	2	1
1	8034896	A	TRUE	3	1	2	1
1	8153214	A	TRUE	1	0.779443234162084	2	1
1	8212665	A	TRUE	1	0.779443234162084	2	1
1	8228401	A	TRUE	3	1	2	1
1	8256787	A	TRUE	3	1	2	1
1	8281904	A	TRUE	3	1	2	1
1	8316996	A	TRUE	3	1	2	1
1	8329935	A	TRUE	3	1	2	1
1	8431651	A	TRUE	3	1	2	1
1	8434765	A	TRUE	1	0.779443234162084	2	1
1	8444566	A	TRUE	3	1	2	1
1	8480841	A	TRUE	3	1	2	1
1	8488260	A	TRUE	1	0.779443234162084	2	1
1	8504460	A	TRUE	3	1	2	1
1	8529007	A	TRUE	1	0.779443234162084	2	1
1	8547120	A	TRUE	3	1	2	1
1	8555015	A	TRUE	1	0.779443234162084	2	1
1	8614329	A	TRUE	3	1	2	1
1	8618301	A	TRUE	1	0.779443234162084	2	1
1	8643628	A	TRUE	3	1	2	1
1	8713283	A	TRUE	3	1	2	1
1	8833532	A	TRUE	3	1	2	1
1	8901993	A	TRUE	3	1	2	1
1	8929366	A	TRUE	1	0.779443234162084	2	1
1	9038638	A	TRUE	3	1	2	1
1	9048547	A	TRUE	1	0.779443234162084	2	1
1	9053445	A	TRUE	3	1	2	1
1	9066173	A	TRUE	3	1	2	1
1	9173397	A	TRUE	3	1	2	1
1	9188409	A	TRUE	3	1	2	1
1	9195140	A	TRUE	3	1	2	1
1	9215012	A	TRUE	3	1	2	1
1	9227280	A	TRUE	1	0.779443234162084	2	1
1	9234078	A	TRUE	3	1	2	1
1	9262434	A	TRUE	3	1	2	1
1	9298636	A	TRUE	3	1	2	1
1	9341770	A	TRUE	3	1	2	1
1	9380538	A	TRUE	3	1	2	1
1	9390265	A	TRUE	3	1	2	1
1	9409412	A	TRUE	3	1	2	1
1	9409787	A	TRUE	1	0.779443234162084	2	1
1	9444839	A	TRUE	3	1	2	1
1	9475479	A	TRUE	1	0.779443234162084	2	1
1	9487630	A	TRUE	1	0.779443234162084	2	1
1	9609984	A	TRUE	3	1	2	1
1	9625427	A	TRUE	1	0.779443234162084	2	1
1	9738383	A	TRUE	1	0.779443234162084	2	1
1	9760352	A	TRUE	3	1	2	1
1	9784435	A	TRUE	1	0.779443234162084	2	1
1	9787092	A	TRUE	3	1	2	1
1	9797285	A	TRUE	3	1	2	1
1	9824672	A	TRUE	3	1	2	1
1	9852815	A	TRUE	1	0.779443234162084	2	1
1	9880997	A	TRUE	3	1	2	1
1	9960778	A	TRUE	1	0.779443234162084	2	1
1	10005711	A	TRUE	3	1	2	1
1	10008078	A	TRUE	1	0.779443234162084	2	1
1	10018241	A	TRUE	3	1	2	1
1	10033794	A	TRUE	3	1	2	1
1	10081008	A	TRUE	1	0.779443234162084	2	1
1	10120388	A	TRUE	3	1	2	1
1	10137149	A	TRUE	1	0.779443234162084	2	1
1	10200367	A	TRUE	3	1	2	1
1	10202954	A	TRUE	3	1	2	1
1	10212016	A	TRUE	3	1	2	1
1	10217353	A	TRUE	1	0.779443234162084	2	1
1	10230473	A	TRUE	3	1	2	1
1	10293625	A	TRUE	3	1	2	1
1	10335168	A	TRUE	1	0.779443234162084	2	1
1	10360727	A	TRUE	3	1	2	1
1	10394577	A	TRUE	3	1	2	1
1	10407351	A	TRUE	3	1	2	1
1	10489552	A	TRUE	3	1	2	1
1	10556534	A	TRUE	3	1	2	1
1	10559242	A	TRUE	3	1	2	1
1	10601573	A	TRUE	3	1	2	1
1	10703098	A	TRUE	3	1	2	1
1	10707920	A	TRUE	1	0.779443234162084	2	1
1	10712164	A	TRUE	1	0.779443234162084	2	1
1	10727843	A	TRUE	3	1	2	1
1	10745096	A	TRUE	1	0.779443234162084	2	1
1	10755532	A	TRUE	3	1	2	1
1	10832456	A	TRUE	3	1	2	1
1	10842470	A	TRUE	3	1	2	1
1	10866076	A	TRUE	3	1	2	1
1	10924244	A	TRUE	3	1	2	1
1	10949131	A	TRUE	3	1	2	1
1	11047015	A	TRUE	1	0.779443234162084	2	1
1	11054771	A	TRUE	1	0.779443234162084	2	1
1	11072623	A	TRUE	1	0.779443234162084	2	1
1	11121207	A	TRUE	1	0.779443234162084	2	1
1	11139535	A	TRUE	3	1	2	1
1	11171519	A	TRUE	3	1	2	1
1	11206451	A	TRUE	3	1	2	1
1	11209602	A	TRUE	1	0.779443234162084	2	1
1	11278023	A	TRUE	3	1	2	1
1	11279789	A	TRUE	1	0.779443234162084	2	1
1	11282674	A	TRUE	3	1	2	1
1	11316799	A	TRUE	3	1	2	1
1	11317243	A	TRUE	3	1	2	1
1	11395317	A	TRUE	3	1	2	1
1	11398702	A	TRUE	3	1	2	1
1	11408969	A	TRUE	3	1	2	1
1	11458122	A	TRUE	1	0.779443234162084	2	1
1	11587452	A	TRUE	3	1	2	1
1	11615862	A	TRUE	3	1	2	1
1	11637813	A	TRUE	1	0.779443234162084	2	1
1	11733034	A	TRUE	1	0.779443234162084	2	1
1	11764099	A	TRUE	3	1	2	1
1	11766755	A	TRUE	1	0.779443234162084	2	1
1	11779646	A	TRUE	3	1	2	1
1	11839569	A	TRUE	3	1	2	1
1	11869046	A	TRUE	3	1	2	1
1	11930764	A	TRUE	1	0.779443234162084	2	1
1	11978487	A	TRUE	3	1	2	1
1	11983288	A	TRUE	1	0.779443234162084	2	1
1	12008581	A	TRUE	3	1	2	1
1	12013088	A	TRUE	3	1	2	1
1	12028576	A	TRUE	3	1	2	1
1	12047677	A	TRUE	3	1	2	1
1	12082543	A	TRUE	3	1	2	1
1	12086262	A	TRUE	3	1	2	1
1	12203844	A	TRUE	1	0.779443234162084	2	1
1	12254876	A	TRUE	1	0.779443234162084	2	1
1	12295105	A	TRUE	1	0.779443234162084	2	1
1	12352022	A	TRUE	3	1	2	1
1	12356632	A	TRUE	3	1	2	1
1	12369237	A	TRUE	3	1	2	1
1	12382828	A	TRUE	1	0.779443234162084	2	1
1	12385054	A	TRUE	3	1	2	1
1	12402864	A	TRUE	3	1	2	1
1	12432289	A	TRUE	3	1	2	1
1	12479967	A	TRUE	3	1	2	1
1	12508205	A	TRUE	0	0	2	1
1	12528872	A	TRUE	3	1	2	1
1	12569722	A	TRUE	1	0.779443234162084	2	1
1	12571981	A	TRUE	1	0.779443234162084	2	1
1	12611238	A	TRUE	3	1	2	1
1	12633351	A	TRUE	3	1	2	1
1	12666038	A	TRUE	3	1	2	1
1	12749888	A	TRUE	3	1	2	1
1	12763454	A	TRUE	3	1	2	1
1	12832835	A	TRUE	3	1	2	1
1	12841171	A	TRUE	1	0.779443234162084	2	1
1	12904839	A	TRUE	1	0.779443234162084	2	1
1	12918377	A	TRUE	3	1	2	1
1	12979019	A	TRUE	3	1	2	1
1	13128249	A	TRUE	1	0.779443234162084	2	1
1	13138050	A	TRUE	3	1	2	1
1	13207388	A	TRUE	3	1	2	1
1	13236949	A	TRUE	1	0.779443234162084	2	1
1	13242116	A	TRUE	3	1	2	1
1	13244162	A	TRUE	3	1	2	1
1	13270898	A	TRUE	3	1	2	1
1	13278897	A	TRUE	3	1	2	1
1	13306077	A	TRUE	1	0.779443234162084	2	1
1	13313039	A	TRUE	1	0.779443234162084	2	1
1	13326378	A	TRUE	3	1	2	1
1	13346581	A	TRUE	3	1	2	1
1	13352378	A	TRUE	3	1	2	1
1	13361799	A	TRUE	3	1	2	1
1	13393390	A	TRUE	3	1	2	1
1	13430206	A	TRUE	3	1	2	1
1	13478201	A	TRUE	1	0.779443234162084	2	1
1	13509483	A	TRUE	3	1	2	1
1	13553347	A	TRUE	3	1	2	1
1	13557326	A	TRUE	1	0.779443234162084	2	1
1	13573796	A	TRUE	3	1	2	1
1	13599740	A	TRUE	1	0.779443234162084	2	1
1	13696715	A	TRUE	3	1	2	1
1	13826746	A	TRUE	3	1	2	1
1	13835115	A	TRUE	1	0.779443234162084	2	1
1	13843994	A	TRUE	3	1	2	1
1	13968375	A	TRUE	3	1	2	1
1	13977589	A	TRUE	3	1	2	1
1	13993699	A	TRUE	3	1	2	1
1	14015628	A	TRUE	3	1	2	1
1	14026990	A	TRUE	3	1	2	1
1	14037095	A	TRUE	1	0.779443234162084	2	1
1	14062470	A	TRUE	3	1	2	1
1	14117524	A	TRUE	1	0.779443234162084	2	1
1	14122031	A	TRUE	3	1	2	1
1	14172995	A	TRUE	3	1	2	1
1	14177415	A	TRUE	3	1	2	1
1	14188494	A	TRUE	1	0.779443234162084	2	1
1	14221179	A	TRUE	3	1	2	1
1	14278909	A	TRUE	3	1	2	1
1	14328125	A	TRUE	3	1	2	1
1	14348954	A	TRUE	1	0.779443234162084	2	1
1	14350724	A	TRUE	3	1	2	1
1	14373985	A	TRUE	1	0.779443234162084	2	1
1	14405126	A	TRUE	3	1	2	1
1	14436635	A	TRUE	3	1	2	1
1	14545137	A	TRUE	3	1	2	1
1	14551738	A	TRUE	3	1	2	1
1	14596942	A	TRUE	3	1	2	1
1	14624950	A	TRUE	3	1	2	1
1	14629548	A	TRUE	3	1	2	1
1	14672349	A	TRUE	3	1	2	1
1	14694595	A	TRUE	1	0.779443234162084	2	1
1	14712045	A	TRUE	3	1	2	1
1	14747783	A	TRUE	3	1	2	1
1	14806029	A	TRUE	3	1	2	1
1	14911879	A	TRUE	3	1	2	1
1	14918771	A	TRUE	3	1	2	1
1	14961298	A	TRUE	3	1	2	1
1	14969511	A	TRUE	1	0.779443234162084	2	1
1	14991761	A	TRUE	1	0.779443234162084	2	1
1	15021215	A	TRUE	3	1	2	1
1	15024940	A	TRUE	3	1	2	1
1	15056212	A	TRUE	3	1	2	1
1	15071172	A	TRUE	3	1	2	1
1	15088711	A	TRUE	3	1	2	1
1	15091801	A	TRUE	3	1	2	1
1	15125929	A	TRUE	3	1	2	1
1	15173267	A	TRUE	1	0.779443234162084	2	1
1	15246709	A	TRUE	3	1	2	1
1	15273863	A	TRUE	1	0.779443234162084	2	1
1	15275183	A	TRUE	3	1	2	1
1	15338795	A	TRUE	3	1	2	1
1	15383973	A	TRUE	3	1	2	1
1	15387639	A	TRUE	1	0.779443234162084	2	1
1	15391452	A	TRUE	3	1	2	1
1	15391919	A	TRUE	3	1	2	1
1	15435484	A	TRUE	1	0.779443234162084	2	1
1	15455723	A	TRUE	3	1	2	1
1	15468824	A	TRUE	3	1	2	1
1	15492650	A	TRUE	3	1	2	1
1	15520243	A	TRUE	3	1	2	1
1	15549547	A	TRUE	3	1	2	1
1	15583938	A	TRUE	3	1	2	1
1	15632256	A	TRUE	3	1	2	1
1	15703152	A	TRUE	3	1	2	1
1	15708430	A	TRUE	3	1	2	1
1	15724841	A	TRUE	3	1	2	1
1	15725150	A	TRUE	3	1	2	1
1	15783824	A	TRUE	3	1	2	1
1	15843359	A	TRUE	3	1	2	1
1	15859781	A	TRUE	3	1	2	1
1	15884750	A	TRUE	1	0.779443234162084	2	1
1	15888376	A	TRUE	3	1	2	1
1	15998482	A	TRUE	1	0.779443234162084	2	1
1	16005743	A	TRUE	1	0.779443234162084	2	1
1	16018748	A	TRUE	3	1	2	1
1	16022089	A	TRUE	1	0.779443234162084	2	1
1	16029677	A	TRUE	1	0.779443234162084	2	1
1	16035097	A	TRUE	1	0.779443234162084	2	1
1	16058934	A	TRUE	3	1	2	1
1	16062289	A	TRUE	3	1	2	1
1	16086358	A	TRUE	3	1	2	1
1	16173895	A	TRUE	1	0.779443234162084	2	1
1	16289274	A	TRUE	3	1	2	1
1	16346458	A	TRUE	3	1	2	1
1	16352301	A	TRUE	3	1	2	1
1	16352441	A	TRUE	1	0.779443234162084	2	1
1	16355676	A	TRUE	3	1	2	1
1	16369664	A	TRUE	3	1	2	1
1	16377012	A	TRUE	1	0.779443234162084	2	1
1	16423835	A	TRUE	3	1	2	1
1	16473443	A	TRUE	3	1	2	1
1	16577134	A	TRUE	3	1	2	1
1	16579663	A	TRUE	3	1	2	1
1	16585242	A	TRUE	1	0.779443234162084	2	1
1	16611404	A	TRUE	1	0.779443234162084	2	1
1	16624722	A	TRUE	3	1	2	1
1	16631738	A	TRUE	3	1	2	1
1	16633667	A	TRUE	1	0.779443234162084	2	1
1	16675749	A	TRUE	3	1	2	1
1	16676467	A	TRUE	3	1	2	1
1	16679674	A	TRUE	3	1	2	1
1	16688902	A	TRUE	3	1	2	1
1	16704657	A	TRUE	3	1	2	1
1	16839968	A	TRUE	3	1	2	1
1	16894486	A	TRUE	1	0.779443234162084	2	1
1	16898696	A	TRUE	1	0.779443234162084	2	1
1	16898870	A	TRUE	3	1	2	1
1	16900258	A	TRUE	3	1	2	1
1	16909868	A	TRUE	3	1	2	1
1	16922750	A	TRUE	3	1	2	1
1	16924376	A	TRUE	1	0.779443234162084	2	1
1	16967726	A	TRUE	3	1	2	1
1	16986734	A	TRUE	3	1	2	1
1	16995785	A	TRUE	3	1	2	1
1	16999145	A	TRUE	3	1	2	1
1	17018410	A	TRUE	3	1	2	1
1	17020171	A	TRUE	3	1	2	1
1	17026234	A	TRUE	3	1	2	1
1	17034565	A	TRUE	3	1	2	1
1	17217040	A	TRUE	3	1	2	1
1	17234039	A	TRUE	3	1	2	1
1	17408949	A	TRUE	3	1	2	1
1	17470251	A	TRUE	1	0.779443234162084	2	1
1	17538833	A	TRUE	3	1	2	1
1	17559498	A	TRUE	1	0.779443234162084	2	1
1	17577319	A	TRUE	3	1	2	1
1	17597213	A	TRUE	3	1	2	1
1	17603469	A	TRUE	3	1	2	1
1	17610600	A	TRUE	1	0.779443234162084	2	1
1	17640300	A	TRUE	3	1	2	1
1	17640608	A	TRUE	3	1	2	1
1	17643340	A	TRUE	3	1	2	1
1	17650537	A	TRUE	3	1	2	1
1	17683488	A	TRUE	3	1	2	1
1	17706349	A	TRUE	3	1	2	1
1	17784792	A	TRUE	3	1	2	1
1	17798074	A	TRUE	1	0.779443234162084	2	1
1	17842592	A	TRUE	3	1	2	1
1	17952284	A	TRUE	1	0.779443234162084	2	1
1	17957710	A	TRUE	3	1	2	1
1	17978411	A	TRUE	1	0.779443234162084	2	1
1	18002554	A	TRUE	3	1	2	1
1	18089739	A	TRUE	1	0.779443234162084	2	1
1	18155757	A	TRUE	3	1	2	1
1	18227170	A	TRUE	3	1	2	1
1	18228234	A	TRUE	3	1	2	1
1	18246515	A	TRUE	1	0.779443234162084	2	1
1	18261516	A	TRUE	3	1	2	1
1	18279914	A	TRUE	3	1	2	1
1	18294179	A	TRUE	3	1	2	1
1	18318372	A	TRUE	3	1	2	1
1	18364146	A	TRUE	3	1	2	1
1	18386706	A	TRUE	3	1	2	1
1	18399101	A	TRUE	3	1	2	1
1	18439292	A	TRUE	3	1	2	1
1	18595058	A	TRUE	3	1	2	1
1	18615055	A	TRUE	1	0.779443234162084	2	1
1	18615850	A	TRUE	3	1	2	1
1	18690113	A	TRUE	1	0.779443234162084	2	1
1	18742179	A	TRUE	1	0.779443234162084	2	1
1	18770757	A	TRUE	3	1	2	1
1	18856227	A	TRUE	1	0.779443234162084	2	1
1	18875752	A	TRUE	3	1	2	1
1	18923538	A	TRUE	3	1	2	1
1	18938272	A	TRUE	3	1	2	1
1	18947092	A	TRUE	3	1	2	1
1	18957125	A	TRUE	3	1	2	1
1	18962408	A	TRUE	3	1	2	1
1	18996087	A	TRUE	3	1	2	1
1	19124780	A	TRUE	3	1	2	1
1	19131463	A	TRUE	3	1	2	1
1	19181772	A	TRUE	1	0.779443234162084	2	1
1	19187954	A	TRUE	3	1	2	1
1	19228961	A	TRUE	3	1	2	1
1	19247019	A	TRUE	1	0.779443234162084	2	1
1	19305065	A	TRUE	3	1	2	1
1	19395259	A	TRUE	1	0.779443234162084	2	1
1	19414940	A	TRUE	1	0.779443234162084	2	1
1	19442088	A	TRUE	1	0.779443234162084	2	1
1	19455586	A	TRUE	1	0.779443234162084	2	1
1	19497538	A	TRUE	3	1	2	1
1	19500646	A	TRUE	1	0.779443234162084	2	1
1	19529174	A	TRUE	3	1	2	1
1	19548917	A	TRUE	3	1	2	1
1	19596717	A	TRUE	1	0.779443234162084	2	1
1	19606834	A	TRUE	1	0.779443234162084	2	1
1	19612031	A	TRUE	3	1	2	1
1	19624610	A	TRUE	3	1	2	1
1	19630166	A	TRUE	3	1	2	1
1	19649854	A	TRUE	3	1	2	1
1	19711110	A	TRUE	3	1	2	1
1	19756172	A	TRUE	1	0.779443234162084	2	1
1	19774091	A	TRUE	3	1	2	1
1	19792013	A	TRUE	3	1	2	1
1	19795966	A	TRUE	3	1	2	1
1	19798896	A	TRUE	1	0.779443234162084	2	1
1	19869663	A	TRUE	3	1	2	1
1	19968207	A	TRUE	3	1	2	1
1	20026370	A	TRUE	3	1	2	1
1	20075442	A	TRUE	3	1	2	1
1	20099740	A	TRUE	3	1	2	1
1	20106515	A	TRUE	3	1	2	1
1	20132525	A	TRUE	3	1	2	1
1	20171006	A	TRUE	3	1	2	1
1	20191011	A	TRUE	3	1	2	1
1	20195320	A	TRUE	3	1	2	1
1	20289662	A	TRUE	3	1	2	1
1	20316756	A	TRUE	3	1	2	1
1	20353742	A	TRUE	3	1	2	1
1	20402895	A	TRUE	3	1	2	1
1	20419413	A	TRUE	1	0.779443234162084	2	1
1	20509300	A	TRUE	3	1	2	1
1	20524869	A	TRUE	3	1	2	1
1	20533473	A	TRUE	3	1	2	1
1	20543753	A	TRUE	3	1	2	1
1	20547792	A	TRUE	3	1	2	1
1	20561399	A	TRUE	3	1	2	1
1	20577687	A	TRUE	3	1	2	1
1	20613007	A	TRUE	1	0.779443234162084	2	1
1	20646708	A	TRUE	3	1	2	1
1	20671842	A	TRUE	1	0.779443234162084	2	1
1	20737670	A	TRUE	3	1	2	1
1	20737917	A	TRUE	3	1	2	1
1	20743533	A	TRUE	1	0.779443234162084	2	1
1	20744421	A	TRUE	1	0.779443234162084	2	1
1	20761685	A	TRUE	3	1	2	1
1	20772702	A	TRUE	1	0.779443234162084	2	1
1	20775342	A	TRUE	3	1	2	1
1	20798489	A	TRUE	1	0.779443234162084	2	1
1	20812278	A	TRUE	1	0.779443234162084	2	1
1	20814168	A	TRUE	1	0.779443234162084	2	1
1	20844971	A	TRUE	1	0.779443234162084	2	1
1	20865209	A	TRUE	3	1	2	1
1	20915523	A	TRUE	3	1	2	1
1	21006903	A	TRUE	3	1	2	1
1	21087053	A	TRUE	1	0.779443234162084	2	1
1	21090189	A	TRUE	1	0.779443234162084	2	1
1	21123311	A	TRUE	3	1	2	1
1	21235821	A	TRUE	1	0.779443234162084	2	1
1	21256019	A	TRUE	3	1	2	1
1	21305669	A	TRUE	1	0.779443234162084	2	1
1	21343619	A	TRUE	3	1	2	1
1	21391315	A	TRUE	1	0.779443234162084	2	1
1	21435511	A	TRUE	3	1	2	1
1	21451847	A	TRUE	1	0.779443234162084	2	1
1	21458961	A	TRUE	3	1	2	1
1	21514387	A	TRUE	1	0.779443234162084	2	1
1	21516758	A	TRUE	3	1	2	1
1	21538224	A	TRUE	3	1	2	1
1	21590107	A	TRUE	3	1	2	1
1	21598225	A	TRUE	3	1	2	1
1	21632462	A	TRUE	3	1	2	1
1	21659952	A	TRUE	3	1	2	1
1	21768751	A	TRUE	1	0.779443234162084	2	1
1	21803829	A	TRUE	3	1	2	1
1	21879137	A	TRUE	3	1	2	1
1	21881638	A	TRUE	3	1	2	1
1	21896403	A	TRUE	3	1	2	1
1	21910786	A	TRUE	1	0.779443234162084	2	1
1	21924714	A	TRUE	1	0.779443234162084	2	1
1	21945902	A	TRUE	3	1	2	1
1	21959020	A	TRUE	3	1	2	1
1	21966653	A	TRUE	3	1	2	1
1	21988581	A	TRUE	1	0.779443234162084	2	1
1	22042162	A	TRUE	1	0.779443234162084	2	1
1	22061398	A	TRUE	3	1	2	1
1	22062302	A	TRUE	3	1	2	1
1	22104737	A	TRUE	3	1	2	1
1	22116112	A	TRUE	3	1	2	1
1	22157626	A	TRUE	3	1	2	1
1	22159503	A	TRUE	3	1	2	1
1	22161542	A	TRUE	3	1	2	1
1	22177547	A	TRUE	3	1	2	1
1	22203234	A	TRUE	3	1	2	1
1	22305295	A	TRUE	3	1	2	1
1	22334432	A	TRUE	3	1	2	1
1	22447416	A	TRUE	1	0.779443234162084	2	1
1	22450951	A	TRUE	3	1	2	1
1	22451282	A	TRUE	1	0.779443234162084	2	1
1	22458551	A	TRUE	3	1	2	1
1	22458582	A	TRUE	1	0.779443234162084	2	1
1	22505873	A	TRUE	1	0.779443234162084	2	1
1	22508400	A	TRUE	1	0.779443234162084	2	1
1	22508607	A	TRUE	3	1	2	1
1	22531108	A	TRUE	3	1	2	1
1	22537366	A	TRUE	1	0.779443234162084	2	1
1	22576049	A	TRUE	3	1	2	1
1	22599162	A	TRUE	1	0.779443234162084	2	1
1	22622690	A	TRUE	1	0.779443234162084	2	1
1	22630917	A	TRUE	3	1	2	1
1	22702908	A	TRUE	1	0.779443234162084	2	1
1	22729083	A	TRUE	3	1	2	1
1	22733540	A	TRUE	3	1	2	1
1	22773730	A	TRUE	3	1	2	1
1	22785132	A	TRUE	3	1	2	1
1	22786551	A	TRUE	3	1	2	1
1	22812238	A	TRUE	3	1	2	1
1	22839943	A	TRUE	3	1	2	1
1	22868824	A	TRUE	1	0.779443234162084	2	1
1	22898891	A	TRUE	1	0.779443234162084	2	1
1	22913217	A	TRUE	1	0.779443234162084	2	1
1	22997067	A	TRUE	3	1	2	1
1	23004230	A	TRUE	3	1	2	1
1	23085579	A	TRUE	3	1	2	1
1	23110961	A	TRUE	1	0.779443234162084	2	1
1	23130849	A	TRUE	3	1	2	1
1	23195117	A	TRUE	3	1	2	1
1	23257123	A	TRUE	3	1	2	1
1	23260120	A	TRUE	3	1	2	1
1	23291163	A	TRUE	3	1	2	1
1	23319533	A	TRUE	1	0.779443234162084	2	1
1	23382400	A	TRUE	1	0.779443234162084	2	1
1	23391316	A	TRUE	3	1	2	1
1	23419148	A	TRUE	1	0.779443234162084	2	1
1	23462337	A	TRUE	1	0.779443234162084	2	1
1	23471704	A	TRUE	3	1	2	1
1	23488253	A	TRUE	1	0.779443234162084	2	1
1	23514683	A	TRUE	3	1	2	1
1	23565910	A	TRUE	3	1	2	1
1	23567177	A	TRUE	3	1	2	1
1	23593189	A	TRUE	3	1	2	1
1	23604274	A	TRUE	1	0.779443234162084	2	1
1	23626956	A	TRUE	3	1	2	1
1	23656224	A	TRUE	3	1	2	1
1	23667375	A	TRUE	3	1	2	1
1	23668538	A	TRUE	3	1	2	1
1	23692800	A	TRUE	3	1	2	1
1	23704401	A	TRUE	1	0.779443234162084	2	1
1	23712149	A	TRUE	1	0.779443234162084	2	1
1	23757575	A	TRUE	3	1	2	1
1	23773318	A	TRUE	3	1	2	1
1	23805600	A	TRUE	1	0.779443234162084	2	1
1	23830592	A	TRUE	3	1	2	1
1	23853909	A	TRUE	3	1	2	1
1	23864318	A	TRUE	3	1	2	1
1	23865834	A	TRUE	3	1	2	1
1	23915634	A	TRUE	3	1	2	1
1	23944368	A	TRUE	3	1	2	1
1	23945896	A	TRUE	3	1	2	1
1	23951114	A	TRUE	3	1	2	1
1	23956785	A	TRUE	3	1	2	1
1	23988500	A	TRUE	1	0.779443234162084	2	1
1	23998105	A	TRUE	3	1	2	1
1	24036409	A	TRUE	3	1	2	1
1	24099019	A	TRUE	3	1	2	1
1	24115506	A	TRUE	3	1	2	1
1	24127719	A	TRUE	1	0.779443234162084	2	1
1	24151481	A	TRUE	3	1	2	1
1	24224338	A	TRUE	1	0.779443234162084	2	1
1	24287050	A	TRUE	3	1	2	1
1	24297413	A	TRUE	1	0.779443234162084	2	1
1	24341320	A	TRUE	3	1	2	1
1	24381224	A	TRUE	3	1	2	1
1	24383209	A	TRUE	3	1	2	1
1	24409565	A	TRUE	1	0.779443234162084	2	1
1	24412279	A	TRUE	1	0.779443234162084	2	1
1	24429660	A	TRUE	1	0.779443234162084	2	1
1	24462107	A	TRUE	1	0.779443234162084	2	1
1	24487116	A	TRUE	1	0.779443234162084	2	1
1	24500656	A	TRUE	0	0	2	1
1	24502456	A	TRUE	1	0.779443234162084	2	1
1	24534180	A	TRUE	3	1	2	1
1	24592054	A	TRUE	3	1	2	1
1	24597604	A	TRUE	3	1	2	1
1	24656928	A	TRUE	1	0.779443234162084	2	1
1	24664682	A	TRUE	1	0.779443234162084	2	1
1	24692096	A	TRUE	3	1	2	1
1	24697637	A	TRUE	3	1	2	1
1	24700947	A	TRUE	3	1	2	1
1	24760472	A	TRUE	3	1	2	1
1	24780701	A	TRUE	3	1	2	1
1	24803873	A	TRUE	1	0.779443234162084	2	1
1	24871198	A	TRUE	3	1	2	1
1	24892927	A	TRUE	1	0.779443234162084	2	1
1	24893258	A	TRUE	3	1	2	1
1	24951128	A	TRUE	1	0.779443234162084	2	1
1	24994055	A	TRUE	3	1	2	1
1	25054762	A	TRUE	1	0.779443234162084	2	1
1	25058723	A	TRUE	3	1	2	1
1	25067355	A	TRUE	3	1	2	1
1	25080100	A	TRUE	3	1	2	1
1	25099909	A	TRUE	3	1	2	1
1	25111894	A	TRUE	1	0.779443234162084	2	1
1	25132940	A	TRUE	3	1	2	1
1	25146314	A	TRUE	3	1	2	1
1	25191319	A	TRUE	1	0.779443234162084	2	1
1	25233762	A	TRUE	3	1	2	1
1	25251206	A	TRUE	1	0.779443234162084	2	1
1	25259862	A	TRUE	1	0.779443234162084	2	1
1	25284786	A	TRUE	1	0.779443234162084	2	1
1	25291496	A	TRUE	3	1	2	1
1	25315739	A	TRUE	3	1	2	1
1	25381141	A	TRUE	1	0.779443234162084	2	1
1	25386390	A	TRUE	3	1	2	1
1	25428752	A	TRUE	3	1	2	1
1	25430821	A	TRUE	3	1	2	1
1	25466174	A	TRUE	3	1	2	1
1	25541217	A	TRUE	3	1	2	1
1	25541509	A	TRUE	3	1	2	1
1	25596359	A	TRUE	1	0.779443234162084	2	1
1	25640041	A	TRUE	3	1	2	1
1	25652242	A	TRUE	3	1	2	1
1	25695457	A	TRUE	3	1	2	1
1	25727671	A	TRUE	0	0	2	1
1	25785897	A	TRUE	3	1	2	1
1	25897302	A	TRUE	3	1	2	1
1	25909381	A	TRUE	3	1	2	1
1	25916213	A	TRUE	3	1	2	1
1	25917674	A	TRUE	1	0.779443234162084	2	1
1	26011277	A	TRUE	1	0.779443234162084	2	1
1	26047365	A	TRUE	3	1	2	1
1	26057033	A	TRUE	3	1	2	1
1	26061448	A	TRUE	3	1	2	1
1	26086948	A	TRUE	3	1	2	1
1	26119133	A	TRUE	3	1	2	1
1	26143372	A	TRUE	3	1	2	1
1	26151066	A	TRUE	3	1	2	1
1	26183907	A	TRUE	3	1	2	1
1	26201258	A	TRUE	3	1	2	1
1	26239201	A	TRUE	3	1	2	1
1	26255923	A	TRUE	3	1	2	1
1	26291184	A	TRUE	3	1	2	1
1	26296995	A	TRUE	3	1	2	1
1	26355556	A	TRUE	1	0.779443234162084	2	1
1	26382415	A	TRUE	3	1	2	1
1	26394510	A	TRUE	1	0.779443234162084	2	1
1	26395928	A	TRUE	1	0.779443234162084	2	1
1	26420187	A	TRUE	1	0.779443234162084	2	1
1	26459365	A	TRUE	1	0.779443234162084	2	1
1	26461789	A	TRUE	3	1	2	1
1	26491735	A	TRUE	1	0.779443234162084	2	1
1	26519897	A	TRUE	3	1	2	1
1	26543241	A	TRUE	1	0.779443234162084	2	1
1	26543866	A	TRUE	3	1	2	1
1	26582566	A	TRUE	3	1	2	1
1	26605005	A	TRUE	3	1	2	1
1	26619985	A	TRUE	3	1	2	1
1	26630103	A	TRUE	1	0.779443234162084	2	1
1	26675034	A	TRUE	3	1	2	1
1	26766934	A	TRUE	3	1	2	1
1	26773943	A	TRUE	3	1	2	1
1	26970571	A	TRUE	1	0.779443234162084	2	1
1	27008633	A	TRUE	3	1	2	1
1	27023518	A	TRUE	3	1	2	1
1	27055929	A	TRUE	3	1	2	1
1	27099146	A	TRUE	3	1	2	1
1	27179317	A	TRUE	3	1	2	1
1	27187851	A	TRUE	3	1	2	1
1	27253078	A	TRUE	1	0.779443234162084	2	1
1	27258036	A	TRUE	3	1	2	1
1	27342525	A	TRUE	1	0.779443234162084	2	1
1	27369428	A	TRUE	3	1	2	1
1	27413270	A	TRUE	3	1	2	1
1	27476499	A	TRUE	3	1	2	1
1	27518461	A	TRUE	3	1	2	1
1	27555556	A	TRUE	1	0.779443234162084	2	1
1	27562223	A	TRUE	1	0.779443234162084	2	1
1	27592420	A	TRUE	1	0.779443234162084	2	1
1	27722171	A	TRUE	3	1	2	1
1	27797431	A	TRUE	1	0.779443234162084	2	1
1	27817746	A	TRUE	3	1	2	1
1	27845294	A	TRUE	3	1	2	1
1	27847654	A	TRUE	1	0.779443234162084	2	1
1	27860529	A	TRUE	1	0.779443234162084	2	1
1	27895692	A	TRUE	3	1	2	1
1	28049977	A	TRUE	1	0.779443234162084	2	1
1	28051251	A	TRUE	3	1	2	1
1	28058442	A	TRUE	3	1	2	1
1	28088550	A	TRUE	3	1	2	1
1	28102386	A	TRUE	1	0.779443234162084	2	1
1	28111140	A	TRUE	3	1	2	1
1	28120221	A	TRUE	1	0.779443234162084	2	1
1	28145581	A	TRUE	3	1	2	1
1	28313826	A	TRUE	1	0.779443234162084	2	1
1	28398398	A	TRUE	3	1	2	1
1	28407435	A	TRUE	1	0.779443234162084	2	1
1	28408375	A	TRUE	3	1	2	1
1	28409438	A	TRUE	3	1	2	1
1	28486871	A	TRUE	3	1	2	1
1	28563792	A	TRUE	3	1	2	1
1	28586681	A	TRUE	3	1	2	1
1	28594620	A	TRUE	3	1	2	1
1	28614356	A	TRUE	3	1	2	1
1	28638084	A	TRUE	3	1	2	1
1	28672130	A	TRUE	3	1	2	1
1	28728113	A	TRUE	3	1	2	1
1	28772090	A	TRUE	3	1	2	1
1	28803034	A	TRUE	1	0.779443234162084	2	1
1	28815259	A	TRUE	3	1	2	1
1	28859873	A	TRUE	3	1	2	1
1	28901367	A	TRUE	1	0.779443234162084	2	1
1	28908751	A	TRUE	3	1	2	1
1	28911079	A	TRUE	3	1	2	1
1	28921669	A	TRUE	1	0.779443234162084	2	1
1	29011663	A	TRUE	1	0.779443234162084	2	1
1	29027010	A	TRUE	1	0.779443234162084	2	1
1	29070032	A	TRUE	1	0.779443234162084	2	1
1	29070710	A	TRUE	1	0.779443234162084	2	1
1	29075204	A	TRUE	3	1	2	1
1	29076138	A	TRUE	3	1	2	1
1	29189927	A	TRUE	3	1	2	1
1	29203349	A	TRUE	3	1	2	1
1	29253600	A	TRUE	3	1	2	1
1	29272454	A	TRUE	3	1	2	1
1	29304113	A	TRUE	1	0.779443234162084	2	1
1	29311558	A	TRUE	3	1	2	1
1	29354594	A	TRUE	3	1	2	1
1	29361782	A	TRUE	3	1	2	1
1	29381004	A	TRUE	1	0.779443234162084	2	1
1	29424250	A	TRUE	3	1	2	1
1	29463530	A	TRUE	1	0.779443234162084	2	1
1	29480812	A	TRUE	3	1	2	1
1	29499842	A	TRUE	3	1	2	1
1	29621607	A	TRUE	1	0.779443234162084	2	1
1	29632207	A	TRUE	3	1	2	1
1	29668471	A	TRUE	3	1	2	1
1	29702606	A	TRUE	3	1	2	1
1	29712779	A	TRUE	1	0.779443234162084	2	1
1	29751961	A	TRUE	1	0.779443234162084	2	1
1	29768381	A	TRUE	3	1	2	1
1	29773325	A	TRUE	3	1	2	1
1	29780154	A	TRUE	3	1	2	1
1	29884753	A	TRUE	3	1	2	1
1	29886274	A	TRUE	3	1	2	1
1	29911091	A	TRUE	3	1	2	1
1	29934620	A	TRUE	1	0.779443234162084	2	1
1	29985894	A	TRUE	1	0.779443234162084	2	1
1	30111810	A	TRUE	3	1	2	1
1	30203502	A	TRUE	3	1	2	1
1	30225742	A	TRUE	3	1	2	1
1	30243184	A	TRUE	3	1	2	1
1	30292187	A	TRUE	3	1	2	1
1	30297442	A	TRUE	3	1	2	1
1	30297574	A	TRUE	3	1	2	1
1	30316366	A	TRUE	1	0.779443234162084	2	1
1	30364374	A	TRUE	3	1	2	1
1	30400310	A	TRUE	3	1	2	1
1	30410936	A	TRUE	3	1	2	1
1	30436330	A	TRUE	1	0.779443234162084	2	1
1	30462477	A	TRUE	3	1	2	1
1	30485299	A	TRUE	3	1	2	1
1	30496968	A	TRUE	3	1	2	1
1	30516711	A	TRUE	3	1	2	1
1	30557428	A	TRUE	1	0.779443234162084	2	1
1	30590546	A	TRUE	3	1	2	1
1	30645373	A	TRUE	3	1	2	1
1	30668954	A	TRUE	1	0.779443234162084	2	1
1	30687361	A	TRUE	3	1	2	1
1	30782282	A	TRUE	3	1	2	1
1	30798434	A	TRUE	1	0.779443234162084	2	1
1	30880721	A	TRUE	3	1	2	1
1	30881696	A	TRUE	3	1	2	1
1	30945812	A	TRUE	3	1	2	1
1	30959290	A	TRUE	3	1	2	1
1	31003222	A	TRUE	3	1	2	1
1	31026365	A	TRUE	3	1	2	1
1	31068744	A	TRUE	3	1	2	1
1	31111535	A	TRUE	1	0.779443234162084	2	1
1	31141872	A	TRUE	1	0.779443234162084	2	1
1	31145668	A	TRUE	3	1	2	1
1	31209337	A	TRUE	3	1	2	1
1	31286719	A	TRUE	1	0.779443234162084	2	1
1	31304056	A	TRUE	3	1	2	1
1	31355154	A	TRUE	1	0.779443234162084	2	1
1	31397865	A	TRUE	3	1	2	1
1	31415539	A	TRUE	3	1	2	1
1	31427717	A	TRUE	3	1	2	1
1	31490677	A	TRUE	3	1	2	1
1	31490994	A	TRUE	3	1	2	1
1	31491321	A	TRUE	3	1	2	1
1	31506535	A	TRUE	3	1	2	1
1	31532876	A	TRUE	3	1	2	1
1	31539861	A	TRUE	3	1	2	1
1	31562716	A	TRUE	3	1	2	1
1	31609171	A	TRUE	3	1	2	1
1	31680403	A	TRUE	1	0.779443234162084	2	1
1	31690085	A	TRUE	3	1	2	1
1	31735660	A	TRUE	3	1	2	1
1	31812597	A	TRUE	3	1	2	1
1	31847975	A	TRUE	3	1	2	1
1	31900187	A	TRUE	0	0	2	1
1	32049055	A	TRUE	1	0.779443234162084	2	1
1	32130546	A	TRUE	3	1	2	1
1	32177281	A	TRUE	3	1	2	1
1	32205498	A	TRUE	1	0.779443234162084	2	1
1	32235850	A	TRUE	1	0.779443234162084	2	1
1	32283585	A	TRUE	1	0.779443234162084	2	1
1	32342662	A	TRUE	3	1	2	1
1	32342733	A	TRUE	3	1	2	1
1	32347386	A	TRUE	3	1	2	1
1	32408362	A	TRUE	3	1	2	1
1	32451598	A	TRUE	3	1	2	1
1	32516227	A	TRUE	1	0.779443234162084	2	1
1	32538828	A	TRUE	3	1	2	1
1	32550009	A	TRUE	3	1	2	1
1	32557382	A	TRUE	1	0.779443234162084	2	1
1	32629621	A	TRUE	3	1	2	1
1	32671794	A	TRUE	3	1	2	1
1	32682675	A	TRUE	3	1	2	1
1	32736391	A	TRUE	3	1	2	1
1	32828589	A	TRUE	3	1	2	1
1	32832503	A	TRUE	3	1	2	1
1	32847585	A	TRUE	1	0.779443234162084	2	1
1	32910789	A	TRUE	3	1	2	1
1	32941708	A	TRUE	3	1	2	1
1	32968911	A	TRUE	1	0.779443234162084	2	1
1	32989575	A	TRUE	3	1	2	1
1	33004484	A	TRUE	1	0.779443234162084	2	1
1	33039675	A	TRUE	1	0.779443234162084	2	1
1	33083814	A	TRUE	3	1	2	1
1	33098900	A	TRUE	3	1	2	1
1	33171804	A	TRUE	3	1	2	1
1	33214677	A	TRUE	3	1	2	1
1	33244307	A	TRUE	1	0.779443234162084	2	1
1	33256716	A	TRUE	3	1	2	1
1	33260652	A	TRUE	3	1	2	1
1	33392818	A	TRUE	3	1	2	1
1	33604561	A	TRUE	1	0.779443234162084	2	1
1	33608363	A	TRUE	3	1	2	1
1	33627332	A	TRUE	3	1	2	1
1	33684373	A	TRUE	1	0.779443234162084	2	1
1	33687849	A	TRUE	3	1	2	1
1	33695989	A	TRUE	1	0.779443234162084	2	1
1	33785783	A	TRUE	3	1	2	1
1	33791516	A	TRUE	3	1	2	1
1	33791990	A	TRUE	3	1	2	1
1	33801763	A	TRUE	1	0.779443234162084	2	1
1	33895613	A	TRUE	3	1	2	1
1	33904995	A	TRUE	1	0.779443234162084	2	1
1	33975524	A	TRUE	1	0.779443234162084	2	1
1	33981858	A	TRUE	3	1	2	1
1	34018456	A	TRUE	1	0.779443234162084	2	1
1	34023992	A	TRUE	3	1	2	1
1	34044228	A	TRUE	3	1	2	1
1	34126017	A	TRUE	3	1	2	1
1	34176072	A	TRUE	3	1	2	1
1	34298398	A	TRUE	3	1	2	1
1	34343011	A	TRUE	3	1	2	1
1	34368197	A	TRUE	1	0.779443234162084	2	1
1	34373040	A	TRUE	1	0.779443234162084	2	1
1	34379578	A	TRUE	3	1	2	1
1	34396098	A	TRUE	3	1	2	1
1	34475098	A	TRUE	3	1	2	1
1	34485385	A	TRUE	3	1	2	1
1	34582355	A	TRUE	3	1	2	1
1	34601481	A	TRUE	3	1	2	1
1	34624928	A	TRUE	3	1	2	1
1	34692235	A	TRUE	1	0.779443234162084	2	1
1	34699942	A	TRUE	3	1	2	1
1	34710322	A	TRUE	3	1	2	1
1	34751535	A	TRUE	3	1	2	1
1	34762121	A	TRUE	1	0.779443234162084	2	1
1	34839813	A	TRUE	3	1	2	1
1	34869819	A	TRUE	3	1	2	1
1	34920836	A	TRUE	3	1	2	1
1	34936408	A	TRUE	1	0.779443234162084	2	1
1	34977813	A	TRUE	3	1	2	1
1	34979027	A	TRUE	1	0.779443234162084	2	1
1	34989477	A	TRUE	3	1	2	1
1	35154366	A	TRUE	3	1	2	1
1	35159531	A	TRUE	1	0.779443234162084	2	1
1	35258720	A	TRUE	3	1	2	1
1	35293508	A	TRUE	3	1	2	1
1	35376360	A	TRUE	3	1	2	1
1	35401778	A	TRUE	3	1	2	1
1	35414481	A	TRUE	3	1	2	1
1	35448310	A	TRUE	1	0.779443234162084	2	1
1	35479086	A	TRUE	3	1	2	1
1	35542719	A	TRUE	1	0.779443234162084	2	1
1	35577279	A	TRUE	3	1	2	1
1	35664535	A	TRUE	1	0.779443234162084	2	1
1	35686771	A	TRUE	3	1	2	1
1	35725967	A	TRUE	3	1	2	1
1	35865940	A	TRUE	1	0.779443234162084	2	1
1	35955025	A	TRUE	3	1	2	1
1	35973835	A	TRUE	3	1	2	1
1	36017344	A	TRUE	3	1	2	1
1	36023922	A	TRUE	3	1	2	1
1	36036846	A	TRUE	1	0.779443234162084	2	1
1	36039174	A	TRUE	3	1	2	1
1	36049830	A	TRUE	1	0.779443234162084	2	1
1	36101051	A	TRUE	3	1	2	1
1	36120255	A	TRUE	3	1	2	1
1	36120557	A	TRUE	1	0.779443234162084	2	1
1	36127965	A	TRUE	1	0.779443234162084	2	1
1	36144017	A	TRUE	3	1	2	1
1	36147825	A	TRUE	3	1	2	1
1	36148531	A	TRUE	1	0.779443234162084	2	1
1	36180940	A	TRUE	3	1	2	1
1	36209814	A	TRUE	1	0.779443234162084	2	1
1	36217122	A	TRUE	3	1	2	1
1	36227428	A	TRUE	3	1	2	1
1	36309984	A	TRUE	3	1	2	1
1	36339070	A	TRUE	3	1	2	1
1	36411114	A	TRUE	3	1	2	1
1	36445248	A	TRUE	3	1	2	1
1	36461480	A	TRUE	1	0.779443234162084	2	1
1	36530378	A	TRUE	3	1	2	1
1	36557085	A	TRUE	3	1	2	1
1	36558166	A	TRUE	3	1	2	1
1	36582544	A	TRUE	3	1	2	1
1	36584557	A	TRUE	3	1	2	1
1	36646629	A	TRUE	1	0.779443234162084	2	1
1	36672948	A	TRUE	3	1	2	1
1	36677228	A	TRUE	3	1	2	1
1	36695625	A	TRUE	3	1	2	1
1	36770007	A	TRUE	3	1	2	1
1	36800841	A	TRUE	3	1	2	1
1	36859731	A	TRUE	3	1	2	1
1	36864445	A	TRUE	1	0.779443234162084	2	1
1	36875721	A	TRUE	3	1	2	1
1	36907800	A	TRUE	1	0.779443234162084	2	1
1	36914586	A	TRUE	1	0.779443234162084	2	1
1	36948507	A	TRUE	1	0.779443234162084	2	1
1	36949052	A	TRUE	1	0.779443234162084	2	1
1	36951400	A	TRUE	1	0.779443234162084	2	1
1	36955274	A	TRUE	1	0.779443234162084	2	1
1	36982872	A	TRUE	1	0.779443234162084	2	1
1	36994268	A	TRUE	1	0.779443234162084	2	1
1	37026658	A	TRUE	3	1	2	1
1	37036348	A	TRUE	1	0.779443234162084	2	1
1	37048623	A	TRUE	1	0.779443234162084	2	1
1	37158670	A	TRUE	3	1	2	1
1	37164759	A	TRUE	3	1	2	1
1	37199295	A	TRUE	3	1	2	1
1	37264304	A	TRUE	1	0.779443234162084	2	1
1	37297442	A	TRUE	3	1	2	1
1	37317192	A	TRUE	1	0.779443234162084	2	1
1	37331445	A	TRUE	1	0.779443234162084	2	1
1	37350982	A	TRUE	1	0.779443234162084	2	1
1	37459831	A	TRUE	3	1	2	1
1	37519236	A	TRUE	1	0.779443234162084	2	1
1	37538598	A	TRUE	3	1	2	1
1	37567733	A	TRUE	1	0.779443234162084	2	1
1	37579603	A	TRUE	1	0.779443234162084	2	1
1	37742736	A	TRUE	3	1	2	1
1	37771241	A	TRUE	3	1	2	1
1	37800548	A	TRUE	3	1	2	1
1	37862351	A	TRUE	1	0.779443234162084	2	1
1	37936472	A	TRUE	3	1	2	1
1	37946744	A	TRUE	3	1	2	1
1	37955789	A	TRUE	3	1	2	1
1	37955828	A	TRUE	1	0.779443234162084	2	1
1	37984043	A	TRUE	1	0.779443234162084	2	1
1	38063834	A	TRUE	3	1	2	1
1	38122169	A	TRUE	3	1	2	1
1	38189036	A	TRUE	3	1	2	1
1	38256989	A	TRUE	3	1	2	1
1	38276554	A	TRUE	1	0.779443234162084	2	1
1	38301311	A	TRUE	1	0.779443234162084	2	1
1	38303708	A	TRUE	1	0.779443234162084	2	1
1	38315574	A	TRUE	3	1	2	1
1	38342917	A	TRUE	3	1	2	1
1	38391114	A	TRUE	1	0.779443234162084	2	1
1	38482642	A	TRUE	3	1	2	1
1	38507093	A	TRUE	3	1	2	1
1	38536024	A	TRUE	3	1	2	1
1	38545934	A	TRUE	3	1	2	1
1	38563468	A	TRUE	1	0.779443234162084	2	1
1	38617001	A	TRUE	3	1	2	1
1	38645535	A	TRUE	3	1	2	1
1	38647520	A	TRUE	3	1	2	1
1	38657533	A	TRUE	3	1	2	1
1	38713949	A	TRUE	1	0.779443234162084	2	1
1	38753123	A	TRUE	3	1	2	1
1	38770693	A	TRUE	3	1	2	1
1	38773550	A	TRUE	3	1	2	1
1	38775643	A	TRUE	3	1	2	1
1	38792518	A	TRUE	3	1	2	1
1	38803081	A	TRUE	3	1	2	1
1	38812750	A	TRUE	1	0.779443234162084	2	1
1	38829185	A	TRUE	1	0.779443234162084	2	1
1	38849390	A	TRUE	1	0.779443234162084	2	1
1	38933699	A	TRUE	3	1	2	1
1	38942730	A	TRUE	3	1	2	1
1	38977854	A	TRUE	1	0.779443234162084	2	1
1	39016065	A	TRUE	1	0.779443234162084	2	1
1	39033428	A	TRUE	1	0.779443234162084	2	1
1	39086323	A	TRUE	3	1	2	1
1	39102779	A	TRUE	1	0.779443234162084	2	1
1	39269466	A	TRUE	3	1	2	1
1	39361673	A	TRUE	1	0.779443234162084	2	1
1	39372254	A	TRUE	3	1	2	1
1	39414229	A	TRUE	3	1	2	1
1	39484939	A	TRUE	3	1	2	1
1	39496305	A	TRUE	3	1	2	1
1	39521081	A	TRUE	3	1	2	1
1	39536062	A	TRUE	3	1	2	1
1	39622104	A	TRUE	3	1	2	1
1	39699251	A	TRUE	3	1	2	1
1	39704319	A	TRUE	3	1	2	1
1	39775434	A	TRUE	1	0.779443234162084	2	1
1	39780738	A	TRUE	3	1	2	1
1	39829117	A	TRUE	1	0.779443234162084	2	1
1	40019595	A	TRUE	3	1	2	1
1	40074391	A	TRUE	3	1	2	1
1	40081051	A	TRUE	3	1	2	1
1	40207569	A	TRUE	3	1	2	1
1	40267113	A	TRUE	3	1	2	1
1	40289734	A	TRUE	3	1	2	1
1	40290709	A	TRUE	1	0.779443234162084	2	1
1	40334072	A	TRUE	3	1	2	1
1	40340580	A	TRUE	1	0.779443234162084	2	1
1	40393810	A	TRUE	3	1	2	1
1	40423539	A	TRUE	3	1	2	1
1	40441212	A	TRUE	3	1	2	1
1	40475827	A	TRUE	1	0.779443234162084	2	1
1	40543785	A	TRUE	1	0.779443234162084	2	1
1	40551193	A	TRUE	1	0.779443234162084	2	1
1	40560090	A	TRUE	1	0.779443234162084	2	1
1	40564009	A	TRUE	3	1	2	1
1	40567880	A	TRUE	3	1	2	1
1	40577796	A	TRUE	3	1	2	1
1	40605492	A	TRUE	3	1	2	1
1	40694089	A	TRUE	3	1	2	1
1	40760029	A	TRUE	3	1	2	1
1	40766529	A	TRUE	3	1	2	1
1	40778407	A	TRUE	1	0.779443234162084	2	1
1	40891664	A	TRUE	1	0.779443234162084	2	1
1	40909286	A	TRUE	3	1	2	1
1	40914436	A	TRUE	3	1	2	1
1	41131077	A	TRUE	1	0.779443234162084	2	1
1	41165019	A	TRUE	3	1	2	1
1	41173172	A	TRUE	1	0.779443234162084	2	1
1	41182718	A	TRUE	1	0.779443234162084	2	1
1	41194774	A	TRUE	3	1	2	1
1	41233945	A	TRUE	3	1	2	1
1	41236325	A	TRUE	3	1	2	1
1	41245319	A	TRUE	3	1	2	1
1	41333050	A	TRUE	3	1	2	1
1	41340063	A	TRUE	1	0.779443234162084	2	1
1	41374211	A	TRUE	3	1	2	1
1	41415140	A	TRUE	3	1	2	1
1	41435417	A	TRUE	1	0.779443234162084	2	1
1	41475115	A	TRUE	1	0.779443234162084	2	1
1	41588688	A	TRUE	3	1	2	1
1	41632446	A	TRUE	3	1	2	1
1	41643853	A	TRUE	3	1	2	1
1	41678247	A	TRUE	1	0.779443234162084	2	1
1	41804511	A	TRUE	1	0.779443234162084	2	1
1	41872979	A	TRUE	1	0.779443234162084	2	1
1	41902442	A	TRUE	3	1	2	1
1	41928438	A	TRUE	1	0.779443234162084	2	1
1	41967665	A	TRUE	3	1	2	1
1	42016414	A	TRUE	3	1	2	1
1	42075228	A	TRUE	3	1	2	1
1	42133627	A	TRUE	3	1	2	1
1	42141872	A	TRUE	3	1	2	1
1	42179758	A	TRUE	1	0.779443234162084	2	1
1	42185563	A	TRUE	3	1	2	1
1	42267632	A	TRUE	3	1	2	1
1	42343147	A	TRUE	1	0.779443234162084	2	1
1	42349823	A	TRUE	3	1	2	1
1	42379628	A	TRUE	3	1	2	1
1	42392949	A	TRUE	1	0.779443234162084	2	1
1	42476384	A	TRUE	1	0.779443234162084	2	1
1	42480322	A	TRUE	3	1	2	1
1	42503766	A	TRUE	3	1	2	1
1	42539804	A	TRUE	3	1	2	1
1	42622950	A	TRUE	3	1	2	1
1	42645475	A	TRUE	1	0.779443234162084	2	1
1	42645911	A	TRUE	3	1	2	1
1	42663308	A	TRUE	3	1	2	1
1	42665148	A	TRUE	3	1	2	1
1	42673908	A	TRUE	3	1	2	1
1	42741289	A	TRUE	3	1	2	1
1	42752997	A	TRUE	1	0.779443234162084	2	1
1	42760816	A	TRUE	3	1	2	1
1	42777844	A	TRUE	1	0.779443234162084	2	1
1	42798296	A	TRUE	1	0.779443234162084	2	1
1	42811021	A	TRUE	3	1	2	1
1	42821580	A	TRUE	3	1	2	1
1	42840045	A	TRUE	3	1	2	1
1	42866218	A	TRUE	3	1	2	1
1	42872731	A	TRUE	3	1	2	1
1	42887387	A	TRUE	3	1	2	1
1	42957256	A	TRUE	1	0.779443234162084	2	1
1	43053591	A	TRUE	1	0.779443234162084	2	1
1	43102743	A	TRUE	3	1	2	1
1	43233691	A	TRUE	3	1	2	1
1	43260850	A	TRUE	1	0.779443234162084	2	1
1	43263160	A	TRUE	3	1	2	1
1	43290168	A	TRUE	3	1	2	1
1	43443755	A	TRUE	3	1	2	1
1	43461753	A	TRUE	3	1	2	1
1	43484779	A	TRUE	3	1	2	1
1	43550153	A	TRUE	3	1	2	1
1	43565290	A	TRUE	1	0.779443234162084	2	1
1	43570631	A	TRUE	1	0.779443234162084	2	1
1	43627913	A	TRUE	1	0.779443234162084	2	1
1	43710931	A	TRUE	1	0.779443234162084	2	1
1	43772097	A	TRUE	3	1	2	1
1	43790789	A	TRUE	1	0.779443234162084	2	1
1	43926131	A	TRUE	3	1	2	1
1	43966515	A	TRUE	1	0.779443234162084	2	1
1	43984965	A	TRUE	1	0.779443234162084	2	1
1	43994927	A	TRUE	1	0.779443234162084	2	1
1	44121914	A	TRUE	3	1	2	1
1	44160428	A	TRUE	3	1	2	1
1	44170304	A	TRUE	1	0.779443234162084	2	1
1	44211856	A	TRUE	3	1	2	1
1	44257519	A	TRUE	3	1	2	1
1	44330814	A	TRUE	3	1	2	1
1	44436356	A	TRUE	1	0.779443234162084	2	1
1	44448097	A	TRUE	3	1	2	1
1	44452689	A	TRUE	1	0.779443234162084	2	1
1	44499706	A	TRUE	3	1	2	1
1	44556059	A	TRUE	3	1	2	1
1	44563721	A	TRUE	3	1	2	1
1	44725744	A	TRUE	1	0.779443234162084	2	1
1	44732130	A	TRUE	3	1	2	1
1	44742808	A	TRUE	3	1	2	1
1	44769603	A	TRUE	1	0.779443234162084	2	1
1	44780772	A	TRUE	3	1	2	1
1	44794967	A	TRUE	0	0	2	1
1	44830521	A	TRUE	3	1	2	1
1	44855927	A	TRUE	1	0.779443234162084	2	1
1	44889075	A	TRUE	1	0.779443234162084	2	1
1	44891959	A	TRUE	3	1	2	1
1	44938064	A	TRUE	3	1	2	1
1	44945640	A	TRUE	3	1	2	1
1	44952517	A	TRUE	3	1	2	1
1	44996094	A	TRUE	3	1	2	1
1	45011210	A	TRUE	3	1	2	1
1	45031075	A	TRUE	1	0.779443234162084	2	1
1	45040135	A	TRUE	3	1	2	1
1	45111855	A	TRUE	3	1	2	1
1	45137026	A	TRUE	3	1	2	1
1	45139053	A	TRUE	3	1	2	1
1	45144938	A	TRUE	3	1	2	1
1	45183402	A	TRUE	3	1	2	1
1	45187069	A	TRUE	3	1	2	1
1	45189067	A	TRUE	1	0.779443234162084	2	1
1	45202303	A	TRUE	3	1	2	1
1	45231963	A	TRUE	3	1	2	1
1	45269351	A	TRUE	3	1	2	1
1	45275929	A	TRUE	1	0.779443234162084	2	1
1	45291542	A	TRUE	3	1	2	1
1	45294348	A	TRUE	3	1	2	1
1	45294791	A	TRUE	1	0.779443234162084	2	1
1	45317193	A	TRUE	3	1	2	1
1	45387845	A	TRUE	3	1	2	1
1	45414410	A	TRUE	3	1	2	1
1	45532922	A	TRUE	3	1	2	1
1	45570530	A	TRUE	1	0.779443234162084	2	1
1	45587548	A	TRUE	3	1	2	1
1	45590906	A	TRUE	3	1	2	1
1	45594255	A	TRUE	1	0.779443234162084	2	1
1	45657846	A	TRUE	3	1	2	1
1	45688029	A	TRUE	1	0.779443234162084	2	1
1	45728575	A	TRUE	3	1	2	1
1	45729292	A	TRUE	3	1	2	1
1	45772442	A	TRUE	3	1	2	1
1	45784218	A	TRUE	3	1	2	1
1	45803072	A	TRUE	1	0.779443234162084	2	1
1	45827542	A	TRUE	3	1	2	1
1	45915962	A	TRUE	3	1	2	1
1	46003683	A	TRUE	1	0.779443234162084	2	1
1	46006339	A	TRUE	1	0.779443234162084	2	1
1	46012046	A	TRUE	1	0.779443234162084	2	1
1	46069281	A	TRUE	1	0.779443234162084	2	1
1	46083985	A	TRUE	3	1	2	1
1	46131837	A	TRUE	1	0.779443234162084	2	1
1	46157266	A	TRUE	3	1	2	1
1	46216623	A	TRUE	3	1	2	1
1	46283764	A	TRUE	3	1	2	1
1	46286502	A	TRUE	3	1	2	1
1	46323555	A	TRUE	3	1	2	1
1	46381590	A	TRUE	3	1	2	1
1	46501850	A	TRUE	3	1	2	1
1	46521093	A	TRUE	3	1	2	1
1	46539982	A	TRUE	3	1	2	1
1	46540455	A	TRUE	3	1	2	1
1	46579639	A	TRUE	3	1	2	1
1	46634518	A	TRUE	1	0.779443234162084	2	1
1	46642804	A	TRUE	3	1	2	1
1	46660203	A	TRUE	3	1	2	1
1	46696808	A	TRUE	1	0.779443234162084	2	1
1	46705092	A	TRUE	3	1	2	1
1	46774277	A	TRUE	3	1	2	1
1	46813070	A	TRUE	3	1	2	1
1	46821116	A	TRUE	3	1	2	1
1	46826458	A	TRUE	3	1	2	1
1	46896826	A	TRUE	3	1	2	1
1	46902898	A	TRUE	3	1	2	1
1	46903701	A	TRUE	1	0.779443234162084	2	1
1	46917770	A	TRUE	3	1	2	1
1	46929746	A	TRUE	3	1	2	1
1	46988841	A	TRUE	3	1	2	1
1	47036864	A	TRUE	3	1	2	1
1	47039791	A	TRUE	1	0.779443234162084	2	1
1	47081735	A	TRUE	3	1	2	1
1	47091532	A	TRUE	1	0.779443234162084	2	1
1	47146878	A	TRUE	3	1	2	1
1	47150459	A	TRUE	3	1	2	1
1	47179403	A	TRUE	1	0.779443234162084	2	1
1	47260545	A	TRUE	3	1	2	1
1	47378189	A	TRUE	3	1	2	1
1	47405995	A	TRUE	1	0.779443234162084	2	1
1	47448398	A	TRUE	1	0.779443234162084	2	1
1	47452104	A	TRUE	1	0.779443234162084	2	1
1	47478438	A	TRUE	1	0.779443234162084	2	1
1	47506365	A	TRUE	3	1	2	1
1	47539628	A	TRUE	3	1	2	1
1	47543339	A	TRUE	3	1	2	1
1	47597113	A	TRUE	1	0.779443234162084	2	1
1	47610051	A	TRUE	3	1	2	1
1	47615964	A	TRUE	3	1	2	1
1	47647792	A	TRUE	1	0.779443234162084	2	1
1	47670828	A	TRUE	3	1	2	1
1	47700542	A	TRUE	1	0.779443234162084	2	1
1	47706051	A	TRUE	1	0.779443234162084	2	1
1	47720322	A	TRUE	3	1	2	1
1	47806932	A	TRUE	3	1	2	1
1	47819363	A	TRUE	3	1	2	1
1	47927193	A	TRUE	3	1	2	1
1	48094065	A	TRUE	3	1	2	1
1	48104708	A	TRUE	3	1	2	1
1	48113449	A	TRUE	3	1	2	1
1	48146222	A	TRUE	3	1	2	1
1	48159181	A	TRUE	3	1	2	1
1	48168934	A	TRUE	3	1	2	1
1	48174051	A	TRUE	3	1	2	1
1	48203976	A	TRUE	3	1	2	1
1	48220578	A	TRUE	3	1	2	1
1	48238612	A	TRUE	3	1	2	1
1	48250297	A	TRUE	3	1	2	1
1	48377839	A	TRUE	1	0.779443234162084	2	1
1	48379448	A	TRUE	1	0.779443234162084	2	1
1	48408613	A	TRUE	3	1	2	1
1	48478444	A	TRUE	1	0.779443234162084	2	1
1	48501952	A	TRUE	1	0.779443234162084	2	1
1	48510121	A	TRUE	3	1	2	1
1	48527376	A	TRUE	1	0.779443234162084	2	1
1	48571485	A	TRUE	3	1	2	1
1	48573046	A	TRUE	3	1	2	1
1	48624181	A	TRUE	3	1	2	1
1	48631591	A	TRUE	1	0.779443234162084	2	1
1	48636667	A	TRUE	1	0.779443234162084	2	1
1	48640296	A	TRUE	1	0.779443234162084	2	1
1	48675120	A	TRUE	3	1	2	1
1	48755083	A	TRUE	1	0.779443234162084	2	1
1	48778184	A	TRUE	3	1	2	1
1	48844258	A	TRUE	3	1	2	1
1	48856813	A	TRUE	1	0.779443234162084	2	1
1	48878316	A	TRUE	3	1	2	1
1	48959223	A	TRUE	3	1	2	1
1	48995083	A	TRUE	3	1	2	1
1	49009221	A	TRUE	3	1	2	1
1	49019598	A	TRUE	3	1	2	1
1	49069378	A	TRUE	1	0.779443234162084	2	1
1	49075905	A	TRUE	3	1	2	1
1	49096832	A	TRUE	3	1	2	1
1	49103891	A	TRUE	3	1	2	1
1	49109872	A	TRUE	3	1	2	1
1	49130182	A	TRUE	3	1	2	1
1	49142665	A	TRUE	3	1	2	1
1	49164719	A	TRUE	1	0.779443234162084	2	1
1	49181063	A	TRUE	1	0.779443234162084	2	1
1	49246792	A	TRUE	3	1	2	1
1	49319927	A	TRUE	3	1	2	1
1	49392844	A	TRUE	3	1	2	1
1	49445315	A	TRUE	3	1	2	1
1	49445804	A	TRUE	3	1	2	1
1	49563723	A	TRUE	1	0.779443234162084	2	1
1	49592907	A	TRUE	1	0.779443234162084	2	1
1	49651261	A	TRUE	1	0.779443234162084	2	1
1	49663164	A	TRUE	3	1	2	1
1	49674027	A	TRUE	3	1	2	1
1	49721352	A	TRUE	3	1	2	1
1	49722172	A	TRUE	3	1	2	1
1	49741275	A	TRUE	3	1	2	1
1	49790896	A	TRUE	3	1	2	1
1	49833646	A	TRUE	1	0.779443234162084	2	1
1	49835064	A	TRUE	3	1	2	1
1	49882602	A	TRUE	3	1	2	1
1	49894116	A	TRUE	3	1	2	1
1	49900343	A	TRUE	1	0.779443234162084	2	1
1	49902018	A	TRUE	3	1	2	1
1	49946573	A	TRUE	3	1	2	1
1	49949727	A	TRUE	3	1	2	1
1	49973312	A	TRUE	3	1	2	1
1	50019710	A	TRUE	3	1	2	1
1	50031626	A	TRUE	3	1	2	1
1	50071574	A	TRUE	1	0.779443234162084	2	1
1	50072025	A	TRUE	3	1	2	1
1	50139937	A	TRUE	3	1	2	1
1	50227479	A	TRUE	3	1	2	1
1	50254575	A	TRUE	1	0.779443234162084	2	1
1	50258079	A	TRUE	1	0.779443234162084	2	1
1	50277093	A	TRUE	1	0.779443234162084	2	1
1	50311065	A	TRUE	1	0.779443234162084	2	1
1	50337709	A	TRUE	3	1	2	1
1	50342736	A	TRUE	1	0.779443234162084	2	1
1	50401976	A	TRUE	3	1	2	1
1	50415122	A	TRUE	3	1	2	1
1	50456176	A	TRUE	3	1	2	1
1	50476215	A	TRUE	3	1	2	1
1	50477536	A	TRUE	3	1	2	1
1	50485751	A	TRUE	3	1	2	1
1	50499132	A	TRUE	3	1	2	1
1	50499500	A	TRUE	3	1	2	1
1	50529013	A	TRUE	1	0.779443234162084	2	1
1	50575484	A	TRUE	3	1	2	1
1	50590518	A	TRUE	3	1	2	1
1	50827644	A	TRUE	3	1	2	1
1	50839139	A	TRUE	3	1	2	1
1	50855662	A	TRUE	3	1	2	1
1	50890766	A	TRUE	3	1	2	1
1	50900706	A	TRUE	3	1	2	1
1	50905974	A	TRUE	3	1	2	1
1	50910403	A	TRUE	3	1	2	1
1	50950607	A	TRUE	1	0.779443234162084	2	1
1	50951839	A	TRUE	1	0.779443234162084	2	1
1	50986440	A	TRUE	3	1	2	1
1	50996276	A	TRUE	3	1	2	1
1	51028144	A	TRUE	3	1	2	1
1	51046894	A	TRUE	3	1	2	1
1	51098089	A	TRUE	1	0.779443234162084	2	1
1	51106562	A	TRUE	3	1	2	1
1	51141339	A	TRUE	3	1	2	1
1	51175013	A	TRUE	1	0.779443234162084	2	1
1	51188462	A	TRUE	3	1	2	1
1	51256982	A	TRUE	3	1	2	1
1	51322641	A	TRUE	3	1	2	1
1	51329215	A	TRUE	3	1	2	1
1	51330649	A	TRUE	1	0.779443234162084	2	1
1	51351198	A	TRUE	3	1	2	1
1	51358708	A	TRUE	3	1	2	1
1	51426084	A	TRUE	3	1	2	1
1	51477895	A	TRUE	1	0.779443234162084	2	1
1	51547592	A	TRUE	1	0.779443234162084	2	1
1	51633196	A	TRUE	1	0.779443234162084	2	1
1	51672821	A	TRUE	3	1	2	1
1	51687942	A	TRUE	3	1	2	1
1	51695190	A	TRUE	3	1	2	1
1	51707646	A	TRUE	1	0.779443234162084	2	1
1	51712438	A	TRUE	3	1	2	1
1	51779288	A	TRUE	3	1	2	1
1	51781728	A	TRUE	1	0.779443234162084	2	1
1	51917480	A	TRUE	3	1	2	1
1	51928115	A	TRUE	3	1	2	1
1	51951837	A	TRUE	3	1	2	1
1	52030976	A	TRUE	1	0.779443234162084	2	1
1	52061453	A	TRUE	3	1	2	1
1	52077680	A	TRUE	3	1	2	1
1	52119833	A	TRUE	3	1	2	1
1	52200773	A	TRUE	1	0.779443234162084	2	1
1	52248518	A	TRUE	1	0.779443234162084	2	1
1	52292516	A	TRUE	3	1	2	1
1	52345968	A	TRUE	3	1	2	1
1	52366348	A	TRUE	3	1	2	1
1	52414394	A	TRUE	3	1	2	1
1	52468056	A	TRUE	1	0.779443234162084	2	1
1	52472520	A	TRUE	3	1	2	1
1	52500602	A	TRUE	1	0.779443234162084	2	1
1	52527914	A	TRUE	1	0.779443234162084	2	1
1	52536202	A	TRUE	1	0.779443234162084	2	1
1	52544846	A	TRUE	3	1	2	1
1	52584547	A	TRUE	3	1	2	1
1	52594820	A	TRUE	1	0.779443234162084	2	1
1	52644213	A	TRUE	3	1	2	1
1	52660681	A	TRUE	1	0.779443234162084	2	1
1	52661576	A	TRUE	3	1	2	1
1	52668693	A	TRUE	3	1	2	1
1	52712416	A	TRUE	3	1	2	1
1	52723807	A	TRUE	3	1	2	1
1	52727027	A	TRUE	3	1	2	1
1	52773146	A	TRUE	3	1	2	1
1	52824876	A	TRUE	1	0.779443234162084	2	1
1	52931926	A	TRUE	3	1	2	1
1	52954568	A	TRUE	1	0.779443234162084	2	1
1	52957388	A	TRUE	3	1	2	1
1	52980561	A	TRUE	3	1	2	1
1	52996399	A	TRUE	3	1	2	1
1	53021850	A	TRUE	3	1	2	1
1	53111306	A	TRUE	3	1	2	1
1	53138391	A	TRUE	3	1	2	1
1	53170550	A	TRUE	3	1	2	1
1	53182836	A	TRUE	3	1	2	1
1	53190573	A	TRUE	1	0.779443234162084	2	1
1	53233182	A	TRUE	3	1	2	1
1	53290337	A	TRUE	1	0.779443234162084	2	1
1	53303054	A	TRUE	1	0.779443234162084	2	1
1	53344552	A	TRUE	3	1	2	1
1	53351210	A	TRUE	3	1	2	1
1	53385677	A	TRUE	3	1	2	1
1	53401102	A	TRUE	1	0.779443234162084	2	1
1	53403783	A	TRUE	3	1	2	1
1	53416073	A	TRUE	3	1	2	1
1	53420824	A	TRUE	3	1	2	1
1	53461830	A	TRUE	1	0.779443234162084	2	1
1	53462598	A	TRUE	1	0.779443234162084	2	1
1	53633547	A	TRUE	3	1	2	1
1	53694489	A	TRUE	3	1	2	1
1	53777600	A	TRUE	3	1	2	1
1	53778260	A	TRUE	3	1	2	1
1	53798278	A	TRUE	1	0.779443234162084	2	1
1	53827156	A	TRUE	3	1	2	1
1	53867733	A	TRUE	3	1	2	1
1	53882812	A	TRUE	3	1	2	1
1	53913291	A	TRUE	3	1	2	1
1	53916879	A	TRUE	3	1	2	1
1	53918751	A	TRUE	3	1	2	1
1	53946399	A	TRUE	3	1	2	1
1	53973118	A	TRUE	3	1	2	1
1	54088480	A	TRUE	3	1	2	1
1	54093508	A	TRUE	3	1	2	1
1	54120421	A	TRUE	1	0.779443234162084	2	1
1	54132127	A	TRUE	1	0.779443234162084	2	1
1	54138052	A	TRUE	1	0.779443234162084	2	1
1	54143601	A	TRUE	3	1	2	1
1	54146704	A	TRUE	3	1	2	1
1	54176243	A	TRUE	1	0.779443234162084	2	1
1	54217403	A	TRUE	1	0.779443234162084	2	1
1	54219761	A	TRUE	3	1	2	1
1	54238506	A	TRUE	3	1	2	1
1	54253489	A	TRUE	3	1	2	1
1	54275491	A	TRUE	3	1	2	1
1	54283712	A	TRUE	1	0.779443234162084	2	1
1	54388759	A	TRUE	3	1	2	1
1	54397919	A	TRUE	3	1	2	1
1	54428334	A	TRUE	1	0.779443234162084	2	1
1	54465508	A	TRUE	3	1	2	1
1	54537404	A	TRUE	1	0.779443234162084	2	1
1	54629487	A	TRUE	3	1	2	1
1	54696118	A	TRUE	1	0.779443234162084	2	1
1	54727367	A	TRUE	1	0.779443234162084	2	1
1	54751136	A	TRUE	3	1	2	1
1	54787302	A	TRUE	1	0.779443234162084	2	1
1	54815962	A	TRUE	3	1	2	1
1	54834011	A	TRUE	1	0.779443234162084	2	1
1	54898238	A	TRUE	1	0.779443234162084	2	1
1	54909860	A	TRUE	1	0.779443234162084	2	1
1	54938572	A	TRUE	3	1	2	1
1	54942038	A	TRUE	3	1	2	1
1	54949503	A	TRUE	3	1	2	1
1	54978746	A	TRUE	3	1	2	1
1	54989949	A	TRUE	3	1	2	1
1	55049918	A	TRUE	3	1	2	1
1	55052514	A	TRUE	3	1	2	1
1	55054930	A	TRUE	3	1	2	1
1	55088998	A	TRUE	3	1	2	1
1	55110955	A	TRUE	3	1	2	1
1	55131853	A	TRUE	3	1	2	1
1	55136014	A	TRUE	3	1	2	1
1	55153937	A	TRUE	1	0.779443234162084	2	1
1	55266467	A	TRUE	1	0.779443234162084	2	1
1	55273221	A	TRUE	3	1	2	1
1	55358779	A	TRUE	3	1	2	1
1	55396633	A	TRUE	3	1	2	1
1	55398850	A	TRUE	3	1	2	1
1	55402350	A	TRUE	3	1	2	1
1	55405919	A	TRUE	3	1	2	1
1	55505737	A	TRUE	3	1	2	1
1	55525851	A	TRUE	3	1	2	1
1	55577321	A	TRUE	3	1	2	1
1	55608910	A	TRUE	3	1	2	1
1	55618412	A	TRUE	1	0.779443234162084	2	1
1	55631834	A	TRUE	1	0.779443234162084	2	1
1	55643520	A	TRUE	3	1	2	1
1	55704132	A	TRUE	1	0.779443234162084	2	1
1	55784312	A	TRUE	3	1	2	1
1	55794752	A	TRUE	1	0.779443234162084	2	1
1	55799590	A	TRUE	3	1	2	1
1	55823148	A	TRUE	3	1	2	1
1	55890733	A	TRUE	3	1	2	1
1	55895332	A	TRUE	1	0.779443234162084	2	1
1	55975045	A	TRUE	3	1	2	1
1	56006627	A	TRUE	3	1	2	1
1	56157142	A	TRUE	1	0.779443234162084	2	1
1	56182734	A	TRUE	3	1	2	1
1	56271267	A	TRUE	1	0.779443234162084	2	1
1	56273643	A	TRUE	1	0.779443234162084	2	1
1	56288823	A	TRUE	3	1	2	1
1	56478989	A	TRUE	3	1	2	1
1	56492761	A	TRUE	1	0.779443234162084	2	1
1	56498821	A	TRUE	3	1	2	1
1	56545964	A	TRUE	3	1	2	1
1	56575881	A	TRUE	3	1	2	1
1	56584886	A	TRUE	2	0.163485874525744	2	1
1	56590890	A	TRUE	1	0.779443234162084	2	1
1	56708435	A	TRUE	1	0.779443234162084	2	1
1	56774732	A	TRUE	1	0.779443234162084	2	1
1	56816329	A	TRUE	1	0.779443234162084	2	1
1	56833014	A	TRUE	3	1	2	1
1	56835416	A	TRUE	3	1	2	1
1	56870978	A	TRUE	1	0.779443234162084	2	1
1	56876392	A	TRUE	1	0.779443234162084	2	1
1	56895230	A	TRUE	3	1	2	1
1	57012338	A	TRUE	1	0.779443234162084	2	1
1	57035775	A	TRUE	3	1	2	1
1	57084435	A	TRUE	3	1	2	1
1	57085838	A	TRUE	3	1	2	1
1	57119578	A	TRUE	3	1	2	1
1	57130569	A	TRUE	1	0.779443234162084	2	1
1	57135363	A	TRUE	1	0.779443234162084	2	1
1	57158420	A	TRUE	3	1	2	1
1	57165819	A	TRUE	3	1	2	1
1	57181400	A	TRUE	0	0	2	1
1	57206555	A	TRUE	1	0.779443234162084	2	1
1	57267342	A	TRUE	3	1	2	1
1	57269197	A	TRUE	1	0.779443234162084	2	1
1	57272517	A	TRUE	1	0.779443234162084	2	1
1	57274052	A	TRUE	1	0.779443234162084	2	1
1	57279609	A	TRUE	1	0.779443234162084	2	1
1	57325252	A	TRUE	3	1	2	1
1	57344390	A	TRUE	3	1	2	1
1	57438233	A	TRUE	1	0.779443234162084	2	1
1	57492311	A	TRUE	3	1	2	1
1	57513440	A	TRUE	1	0.779443234162084	2	1
1	57579541	A	TRUE	3	1	2	1
1	57582914	A	TRUE	3	1	2	1
1	57608513	A	TRUE	3	1	2	1
1	57664774	A	TRUE	3	1	2	1
1	57665748	A	TRUE	3	1	2	1
1	57704583	A	TRUE	3	1	2	1
1	57727217	A	TRUE	3	1	2	1
1	57729133	A	TRUE	1	0.779443234162084	2	1
1	57735190	A	TRUE	1	0.779443234162084	2	1
1	57763469	A	TRUE	3	1	2	1
1	57765502	A	TRUE	3	1	2	1
1	57824283	A	TRUE	3	1	2	1
1	57860557	A	TRUE	1	0.779443234162084	2	1
1	57869310	A	TRUE	3	1	2	1
1	57890992	A	TRUE	3	1	2	1
1	57911656	A	TRUE	3	1	2	1
1	57934866	A	TRUE	3	1	2	1
1	57972492	A	TRUE	3	1	2	1
1	57986813	A	TRUE	1	0.779443234162084	2	1
1	58036344	A	TRUE	3	1	2	1
1	58047297	A	TRUE	3	1	2	1
1	58161277	A	TRUE	3	1	2	1
1	58242810	A	TRUE	3	1	2	1
1	58399196	A	TRUE	3	1	2	1
1	58408272	A	TRUE	3	1	2	1
1	58424357	A	TRUE	3	1	2	1
1	58465659	A	TRUE	1	0.779443234162084	2	1
1	58479965	A	TRUE	3	1	2	1
1	58506706	A	TRUE	1	0.779443234162084	2	1
1	58664695	A	TRUE	1	0.779443234162084	2	1
1	58682358	A	TRUE	3	1	2	1
1	58744054	A	TRUE	3	1	2	1
1	58751256	A	TRUE	3	1	2	1
1	58765027	A	TRUE	3	1	2	1
1	58777187	A	TRUE	3	1	2	1
1	58805755	A	TRUE	1	0.779443234162084	2	1
1	58807835	A	TRUE	3	1	2	1
1	58828326	A	TRUE	1	0.779443234162084	2	1
1	58853771	A	TRUE	1	0.779443234162084	2	1
1	58871443	A	TRUE	1	0.779443234162084	2	1
1	58873582	A	TRUE	3	1	2	1
1	58905703	A	TRUE	3	1	2	1
1	58929295	A	TRUE	3	1	2	1
1	59011054	A	TRUE	3	1	2	1
1	59126621	A	TRUE	1	0.779443234162084	2	1
1	59132709	A	TRUE	1	0.779443234162084	2	1
1	59134217	A	TRUE	3	1	2	1
1	59146202	A	TRUE	1	0.779443234162084	2	1
1	59186126	A	TRUE	1	0.779443234162084	2	1
1	59209934	A	TRUE	1	0.779443234162084	2	1
1	59225755	A	TRUE	3	1	2	1
1	59288212	A	TRUE	1	0.779443234162084	2	1
1	59445905	A	TRUE	3	1	2	1
1	59477435	A	TRUE	1	0.779443234162084	2	1
1	59505716	A	TRUE	1	0.779443234162084	2	1
1	59521810	A	TRUE	3	1	2	1
1	59548668	A	TRUE	1	0.779443234162084	2	1
1	59620597	A	TRUE	3	1	2	1
1	59632188	A	TRUE	3	1	2	1
1	59633307	A	TRUE	1	0.779443234162084	2	1
1	59639899	A	TRUE	3	1	2	1
1	59669313	A	TRUE	3	1	2	1
1	59683812	A	TRUE	1	0.779443234162084	2	1
1	59727066	A	TRUE	3	1	2	1
1	59806236	A	TRUE	3	1	2	1
1	59833080	A	TRUE	3	1	2	1
1	59847808	A	TRUE	3	1	2	1
1	59852027	A	TRUE	3	1	2	1
1	59856479	A	TRUE	3	1	2	1
1	59878710	A	TRUE	1	0.779443234162084	2	1
1	59890366	A	TRUE	3	1	2	1
1	59965588	A	TRUE	1	0.779443234162084	2	1
1	59975238	A	TRUE	3	1	2	1
1	60016704	A	TRUE	3	1	2	1
1	60063470	A	TRUE	3	1	2	1
1	60098817	A	TRUE	3	1	2	1
1	60105854	A	TRUE	3	1	2	1
1	60110180	A	TRUE	3	1	2	1
1	60117681	A	TRUE	3	1	2	1
1	60132745	A	TRUE	1	0.779443234162084	2	1
1	60145577	A	TRUE	3	1	2	1
1	60331559	A	TRUE	3	1	2	1
1	60524202	A	TRUE	3	1	2	1
1	60563773	A	TRUE	3	1	2	1
1	60635544	A	TRUE	1	0.779443234162084	2	1
1	60699585	A	TRUE	1	0.779443234162084	2	1
1	60717306	A	TRUE	3	1	2	1
1	60728775	A	TRUE	3	1	2	1
1	60745547	A	TRUE	1	0.779443234162084	2	1
1	60782129	A	TRUE	3	1	2	1
1	60807288	A	TRUE	1	0.779443234162084	2	1
1	60895312	A	TRUE	1	0.779443234162084	2	1
1	60909446	A	TRUE	1	0.779443234162084	2	1
1	60927658	A	TRUE	3	1	2	1
1	61002121	A	TRUE	3	1	2	1
1	61028421	A	TRUE	1	0.779443234162084	2	1
1	61058715	A	TRUE	3	1	2	1
1	61066156	A	TRUE	3	1	2	1
1	61084374	A	TRUE	3	1	2	1
1	61126143	A	TRUE	1	0.779443234162084	2	1
1	61167463	A	TRUE	3	1	2	1
1	61169540	A	TRUE	3	1	2	1
1	61187185	A	TRUE	1	0.779443234162084	2	1
1	61254279	A	TRUE	3	1	2	1
1	61403553	A	TRUE	3	1	2	1
1	61426413	A	TRUE	3	1	2	1
1	61457308	A	TRUE	3	1	2	1
1	61582974	A	TRUE	3	1	2	1
1	61597187	A	TRUE	1	0.779443234162084	2	1
1	61601448	A	TRUE	3	1	2	1
1	61713154	A	TRUE	1	0.779443234162084	2	1
1	61742379	A	TRUE	3	1	2	1
1	61760167	A	TRUE	3	1	2	1
1	61800036	A	TRUE	3	1	2	1
1	61834670	A	TRUE	1	0.779443234162084	2	1
1	61838298	A	TRUE	3	1	2	1
1	61844764	A	TRUE	3	1	2	1
1	61907887	A	TRUE	1	0.779443234162084	2	1
1	61916356	A	TRUE	3	1	2	1
1	61926324	A	TRUE	3	1	2	1
1	61944879	A	TRUE	3	1	2	1
1	62020162	A	TRUE	3	1	2	1
1	62037184	A	TRUE	1	0.779443234162084	2	1
1	62050501	A	TRUE	1	0.779443234162084	2	1
1	62096016	A	TRUE	3	1	2	1
1	62131565	A	TRUE	3	1	2	1
1	62174481	A	TRUE	1	0.779443234162084	2	1
1	62181652	A	TRUE	3	1	2	1
1	62224379	A	TRUE	1	0.779443234162084	2	1
1	62302340	A	TRUE	3	1	2	1
1	62354833	A	TRUE	1	0.779443234162084	2	1
1	62382123	A	TRUE	3	1	2	1
1	62456646	A	TRUE	3	1	2	1
1	62481934	A	TRUE	3	1	2	1
1	62490544	A	TRUE	3	1	2	1
1	62494096	A	TRUE	1	0.779443234162084	2	1
1	62501183	A	TRUE	3	1	2	1
1	62619201	A	TRUE	1	0.779443234162084	2	1
1	62622273	A	TRUE	3	1	2	1
1	62678154	A	TRUE	1	0.779443234162084	2	1
1	62684731	A	TRUE	3	1	2	1
1	62690925	A	TRUE	3	1	2	1
1	62737270	A	TRUE	3	1	2	1
1	62868086	A	TRUE	3	1	2	1
1	62894326	A	TRUE	1	0.779443234162084	2	1
1	62918432	A	TRUE	3	1	2	1
1	62931852	A	TRUE	3	1	2	1
1	63071455	A	TRUE	3	1	2	1
1	63104434	A	TRUE	3	1	2	1
1	63110593	A	TRUE	1	0.779443234162084	2	1
1	63111914	A	TRUE	1	0.779443234162084	2	1
1	63142515	A	TRUE	3	1	2	1
1	63159321	A	TRUE	3	1	2	1
1	63194322	A	TRUE	3	1	2	1
1	63210468	A	TRUE	3	1	2	1
1	63220232	A	TRUE	3	1	2	1
1	63276385	A	TRUE	3	1	2	1
1	63279014	A	TRUE	1	0.779443234162084	2	1
1	63281307	A	TRUE	3	1	2	1
1	63301840	A	TRUE	3	1	2	1
1	63317390	A	TRUE	1	0.779443234162084	2	1
1	63339477	A	TRUE	3	1	2	1
1	63396679	A	TRUE	3	1	2	1
1	63453567	A	TRUE	1	0.779443234162084	2	1
1	63459756	A	TRUE	3	1	2	1
1	63480478	A	TRUE	3	1	2	1
1	63527732	A	TRUE	1	0.779443234162084	2	1
1	63543344	A	TRUE	3	1	2	1
1	63605842	A	TRUE	1	0.779443234162084	2	1
1	63617907	A	TRUE	1	0.779443234162084	2	1
1	63647091	A	TRUE	3	1	2	1
1	63647636	A	TRUE	1	0.779443234162084	2	1
1	63725339	A	TRUE	1	0.779443234162084	2	1
1	63745873	A	TRUE	3	1	2	1
1	63752511	A	TRUE	3	1	2	1
1	63847837	A	TRUE	1	0.779443234162084	2	1
1	63886420	A	TRUE	3	1	2	1
1	63894275	A	TRUE	1	0.779443234162084	2	1
1	63910989	A	TRUE	3	1	2	1
1	63929626	A	TRUE	1	0.779443234162084	2	1
1	63936725	A	TRUE	3	1	2	1
1	63958816	A	TRUE	3	1	2	1
1	63959604	A	TRUE	1	0.779443234162084	2	1
1	64014149	A	TRUE	1	0.779443234162084	2	1
1	64049749	A	TRUE	1	0.779443234162084	2	1
1	64049993	A	TRUE	3	1	2	1
1	64052616	A	TRUE	3	1	2	1
1	64075343	A	TRUE	1	0.779443234162084	2	1
1	64108375	A	TRUE	3	1	2	1
1	64122744	A	TRUE	2	0.163485874525744	2	1
1	64124281	A	TRUE	1	0.779443234162084	2	1
1	64135582	A	TRUE	3	1	2	1
1	64190239	A	TRUE	3	1	2	1
1	64206079	A	TRUE	1	0.779443234162084	2	1
1	64275419	A	TRUE	3	1	2	1
1	64320429	A	TRUE	3	1	2	1
1	64328728	A	TRUE	1	0.779443234162084	2	1
1	64394430	A	TRUE	1	0.779443234162084	2	1
1	64415370	A	TRUE	1	0.779443234162084	2	1
1	64418101	A	TRUE	3	1	2	1
1	64457185	A	TRUE	3	1	2	1
1	64493419	A	TRUE	1	0.779443234162084	2	1
1	64513667	A	TRUE	3	1	2	1
1	64527337	A	TRUE	3	1	2	1
1	64619230	A	TRUE	3	1	2	1
1	64692983	A	TRUE	3	1	2	1
1	64817599	A	TRUE	1	0.779443234162084	2	1
1	64826878	A	TRUE	3	1	2	1
1	64836567	A	TRUE	3	1	2	1
1	64880728	A	TRUE	3	1	2	1
1	64902175	A	TRUE	3	1	2	1
1	64918213	A	TRUE	1	0.779443234162084	2	1
1	64919666	A	TRUE	3	1	2	1
1	64937093	A	TRUE	3	1	2	1
1	64949750	A	TRUE	1	0.779443234162084	2	1
1	64969965	A	TRUE	3	1	2	1
1	64988606	A	TRUE	3	1	2	1
1	64989916	A	TRUE	3	1	2	1
1	65027140	A	TRUE	3	1	2	1
1	65028630	A	TRUE	3	1	2	1
1	65056042	A	TRUE	3	1	2	1
1	65172154	A	TRUE	1	0.779443234162084	2	1
1	65255611	A	TRUE	1	0.779443234162084	2	1
1	65262349	A	TRUE	3	1	2	1
1	65309832	A	TRUE	1	0.779443234162084	2	1
1	65313710	A	TRUE	3	1	2	1
1	65352471	A	TRUE	1	0.779443234162084	2	1
1	65469491	A	TRUE	3	1	2	1
1	65480305	A	TRUE	1	0.779443234162084	2	1
1	65494594	A	TRUE	3	1	2	1
1	65498966	A	TRUE	1	0.779443234162084	2	1
1	65519712	A	TRUE	1	0.779443234162084	2	1
1	65568054	A	TRUE	1	0.779443234162084	2	1
1	65595150	A	TRUE	3	1	2	1
1	65640109	A	TRUE	3	1	2	1
1	65664755	A	TRUE	3	1	2	1
1	65685421	A	TRUE	3	1	2	1
1	65691292	A	TRUE	1	0.779443234162084	2	1
1	65717204	A	TRUE	3	1	2	1
1	65758135	A	TRUE	3	1	2	1
1	65766789	A	TRUE	3	1	2	1
1	65834702	A	TRUE	1	0.779443234162084	2	1
1	65858673	A	TRUE	3	1	2	1
1	65881341	A	TRUE	1	0.779443234162084	2	1
1	65883257	A	TRUE	3	1	2	1
1	65921302	A	TRUE	3	1	2	1
1	65956675	A	TRUE	3	1	2	1
1	66086151	A	TRUE	3	1	2	1
1	66092469	A	TRUE	3	1	2	1
1	66135528	A	TRUE	3	1	2	1
1	66152969	A	TRUE	3	1	2	1
1	66202818	A	TRUE	3	1	2	1
1	66203761	A	TRUE	1	0.779443234162084	2	1
1	66212603	A	TRUE	3	1	2	1
1	66215042	A	TRUE	1	0.779443234162084	2	1
1	66234645	A	TRUE	3	1	2	1
1	66251259	A	TRUE	3	1	2	1
1	66280135	A	TRUE	3	1	2	1
1	66282936	A	TRUE	1	0.779443234162084	2	1
1	66283196	A	TRUE	1	0.779443234162084	2	1
1	66289686	A	TRUE	3	1	2	1
1	66305185	A	TRUE	1	0.779443234162084	2	1
1	66312404	A	TRUE	3	1	2	1
1	66483123	A	TRUE	3	1	2	1
1	66501250	A	TRUE	1	0.779443234162084	2	1
1	66576476	A	TRUE	1	0.779443234162084	2	1
1	66586628	A	TRUE	3	1	2	1
1	66636217	A	TRUE	3	1	2	1
1	66702955	A	TRUE	3	1	2	1
1	66703609	A	TRUE	3	1	2	1
1	66739956	A	TRUE	3	1	2	1
1	66763169	A	TRUE	3	1	2	1
1	66773127	A	TRUE	3	1	2	1
1	66838841	A	TRUE	1	0.779443234162084	2	1
1	66861361	A	TRUE	3	1	2	1
1	66926700	A	TRUE	3	1	2	1
1	66957191	A	TRUE	3	1	2	1
1	66970281	A	TRUE	3	1	2	1
1	66994938	A	TRUE	1	0.779443234162084	2	1
1	67001655	A	TRUE	3	1	2	1
1	67004372	A	TRUE	3	1	2	1
1	67015943	A	TRUE	1	0.779443234162084	2	1
1	67042663	A	TRUE	3	1	2	1
1	67067526	A	TRUE	3	1	2	1
1	67071506	A	TRUE	3	1	2	1
1	67136422	A	TRUE	1	0.779443234162084	2	1
1	67142193	A	TRUE	3	1	2	1
1	67148274	A	TRUE	3	1	2	1
1	67169241	A	TRUE	3	1	2	1
1	67194891	A	TRUE	3	1	2	1
1	67219229	A	TRUE	1	0.779443234162084	2	1
1	67220920	A	TRUE	1	0.779443234162084	2	1
1	67225079	A	TRUE	3	1	2	1
1	67259096	A	TRUE	3	1	2	1
1	67287446	A	TRUE	3	1	2	1
1	67333222	A	TRUE	3	1	2	1
1	67347036	A	TRUE	3	1	2	1
1	67452714	A	TRUE	3	1	2	1
1	67477052	A	TRUE	3	1	2	1
1	67504747	A	TRUE	1	0.779443234162084	2	1
1	67530329	A	TRUE	1	0.779443234162084	2	1
1	67534188	A	TRUE	3	1	2	1
1	67578530	A	TRUE	3	1	2	1
1	67594031	A	TRUE	1	0.779443234162084	2	1
1	67600889	A	TRUE	3	1	2	1
1	67625148	A	TRUE	1	0.779443234162084	2	1
1	67628131	A	TRUE	3	1	2	1
1	67642858	A	TRUE	3	1	2	1
1	67660496	A	TRUE	3	1	2	1
1	67665160	A	TRUE	1	0.779443234162084	2	1
1	67722705	A	TRUE	1	0.779443234162084	2	1
1	67791258	A	TRUE	1	0.779443234162084	2	1
1	67870917	A	TRUE	3	1	2	1
1	67872179	A	TRUE	1	0.779443234162084	2	1
1	67906579	A	TRUE	1	0.779443234162084	2	1
1	67946842	A	TRUE	3	1	2	1
1	67948447	A	TRUE	3	1	2	1
1	67997273	A	TRUE	3	1	2	1
1	68001368	A	TRUE	3	1	2	1
1	68001376	A	TRUE	3	1	2	1
1	68072801	A	TRUE	1	0.779443234162084	2	1
1	68123815	A	TRUE	1	0.779443234162084	2	1
1	68184242	A	TRUE	3	1	2	1
1	68206014	A	TRUE	3	1	2	1
1	68281153	A	TRUE	1	0.779443234162084	2	1
1	68325481	A	TRUE	3	1	2	1
1	68385641	A	TRUE	3	1	2	1
1	68554475	A	TRUE	1	0.779443234162084	2	1
1	68566121	A	TRUE	3	1	2	1
1	68569750	A	TRUE	3	1	2	1
1	68607459	A	TRUE	3	1	2	1
1	68691235	A	TRUE	3	1	2	1
1	68753899	A	TRUE	3	1	2	1
1	68762910	A	TRUE	3	1	2	1
1	68768378	A	TRUE	3	1	2	1
1	68798753	A	TRUE	3	1	2	1
1	68889996	A	TRUE	3	1	2	1
1	68897647	A	TRUE	3	1	2	1
1	68927876	A	TRUE	3	1	2	1
1	68957287	A	TRUE	3	1	2	1
1	68964305	A	TRUE	3	1	2	1
1	68976617	A	TRUE	3	1	2	1
1	68991699	A	TRUE	3	1	2	1
1	69004425	A	TRUE	3	1	2	1
1	69008195	A	TRUE	3	1	2	1
1	69024761	A	TRUE	3	1	2	1
1	69173456	A	TRUE	3	1	2	1
1	69178695	A	TRUE	3	1	2	1
1	69199327	A	TRUE	3	1	2	1
1	69269855	A	TRUE	1	0.779443234162084	2	1
1	69270236	A	TRUE	1	0.779443234162084	2	1
1	69274624	A	TRUE	3	1	2	1
1	69282423	A	TRUE	3	1	2	1
1	69317252	A	TRUE	1	0.779443234162084	2	1
1	69324908	A	TRUE	3	1	2	1
1	69352881	A	TRUE	1	0.779443234162084	2	1
1	69408290	A	TRUE	3	1	2	1
1	69437763	A	TRUE	1	0.779443234162084	2	1
1	69584777	A	TRUE	1	0.779443234162084	2	1
1	69607483	A	TRUE	1	0.779443234162084	2	1
1	69608806	A	TRUE	3	1	2	1
1	69622045	A	TRUE	1	0.779443234162084	2	1
1	69632275	A	TRUE	3	1	2	1
1	69651089	A	TRUE	1	0.779443234162084	2	1
1	69682747	A	TRUE	3	1	2	1
1	69684035	A	TRUE	1	0.779443234162084	2	1
1	69814672	A	TRUE	1	0.779443234162084	2	1
1	69898248	A	TRUE	3	1	2	1
1	70009993	A	TRUE	3	1	2	1
1	70024659	A	TRUE	3	1	2	1
1	70064381	A	TRUE	1	0.779443234162084	2	1
1	70070588	A	TRUE	3	1	2	1
1	70103570	A	TRUE	3	1	2	1
1	70119497	A	TRUE	3	1	2	1
1	70125552	A	TRUE	3	1	2	1
1	70202071	A	TRUE	3	1	2	1
1	70237173	A	TRUE	3	1	2	1
1	70237734	A	TRUE	3	1	2	1
1	70283879	A	TRUE	3	1	2	1
1	70290315	A	TRUE	3	1	2	1
1	70294233	A	TRUE	3	1	2	1
1	70348609	A	TRUE	3	1	2	1
1	70372575	A	TRUE	1	0.779443234162084	2	1
1	70375107	A	TRUE	3	1	2	1
1	70406227	A	TRUE	3	1	2	1
1	70426782	A	TRUE	3	1	2	1
1	70432606	A	TRUE	3	1	2	1
1	70465953	A	TRUE	1	0.779443234162084	2	1
1	70497711	A	TRUE	1	0.779443234162084	2	1
1	70506461	A	TRUE	1	0.779443234162084	2	1
1	70516231	A	TRUE	3	1	2	1
1	70538572	A	TRUE	3	1	2	1
1	70591369	A	TRUE	3	1	2	1
1	70604240	A	TRUE	3	1	2	1
1	70614311	A	TRUE	3	1	2	1
1	70620205	A	TRUE	3	1	2	1
1	70633995	A	TRUE	3	1	2	1
1	70651866	A	TRUE	1	0.779443234162084	2	1
1	70660338	A	TRUE	3	1	2	1
1	70669432	A	TRUE	3	1	2	1
1	70702466	A	TRUE	3	1	2	1
1	70721815	A	TRUE	3	1	2	1
1	70726294	A	TRUE	3	1	2	1
1	70760056	A	TRUE	3	1	2	1
1	70770290	A	TRUE	3	1	2	1
1	70784141	A	TRUE	1	0.779443234162084	2	1
1	70809197	A	TRUE	3	1	2	1
1	70936612	A	TRUE	3	1	2	1
1	70965346	A	TRUE	1	0.779443234162084	2	1
1	71005827	A	TRUE	3	1	2	1
1	71033524	A	TRUE	3	1	2	1
1	71050427	A	TRUE	3	1	2	1
1	71087885	A	TRUE	3	1	2	1
1	71147594	A	TRUE	3	1	2	1
1	71187012	A	TRUE	3	1	2	1
1	71313150	A	TRUE	3	1	2	1
1	71341619	A	TRUE	3	1	2	1
1	71378262	A	TRUE	1	0.779443234162084	2	1
1	71386001	A	TRUE	1	0.779443234162084	2	1
1	71418406	A	TRUE	1	0.779443234162084	2	1
1	71428890	A	TRUE	3	1	2	1
1	71433690	A	TRUE	3	1	2	1
1	71537757	A	TRUE	1	0.779443234162084	2	1
1	71539964	A	TRUE	3	1	2	1
1	71549384	A	TRUE	3	1	2	1
1	71620906	A	TRUE	1	0.779443234162084	2	1
1	71641392	A	TRUE	3	1	2	1
1	71672502	A	TRUE	3	1	2	1
1	71722027	A	TRUE	3	1	2	1
1	71725338	A	TRUE	1	0.779443234162084	2	1
1	71785445	A	TRUE	3	1	2	1
1	71794635	A	TRUE	3	1	2	1
1	71797415	A	TRUE	3	1	2	1
1	71829846	A	TRUE	3	1	2	1
1	71865343	A	TRUE	1	0.779443234162084	2	1
1	71871660	A	TRUE	3	1	2	1
1	71886732	A	TRUE	3	1	2	1
1	71915302	A	TRUE	3	1	2	1
1	71973940	A	TRUE	3	1	2	1
1	71974208	A	TRUE	3	1	2	1
1	71981590	A	TRUE	1	0.779443234162084	2	1
1	72070470	A	TRUE	3	1	2	1
1	72114871	A	TRUE	3	1	2	1
1	72120043	A	TRUE	3	1	2	1
1	72143977	A	TRUE	1	0.779443234162084	2	1
1	72152164	A	TRUE	1	0.779443234162084	2	1
1	72154281	A	TRUE	3	1	2	1
1	72159814	A	TRUE	1	0.779443234162084	2	1
1	72194983	A	TRUE	3	1	2	1
1	72249092	A	TRUE	1	0.779443234162084	2	1
1	72250184	A	TRUE	3	1	2	1
1	72303203	A	TRUE	3	1	2	1
1	72328313	A	TRUE	3	1	2	1
1	72338398	A	TRUE	3	1	2	1
1	72418239	A	TRUE	3	1	2	1
1	72535274	A	TRUE	3	1	2	1
1	72548258	A	TRUE	1	0.779443234162084	2	1
1	72551660	A	TRUE	1	0.779443234162084	2	1
1	72597767	A	TRUE	3	1	2	1
1	72627283	A	TRUE	3	1	2	1
1	72658600	A	TRUE	3	1	2	1
1	72704112	A	TRUE	1	0.779443234162084	2	1
1	72745886	A	TRUE	1	0.779443234162084	2	1
1	72774388	A	TRUE	1	0.779443234162084	2	1
1	72779448	A	TRUE	1	0.779443234162084	2	1
1	72782340	A	TRUE	3	1	2	1
1	72783907	A	TRUE	3	1	2	1
1	72935618	A	TRUE	3	1	2	1
1	72944930	A	TRUE	3	1	2	1
1	72947786	A	TRUE	3	1	2	1
1	73045604	A	TRUE	1	0.779443234162084	2	1
1	73111454	A	TRUE	1	0.779443234162084	2	1
1	73117566	A	TRUE	3	1	2	1
1	73118044	A	TRUE	3	1	2	1
1	73136951	A	TRUE	1	0.779443234162084	2	1
1	73180333	A	TRUE	1	0.779443234162084	2	1
1	73187126	A	TRUE	3	1	2	1
1	73291912	A	TRUE	3	1	2	1
1	73292016	A	TRUE	3	1	2	1
1	73294086	A	TRUE	3	1	2	1
1	73297089	A	TRUE	3	1	2	1
1	73306032	A	TRUE	3	1	2	1
1	73313915	A	TRUE	1	0.779443234162084	2	1
1	73434121	A	TRUE	3	1	2	1
1	73434343	A	TRUE	3	1	2	1
1	73452362	A	TRUE	3	1	2	1
1	73469730	A	TRUE	3	1	2	1
1	73488295	A	TRUE	1	0.779443234162084	2	1
1	73537566	A	TRUE	3	1	2	1
1	73586039	A	TRUE	3	1	2	1
1	73663660	A	TRUE	3	1	2	1
1	73719557	A	TRUE	3	1	2	1
1	73742896	A	TRUE	3	1	2	1
1	73748258	A	TRUE	1	0.779443234162084	2	1
1	73785022	A	TRUE	3	1	2	1
1	73785191	A	TRUE	3	1	2	1
1	73790898	A	TRUE	1	0.779443234162084	2	1
1	73815811	A	TRUE	3	1	2	1
1	73832114	A	TRUE	1	0.779443234162084	2	1
1	73847330	A	TRUE	3	1	2	1
1	73905800	A	TRUE	3	1	2	1
1	73907502	A	TRUE	3	1	2	1
1	73934248	A	TRUE	1	0.779443234162084	2	1
1	73966106	A	TRUE	3	1	2	1
1	73987856	A	TRUE	3	1	2	1
1	74007602	A	TRUE	1	0.779443234162084	2	1
1	74040109	A	TRUE	1	0.779443234162084	2	1
1	74073561	A	TRUE	1	0.779443234162084	2	1
1	74097236	A	TRUE	1	0.779443234162084	2	1
1	74097368	A	TRUE	1	0.779443234162084	2	1
1	74109538	A	TRUE	3	1	2	1
1	74118889	A	TRUE	1	0.779443234162084	2	1
1	74247915	A	TRUE	3	1	2	1
1	74269733	A	TRUE	3	1	2	1
1	74299643	A	TRUE	3	1	2	1
1	74326566	A	TRUE	3	1	2	1
1	74353851	A	TRUE	3	1	2	1
1	74384469	A	TRUE	3	1	2	1
1	74429766	A	TRUE	1	0.779443234162084	2	1
1	74444363	A	TRUE	3	1	2	1
1	74457238	A	TRUE	1	0.779443234162084	2	1
1	74461072	A	TRUE	3	1	2	1
1	74491709	A	TRUE	3	1	2	1
1	74574136	A	TRUE	3	1	2	1
1	74684634	A	TRUE	3	1	2	1
1	74693936	A	TRUE	3	1	2	1
1	74707594	A	TRUE	3	1	2	1
1	74728029	A	TRUE	3	1	2	1
1	74744968	A	TRUE	3	1	2	1
1	74764184	A	TRUE	1	0.779443234162084	2	1
1	74767959	A	TRUE	1	0.779443234162084	2	1
1	74847516	A	TRUE	3	1	2	1
1	74869096	A	TRUE	3	1	2	1
1	74878905	A	TRUE	1	0.779443234162084	2	1
1	74907960	A	TRUE	3	1	2	1
1	74915105	A	TRUE	3	1	2	1
1	74916702	A	TRUE	3	1	2	1
1	74924196	A	TRUE	3	1	2	1
1	75034875	A	TRUE	1	0.779443234162084	2	1
1	75041011	A	TRUE	1	0.779443234162084	2	1
1	75066471	A	TRUE	3	1	2	1
1	75086342	A	TRUE	1	0.779443234162084	2	1
1	75110415	A	TRUE	3	1	2	1
1	75129026	A	TRUE	3	1	2	1
1	75174621	A	TRUE	3	1	2	1
1	75179347	A	TRUE	1	0.779443234162084	2	1
1	75199329	A	TRUE	1	0.779443234162084	2	1
1	75235000	A	TRUE	1	0.779443234162084	2	1
1	75242713	A	TRUE	1	0.779443234162084	2	1
1	75267760	A	TRUE	3	1	2	1
1	75288412	A	TRUE	3	1	2	1
1	75304733	A	TRUE	3	1	2	1
1	75518114	A	TRUE	3	1	2	1
1	75529966	A	TRUE	3	1	2	1
1	75548490	A	TRUE	3	1	2	1
1	75584197	A	TRUE	3	1	2	1
1	75628547	A	TRUE	3	1	2	1
1	75673542	A	TRUE	3	1	2	1
1	75686862	A	TRUE	3	1	2	1
1	75747984	A	TRUE	3	1	2	1
1	75781905	A	TRUE	3	1	2	1
1	75895852	A	TRUE	3	1	2	1
1	75900229	A	TRUE	3	1	2	1
1	75944406	A	TRUE	3	1	2	1
1	76018774	A	TRUE	3	1	2	1
1	76053527	A	TRUE	1	0.779443234162084	2	1
1	76059922	A	TRUE	3	1	2	1
1	76082683	A	TRUE	3	1	2	1
1	76091529	A	TRUE	1	0.779443234162084	2	1
1	76106711	A	TRUE	3	1	2	1
1	76132515	A	TRUE	3	1	2	1
1	76154579	A	TRUE	3	1	2	1
1	76171743	A	TRUE	3	1	2	1
1	76190614	A	TRUE	3	1	2	1
1	76205216	A	TRUE	1	0.779443234162084	2	1
1	76212674	A	TRUE	3	1	2	1
1	76214438	A	TRUE	1	0.779443234162084	2	1
1	76233782	A	TRUE	3	1	2	1
1	76244335	A	TRUE	3	1	2	1
1	76297515	A	TRUE	3	1	2	1
1	76330797	A	TRUE	3	1	2	1
1	76349010	A	TRUE	1	0.779443234162084	2	1
1	76399165	A	TRUE	1	0.779443234162084	2	1
1	76412161	A	TRUE	3	1	2	1
1	76414331	A	TRUE	3	1	2	1
1	76430016	A	TRUE	1	0.779443234162084	2	1
1	76506430	A	TRUE	3	1	2	1
1	76530863	A	TRUE	1	0.779443234162084	2	1
1	76556684	A	TRUE	1	0.779443234162084	2	1
1	76557918	A	TRUE	3	1	2	1
1	76652117	A	TRUE	3	1	2	1
1	76686487	A	TRUE	3	1	2	1
1	76729162	A	TRUE	3	1	2	1
1	76731767	A	TRUE	3	1	2	1
1	76765286	A	TRUE	3	1	2	1
1	76786524	A	TRUE	3	1	2	1
1	76853401	A	TRUE	3	1	2	1
1	76940047	A	TRUE	1	0.779443234162084	2	1
1	76947092	A	TRUE	3	1	2	1
1	76969921	A	TRUE	1	0.779443234162084	2	1
1	77016140	A	TRUE	1	0.779443234162084	2	1
1	77032908	A	TRUE	1	0.779443234162084	2	1
1	77099761	A	TRUE	3	1	2	1
1	77153111	A	TRUE	1	0.779443234162084	2	1
1	77186801	A	TRUE	3	1	2	1
1	77224256	A	TRUE	3	1	2	1
1	77242114	A	TRUE	3	1	2	1
1	77390017	A	TRUE	1	0.779443234162084	2	1
1	77401539	A	TRUE	1	0.779443234162084	2	1
1	77406288	A	TRUE	1	0.779443234162084	2	1
1	77433077	A	TRUE	3	1	2	1
1	77443768	A	TRUE	3	1	2	1
1	77475374	A	TRUE	3	1	2	1
1	77504950	A	TRUE	1	0.779443234162084	2	1
1	77517548	A	TRUE	3	1	2	1
1	77561312	A	TRUE	3	1	2	1
1	77578683	A	TRUE	1	0.779443234162084	2	1
1	77578726	A	TRUE	1	0.779443234162084	2	1
1	77652058	A	TRUE	3	1	2	1
1	77659286	A	TRUE	1	0.779443234162084	2	1
1	77666342	A	TRUE	3	1	2	1
1	77771102	A	TRUE	3	1	2	1
1	77989225	A	TRUE	1	0.779443234162084	2	1
1	78004866	A	TRUE	3	1	2	1
1	78059641	A	TRUE	3	1	2	1
1	78097615	A	TRUE	1	0.779443234162084	2	1
1	78109770	A	TRUE	2	0.163485874525744	2	1
1	78136395	A	TRUE	3	1	2	1
1	78144302	A	TRUE	1	0.779443234162084	2	1
1	78152743	A	TRUE	1	0.779443234162084	2	1
1	78153390	A	TRUE	1	0.779443234162084	2	1
1	78169761	A	TRUE	3	1	2	1
1	78191255	A	TRUE	1	0.779443234162084	2	1
1	78265405	A	TRUE	1	0.779443234162084	2	1
1	78303152	A	TRUE	3	1	2	1
1	78364191	A	TRUE	3	1	2	1
1	78398759	A	TRUE	1	0.779443234162084	2	1
1	78406183	A	TRUE	3	1	2	1
1	78468928	A	TRUE	1	0.779443234162084	2	1
1	78490659	A	TRUE	3	1	2	1
1	78536973	A	TRUE	1	0.779443234162084	2	1
1	78561274	A	TRUE	1	0.779443234162084	2	1
1	78622330	A	TRUE	3	1	2	1
1	78627009	A	TRUE	1	0.779443234162084	2	1
1	78642787	A	TRUE	1	0.779443234162084	2	1
1	78658452	A	TRUE	3	1	2	1
1	78735052	A	TRUE	3	1	2	1
1	78777199	A	TRUE	3	1	2	1
1	78789765	A	TRUE	3	1	2	1
1	78793458	A	TRUE	3	1	2	1
1	78888524	A	TRUE	3	1	2	1
1	78914316	A	TRUE	3	1	2	1
1	78945347	A	TRUE	3	1	2	1
1	78952698	A	TRUE	3	1	2	1
1	78953797	A	TRUE	1	0.779443234162084	2	1
1	79000751	A	TRUE	3	1	2	1
1	79013710	A	TRUE	3	1	2	1
1	79049188	A	TRUE	3	1	2	1
1	79106940	A	TRUE	1	0.779443234162084	2	1
1	79162736	A	TRUE	1	0.779443234162084	2	1
1	79184484	A	TRUE	3	1	2	1
1	79208681	A	TRUE	3	1	2	1
1	79219421	A	TRUE	3	1	2	1
1	79327024	A	TRUE	1	0.779443234162084	2	1
1	79357154	A	TRUE	3	1	2	1
1	79372014	A	TRUE	1	0.779443234162084	2	1
1	79396951	A	TRUE	3	1	2	1
1	79401561	A	TRUE	1	0.779443234162084	2	1
1	79467424	A	TRUE	3	1	2	1
1	79487630	A	TRUE	3	1	2	1
1	79526529	A	TRUE	3	1	2	1
1	79536572	A	TRUE	3	1	2	1
1	79556544	A	TRUE	3	1	2	1
1	79585600	A	TRUE	3	1	2	1
1	79630827	A	TRUE	3	1	2	1
1	79646741	A	TRUE	1	0.779443234162084	2	1
1	79665210	A	TRUE	3	1	2	1
1	79704173	A	TRUE	1	0.779443234162084	2	1
1	79785561	A	TRUE	3	1	2	1
1	79802955	A	TRUE	3	1	2	1
1	79816229	A	TRUE	1	0.779443234162084	2	1
1	79819447	A	TRUE	3	1	2	1
1	79843022	A	TRUE	3	1	2	1
1	79874460	A	TRUE	3	1	2	1
1	79895197	A	TRUE	3	1	2	1
1	79923137	A	TRUE	1	0.779443234162084	2	1
1	79977413	A	TRUE	3	1	2	1
1	79995261	A	TRUE	3	1	2	1
1	80006283	A	TRUE	1	0.779443234162084	2	1
1	80118552	A	TRUE	3	1	2	1
1	80143729	A	TRUE	1	0.779443234162084	2	1
1	80195383	A	TRUE	3	1	2	1
1	80265115	A	TRUE	3	1	2	1
1	80302193	A	TRUE	1	0.779443234162084	2	1
1	80313305	A	TRUE	3	1	2	1
1	80442885	A	TRUE	3	1	2	1
1	80459458	A	TRUE	3	1	2	1
1	80525501	A	TRUE	3	1	2	1
1	80531251	A	TRUE	3	1	2	1
1	80571943	A	TRUE	1	0.779443234162084	2	1
1	80581334	A	TRUE	3	1	2	1
1	80581626	A	TRUE	3	1	2	1
1	80583564	A	TRUE	3	1	2	1
1	80701147	A	TRUE	1	0.779443234162084	2	1
1	80715267	A	TRUE	3	1	2	1
1	80754687	A	TRUE	1	0.779443234162084	2	1
1	80766217	A	TRUE	3	1	2	1
1	80780169	A	TRUE	1	0.779443234162084	2	1
1	80818823	A	TRUE	3	1	2	1
1	80882544	A	TRUE	3	1	2	1
1	80976007	A	TRUE	1	0.779443234162084	2	1
1	80983024	A	TRUE	3	1	2	1
1	80997396	A	TRUE	3	1	2	1
1	81029050	A	TRUE	3	1	2	1
1	81036224	A	TRUE	3	1	2	1
1	81054328	A	TRUE	1	0.779443234162084	2	1
1	81091257	A	TRUE	1	0.779443234162084	2	1
1	81130319	A	TRUE	1	0.779443234162084	2	1
1	81140965	A	TRUE	1	0.779443234162084	2	1
1	81155034	A	TRUE	3	1	2	1
1	81184406	A	TRUE	1	0.779443234162084	2	1
1	81220001	A	TRUE	1	0.779443234162084	2	1
1	81221720	A	TRUE	3	1	2	1
1	81310738	A	TRUE	3	1	2	1
1	81322225	A	TRUE	3	1	2	1
1	81373259	A	TRUE	1	0.779443234162084	2	1
1	81407667	A	TRUE	1	0.779443234162084	2	1
1	81409798	A	TRUE	1	0.779443234162084	2	1
1	81428757	A	TRUE	3	1	2	1
1	81451448	A	TRUE	3	1	2	1
1	81453012	A	TRUE	1	0.779443234162084	2	1
1	81462164	A	TRUE	3	1	2	1
1	81464734	A	TRUE	3	1	2	1
1	81541399	A	TRUE	3	1	2	1
1	81628312	A	TRUE	3	1	2	1
1	81669589	A	TRUE	3	1	2	1
1	81695342	A	TRUE	3	1	2	1
1	81730315	A	TRUE	1	0.779443234162084	2	1
1	81752167	A	TRUE	3	1	2	1
1	81752732	A	TRUE	3	1	2	1
1	81803812	A	TRUE	3	1	2	1
1	81832139	A	TRUE	3	1	2	1
1	81866457	A	TRUE	3	1	2	1
1	81911895	A	TRUE	1	0.779443234162084	2	1
1	81957475	A	TRUE	3	1	2	1
1	81968126	A	TRUE	3	1	2	1
1	81987238	A	TRUE	1	0.779443234162084	2	1
1	82006492	A	TRUE	1	0.779443234162084	2	1
1	82009376	A	TRUE	3	1	2	1
1	82077778	A	TRUE	3	1	2	1
1	82092536	A	TRUE	1	0.779443234162084	2	1
1	82183003	A	TRUE	1	0.779443234162084	2	1
1	82273310	A	TRUE	3	1	2	1
1	82285077	A	TRUE	1	0.779443234162084	2	1
1	82323988	A	TRUE	3	1	2	1
1	82346202	A	TRUE	3	1	2	1
1	82425412	A	TRUE	3	1	2	1
1	82429824	A	TRUE	3	1	2	1
1	82466995	A	TRUE	3	1	2	1
1	82475124	A	TRUE	3	1	2	1
1	82534337	A	TRUE	1	0.779443234162084	2	1
1	82542141	A	TRUE	1	0.779443234162084	2	1
1	82579042	A	TRUE	1	0.779443234162084	2	1
1	82593706	A	TRUE	3	1	2	1
1	82629566	A	TRUE	3	1	2	1
1	82645920	A	TRUE	1	0.779443234162084	2	1
1	82648397	A	TRUE	3	1	2	1
1	82657982	A	TRUE	3	1	2	1
1	82697386	A	TRUE	3	1	2	1
1	82723985	A	TRUE	1	0.779443234162084	2	1
1	82748863	A	TRUE	3	1	2	1
1	82776092	A	TRUE	1	0.779443234162084	2	1
1	82782621	A	TRUE	3	1	2	1
1	82806546	A	TRUE	1	0.779443234162084	2	1
1	82842566	A	TRUE	1	0.779443234162084	2	1
1	82843302	A	TRUE	3	1	2	1
1	82899912	A	TRUE	1	0.779443234162084	2	1
1	82970210	A	TRUE	1	0.779443234162084	2	1
1	82983895	A	TRUE	1	0.779443234162084	2	1
1	82997842	A	TRUE	3	1	2	1
1	83044472	A	TRUE	3	1	2	1
1	83150324	A	TRUE	3	1	2	1
1	83155748	A	TRUE	3	1	2	1
1	83158150	A	TRUE	3	1	2	1
1	83171222	A	TRUE	3	1	2	1
1	83186935	A	TRUE	1	0.779443234162084	2	1
1	83224191	A	TRUE	3	1	2	1
1	83306800	A	TRUE	3	1	2	1
1	83332267	A	TRUE	1	0.779443234162084	2	1
1	83392247	A	TRUE	3	1	2	1
1	83464881	A	TRUE	3	1	2	1
1	83470832	A	TRUE	3	1	2	1
1	83495296	A	TRUE	3	1	2	1
1	83508511	A	TRUE	1	0.779443234162084	2	1
1	83539748	A	TRUE	1	0.779443234162084	2	1
1	83555098	A	TRUE	3	1	2	1
1	83562123	A	TRUE	3	1	2	1
1	83601958	A	TRUE	3	1	2	1
1	83649163	A	TRUE	1	0.779443234162084	2	1
1	83656907	A	TRUE	3	1	2	1
1	83686928	A	TRUE	3	1	2	1
1	83716504	A	TRUE	3	1	2	1
1	83730362	A	TRUE	1	0.779443234162084	2	1
1	83748446	A	TRUE	1	0.779443234162084	2	1
1	83815144	A	TRUE	3	1	2	1
1	83815649	A	TRUE	3	1	2	1
1	83830498	A	TRUE	3	1	2	1
1	83832151	A	TRUE	1	0.779443234162084	2	1
1	83846750	A	TRUE	3	1	2	1
1	83903709	A	TRUE	3	1	2	1
1	84012364	A	TRUE	1	0.779443234162084	2	1
1	84098576	A	TRUE	1	0.779443234162084	2	1
1	84130425	A	TRUE	0	0	2	1
1	84153968	A	TRUE	3	1	2	1
1	84165326	A	TRUE	1	0.779443234162084	2	1
1	84194746	A	TRUE	3	1	2	1
1	84318468	A	TRUE	3	1	2	1
1	84324099	A	TRUE	3	1	2	1
1	84326185	A	TRUE	3	1	2	1
1	84379930	A	TRUE	1	0.779443234162084	2	1
1	84406185	A	TRUE	3	1	2	1
1	84461808	A	TRUE	3	1	2	1
1	84490188	A	TRUE	3	1	2	1
1	84492805	A	TRUE	3	1	2	1
1	84507908	A	TRUE	3	1	2	1
1	84553076	A	TRUE	3	1	2	1
1	84569661	A	TRUE	3	1	2	1
1	84574977	A	TRUE	3	1	2	1
1	84621396	A	TRUE	3	1	2	1
1	84678319	A	TRUE	3	1	2	1
1	84692305	A	TRUE	1	0.779443234162084	2	1
1	84706212	A	TRUE	3	1	2	1
1	84726956	A	TRUE	3	1	2	1
1	84743845	A	TRUE	3	1	2	1
1	84766789	A	TRUE	1	0.779443234162084	2	1
1	84784832	A	TRUE	3	1	2	1
1	84812169	A	TRUE	1	0.779443234162084	2	1
1	84863008	A	TRUE	1	0.779443234162084	2	1
1	84945100	A	TRUE	1	0.779443234162084	2	1
1	84951959	A	TRUE	1	0.779443234162084	2	1
1	85079432	A	TRUE	3	1	2	1
1	85102410	A	TRUE	3	1	2	1
1	85125532	A	TRUE	3	1	2	1
1	85150887	A	TRUE	3	1	2	1
1	85239478	A	TRUE	3	1	2	1
1	85259041	A	TRUE	3	1	2	1
1	85261301	A	TRUE	3	1	2	1
1	85262519	A	TRUE	1	0.779443234162084	2	1
1	85265955	A	TRUE	1	0.779443234162084	2	1
1	85292782	A	TRUE	3	1	2	1
1	85340161	A	TRUE	1	0.779443234162084	2	1
1	85394561	A	TRUE	3	1	2	1
1	85422334	A	TRUE	3	1	2	1
1	85462599	A	TRUE	3	1	2	1
1	85468148	A	TRUE	1	0.779443234162084	2	1
1	85490906	A	TRUE	3	1	2	1
1	85496910	A	TRUE	3	1	2	1
1	85504782	A	TRUE	1	0.779443234162084	2	1
1	85517769	A	TRUE	3	1	2	1
1	85545833	A	TRUE	1	0.779443234162084	2	1
1	85547875	A	TRUE	1	0.779443234162084	2	1
1	85596114	A	TRUE	1	0.779443234162084	2	1
1	85633571	A	TRUE	1	0.779443234162084	2	1
1	85660398	A	TRUE	1	0.779443234162084	2	1
1	85678708	A	TRUE	3	1	2	1
1	85811293	A	TRUE	1	0.779443234162084	2	1
1	85912564	A	TRUE	3	1	2	1
1	85913969	A	TRUE	3	1	2	1
1	85922391	A	TRUE	3	1	2	1
1	85957331	A	TRUE	1	0.779443234162084	2	1
1	86006899	A	TRUE	3	1	2	1
1	86105505	A	TRUE	3	1	2	1
1	86108942	A	TRUE	1	0.779443234162084	2	1
1	86116582	A	TRUE	1	0.779443234162084	2	1
1	86164885	A	TRUE	1	0.779443234162084	2	1
1	86179572	A	TRUE	3	1	2	1
1	86198823	A	TRUE	3	1	2	1
1	86219061	A	TRUE	1	0.779443234162084	2	1
1	86232791	A	TRUE	3	1	2	1
1	86233474	A	TRUE	3	1	2	1
1	86254171	A	TRUE	3	1	2	1
1	86279021	A	TRUE	3	1	2	1
1	86296340	A	TRUE	1	0.779443234162084	2	1
1	86327770	A	TRUE	3	1	2	1
1	86373601	A	TRUE	3	1	2	1
1	86387984	A	TRUE	3	1	2	1
1	86390441	A	TRUE	3	1	2	1
1	86412564	A	TRUE	3	1	2	1
1	86457392	A	TRUE	3	1	2	1
1	86470942	A	TRUE	3	1	2	1
1	86508361	A	TRUE	3	1	2	1
1	86638093	A	TRUE	3	1	2	1
1	86644409	A	TRUE	3	1	2	1
1	86646180	A	TRUE	3	1	2	1
1	86666458	A	TRUE	1	0.779443234162084	2	1
1	86715975	A	TRUE	1	0.779443234162084	2	1
1	86721944	A	TRUE	3	1	2	1
1	86757094	A	TRUE	3	1	2	1
1	86762573	A	TRUE	3	1	2	1
1	86780377	A	TRUE	3	1	2	1
1	86820253	A	TRUE	3	1	2	1
1	86825109	A	TRUE	1	0.779443234162084	2	1
1	86847991	A	TRUE	3	1	2	1
1	86874534	A	TRUE	1	0.779443234162084	2	1
1	86908544	A	TRUE	3	1	2	1
1	86971545	A	TRUE	3	1	2	1
1	86998092	A	TRUE	3	1	2	1
1	87008141	A	TRUE	3	1	2	1
1	87031889	A	TRUE	3	1	2	1
1	87090936	A	TRUE	3	1	2	1
1	87091408	A	TRUE	1	0.779443234162084	2	1
1	87179329	A	TRUE	3	1	2	1
1	87196911	A	TRUE	3	1	2	1
1	87240155	A	TRUE	3	1	2	1
1	87303359	A	TRUE	3	1	2	1
1	87330722	A	TRUE	1	0.779443234162084	2	1
1	87367160	A	TRUE	3	1	2	1
1	87404388	A	TRUE	3	1	2	1
1	87503508	A	TRUE	3	1	2	1
1	87535177	A	TRUE	3	1	2	1
1	87563785	A	TRUE	1	0.779443234162084	2	1
1	87612713	A	TRUE	3	1	2	1
1	87626885	A	TRUE	3	1	2	1
1	87641738	A	TRUE	3	1	2	1
1	87655050	A	TRUE	1	0.779443234162084	2	1
1	87688101	A	TRUE	3	1	2	1
1	87713369	A	TRUE	1	0.779443234162084	2	1
1	87727488	A	TRUE	3	1	2	1
1	87733407	A	TRUE	3	1	2	1
1	87766936	A	TRUE	1	0.779443234162084	2	1
1	87769617	A	TRUE	1	0.779443234162084	2	1
1	87778514	A	TRUE	3	1	2	1
1	87807976	A	TRUE	3	1	2	1
1	87845683	A	TRUE	1	0.779443234162084	2	1
1	87873214	A	TRUE	1	0.779443234162084	2	1
1	87950338	A	TRUE	3	1	2	1
1	87962487	A	TRUE	1	0.779443234162084	2	1
1	88011780	A	TRUE	3	1	2	1
1	88129107	A	TRUE	1	0.779443234162084	2	1
1	88172520	A	TRUE	3	1	2	1
1	88186674	A	TRUE	3	1	2	1
1	88301831	A	TRUE	3	1	2	1
1	88388665	A	TRUE	3	1	2	1
1	88475272	A	TRUE	1	0.779443234162084	2	1
1	88516689	A	TRUE	3	1	2	1
1	88539164	A	TRUE	3	1	2	1
1	88653327	A	TRUE	3	1	2	1
1	88699068	A	TRUE	3	1	2	1
1	88711868	A	TRUE	3	1	2	1
1	88729392	A	TRUE	3	1	2	1
1	88754680	A	TRUE	3	1	2	1
1	88832379	A	TRUE	3	1	2	1
1	88839519	A	TRUE	3	1	2	1
1	88854127	A	TRUE	3	1	2	1
1	88859053	A	TRUE	3	1	2	1
1	88897122	A	TRUE	3	1	2	1
1	88897370	A	TRUE	3	1	2	1
1	89015497	A	TRUE	3	1	2	1
1	89038720	A	TRUE	3	1	2	1
1	89234586	A	TRUE	1	0.779443234162084	2	1
1	89285674	A	TRUE	3	1	2	1
1	89287952	A	TRUE	3	1	2	1
1	89290110	A	TRUE	3	1	2	1
1	89386481	A	TRUE	1	0.779443234162084	2	1
1	89456245	A	TRUE	1	0.779443234162084	2	1
1	89468309	A	TRUE	3	1	2	1
1	89564795	A	TRUE	3	1	2	1
1	89605990	A	TRUE	3	1	2	1
1	89710210	A	TRUE	3	1	2	1
1	89791809	A	TRUE	3	1	2	1
1	89885383	A	TRUE	3	1	2	1
1	89898512	A	TRUE	3	1	2	1
1	89903422	A	TRUE	3	1	2	1
1	89941110	A	TRUE	3	1	2	1
1	89959818	A	TRUE	3	1	2	1
1	89971981	A	TRUE	3	1	2	1
1	89984556	A	TRUE	3	1	2	1
1	90048322	A	TRUE	1	0.779443234162084	2	1
1	90087180	A	TRUE	3	1	2	1
1	90199074	A	TRUE	1	0.779443234162084	2	1
1	90204216	A	TRUE	3	1	2	1
1	90268406	A	TRUE	3	1	2	1
1	90290844	A	TRUE	2	0.163485874525744	2	1
1	90352918	A	TRUE	3	1	2	1
1	90424588	A	TRUE	3	1	2	1
1	90455958	A	TRUE	3	1	2	1
1	90498096	A	TRUE	3	1	2	1
1	90603682	A	TRUE	3	1	2	1
1	90645631	A	TRUE	3	1	2	1
1	90676297	A	TRUE	3	1	2	1
1	90697366	A	TRUE	3	1	2	1
1	90726010	A	TRUE	3	1	2	1
1	90750078	A	TRUE	3	1	2	1
1	90760907	A	TRUE	3	1	2	1
1	90787059	A	TRUE	3	1	2	1
1	90873679	A	TRUE	3	1	2	1
1	90886982	A	TRUE	1	0.779443234162084	2	1
1	90908289	A	TRUE	1	0.779443234162084	2	1
1	90908407	A	TRUE	1	0.779443234162084	2	1
1	90991644	A	TRUE	3	1	2	1
1	90998861	A	TRUE	3	1	2	1
1	91056690	A	TRUE	2	0.163485874525744	2	1
1	91066400	A	TRUE	3	1	2	1
1	91113166	A	TRUE	1	0.779443234162084	2	1
1	91167108	A	TRUE	1	0.779443234162084	2	1
1	91206838	A	TRUE	3	1	2	1
1	91213070	A	TRUE	3	1	2	1
1	91237759	A	TRUE	3	1	2	1
1	91279097	A	TRUE	3	1	2	1
1	91338145	A	TRUE	3	1	2	1
1	91342203	A	TRUE	3	1	2	1
1	91347202	A	TRUE	3	1	2	1
1	91357814	A	TRUE	3	1	2	1
1	91386262	A	TRUE	1	0.779443234162084	2	1
1	91436868	A	TRUE	1	0.779443234162084	2	1
1	91498362	A	TRUE	3	1	2	1
1	91549540	A	TRUE	3	1	2	1
1	91575424	A	TRUE	3	1	2	1
1	91585760	A	TRUE	3	1	2	1
1	91634624	A	TRUE	3	1	2	1
1	91666068	A	TRUE	3	1	2	1
1	91764341	A	TRUE	3	1	2	1
1	91809612	A	TRUE	3	1	2	1
1	91817465	A	TRUE	3	1	2	1
1	91821447	A	TRUE	3	1	2	1
1	91823272	A	TRUE	3	1	2	1
1	91874399	A	TRUE	3	1	2	1
1	91887625	A	TRUE	3	1	2	1
1	91904835	A	TRUE	3	1	2	1
1	91935771	A	TRUE	1	0.779443234162084	2	1
1	92021972	A	TRUE	3	1	2	1
1	92028773	A	TRUE	3	1	2	1
1	92036977	A	TRUE	3	1	2	1
1	92040412	A	TRUE	1	0.779443234162084	2	1
1	92053257	A	TRUE	3	1	2	1
1	92091365	A	TRUE	1	0.779443234162084	2	1
1	92097925	A	TRUE	3	1	2	1
1	92122463	A	TRUE	3	1	2	1
1	92179581	A	TRUE	3	1	2	1
1	92312171	A	TRUE	3	1	2	1
1	92341434	A	TRUE	1	0.779443234162084	2	1
1	92483053	A	TRUE	3	1	2	1
1	92507306	A	TRUE	3	1	2	1
1	92509089	A	TRUE	1	0.779443234162084	2	1
1	92544882	A	TRUE	3	1	2	1
1	92587851	A	TRUE	3	1	2	1
1	92603710	A	TRUE	3	1	2	1
1	92661119	A	TRUE	3	1	2	1
1	92672493	A	TRUE	3	1	2	1
1	92718497	A	TRUE	3	1	2	1
1	92741532	A	TRUE	1	0.779443234162084	2	1
1	92746791	A	TRUE	3	1	2	1
1	92771189	A	TRUE	3	1	2	1
1	92849607	A	TRUE	3	1	2	1
1	92906040	A	TRUE	3	1	2	1
1	92923439	A	TRUE	3	1	2	1
1	92948978	A	TRUE	3	1	2	1
1	92952422	A	TRUE	3	1	2	1
1	92964146	A	TRUE	3	1	2	1
1	93011502	A	TRUE	3	1	2	1
1	93049952	A	TRUE	1	0.779443234162084	2	1
1	93202883	A	TRUE	3	1	2	1
1	93205493	A	TRUE	3	1	2	1
1	93219012	A	TRUE	3	1	2	1
1	93221272	A	TRUE	1	0.779443234162084	2	1
1	93257820	A	TRUE	3	1	2	1
1	93305017	A	TRUE	1	0.779443234162084	2	1
1	93360732	A	TRUE	3	1	2	1
1	93379644	A	TRUE	3	1	2	1
1	93397548	A	TRUE	1	0.779443234162084	2	1
1	93416794	A	TRUE	3	1	2	1
1	93437057	A	TRUE	3	1	2	1
1	93438057	A	TRUE	3	1	2	1
1	93532174	A	TRUE	3	1	2	1
1	93537506	A	TRUE	1	0.779443234162084	2	1
1	93539810	A	TRUE	3	1	2	1
1	93574714	A	TRUE	3	1	2	1
1	93588050	A	TRUE	3	1	2	1
1	93617375	A	TRUE	3	1	2	1
1	93630891	A	TRUE	3	1	2	1
1	93636774	A	TRUE	3	1	2	1
1	93719075	A	TRUE	3	1	2	1
1	93737107	A	TRUE	3	1	2	1
1	93754014	A	TRUE	3	1	2	1
1	93756404	A	TRUE	1	0.779443234162084	2	1
1	93817095	A	TRUE	3	1	2	1
1	93830373	A	TRUE	1	0.779443234162084	2	1
1	93913339	A	TRUE	3	1	2	1
1	94030044	A	TRUE	1	0.779443234162084	2	1
1	94033384	A	TRUE	3	1	2	1
1	94041783	A	TRUE	3	1	2	1
1	94071110	A	TRUE	3	1	2	1
1	94077352	A	TRUE	1	0.779443234162084	2	1
1	94131964	A	TRUE	1	0.779443234162084	2	1
1	94140510	A	TRUE	3	1	2	1
1	94240976	A	TRUE	3	1	2	1
1	94269146	A	TRUE	3	1	2	1
1	94288678	A	TRUE	3	1	2	1
1	94300023	A	TRUE	3	1	2	1
1	94330001	A	TRUE	1	0.779443234162084	2	1
1	94347460	A	TRUE	3	1	2	1
1	94362634	A	TRUE	3	1	2	1
1	94400668	A	TRUE	1	0.779443234162084	2	1
1	94433172	A	TRUE	1	0.779443234162084	2	1
1	94448873	A	TRUE	1	0.779443234162084	2	1
1	94452232	A	TRUE	3	1	2	1
1	94476837	A	TRUE	3	1	2	1
1	94490638	A	TRUE	3	1	2	1
1	94515831	A	TRUE	3	1	2	1
1	94539076	A	TRUE	3	1	2	1
1	94639169	A	TRUE	3	1	2	1
1	94676492	A	TRUE	3	1	2	1
1	94702603	A	TRUE	1	0.779443234162084	2	1
1	94738516	A	TRUE	3	1	2	1
1	94770291	A	TRUE	3	1	2	1
1	94774697	A	TRUE	3	1	2	1
1	94775065	A	TRUE	1	0.779443234162084	2	1
1	94833953	A	TRUE	3	1	2	1
1	94871674	A	TRUE	1	0.779443234162084	2	1
1	94919121	A	TRUE	3	1	2	1
1	94927347	A	TRUE	1	0.779443234162084	2	1
1	94979896	A	TRUE	3	1	2	1
1	94980135	A	TRUE	3	1	2	1
1	95030075	A	TRUE	3	1	2	1
1	95050475	A	TRUE	3	1	2	1
1	95090161	A	TRUE	3	1	2	1
1	95121541	A	TRUE	1	0.779443234162084	2	1
1	95240627	A	TRUE	3	1	2	1
1	95258290	A	TRUE	1	0.779443234162084	2	1
1	95267849	A	TRUE	3	1	2	1
1	95268098	A	TRUE	3	1	2	1
1	95277551	A	TRUE	3	1	2	1
1	95323669	A	TRUE	3	1	2	1
1	95360421	A	TRUE	3	1	2	1
1	95379724	A	TRUE	3	1	2	1
1	95390675	A	TRUE	3	1	2	1
1	95422719	A	TRUE	3	1	2	1
1	95425602	A	TRUE	3	1	2	1
1	95452870	A	TRUE	3	1	2	1
1	95487795	A	TRUE	3	1	2	1
1	95500538	A	TRUE	3	1	2	1
1	95537115	A	TRUE	3	1	2	1
1	95552914	A	TRUE	3	1	2	1
1	95597671	A	TRUE	1	0.779443234162084	2	1
1	95602108	A	TRUE	3	1	2	1
1	95629070	A	TRUE	1	0.779443234162084	2	1
1	95667266	A	TRUE	3	1	2	1
1	95677826	A	TRUE	3	1	2	1
1	95703048	A	TRUE	3	1	2	1
1	95742568	A	TRUE	3	1	2	1
1	95756301	A	TRUE	3	1	2	1
1	95901360	A	TRUE	1	0.779443234162084	2	1
1	95952376	A	TRUE	3	1	2	1
1	95952759	A	TRUE	3	1	2	1
1	96093960	A	TRUE	3	1	2	1
1	96224812	A	TRUE	1	0.779443234162084	2	1
1	96230905	A	TRUE	3	1	2	1
1	96251519	A	TRUE	3	1	2	1
1	96439472	A	TRUE	1	0.779443234162084	2	1
1	96487507	A	TRUE	3	1	2	1
1	96533761	A	TRUE	3	1	2	1
1	96624192	A	TRUE	3	1	2	1
1	96629583	A	TRUE	3	1	2	1
1	96700407	A	TRUE	1	0.779443234162084	2	1
1	96707066	A	TRUE	1	0.779443234162084	2	1
1	96718618	A	TRUE	3	1	2	1
1	96849764	A	TRUE	3	1	2	1
1	96860825	A	TRUE	1	0.779443234162084	2	1
1	96875212	A	TRUE	3	1	2	1
1	96895737	A	TRUE	1	0.779443234162084	2	1
1	96926860	A	TRUE	3	1	2	1
1	96949699	A	TRUE	3	1	2	1
1	96970746	A	TRUE	3	1	2	1
1	96983108	A	TRUE	3	1	2	1
1	96985542	A	TRUE	3	1	2	1
1	96988302	A	TRUE	3	1	2	1
1	97036429	A	TRUE	1	0.779443234162084	2	1
1	97041820	A	TRUE	1	0.779443234162084	2	1
1	97058080	A	TRUE	1	0.779443234162084	2	1
1	97107133	A	TRUE	3	1	2	1
1	97120570	A	TRUE	3	1	2	1
1	97145529	A	TRUE	1	0.779443234162084	2	1
1	97155546	A	TRUE	3	1	2	1
1	97182604	A	TRUE	3	1	2	1
1	97290565	A	TRUE	3	1	2	1
1	97331781	A	TRUE	3	1	2	1
1	97403881	A	TRUE	3	1	2	1
1	97415875	A	TRUE	3	1	2	1
1	97496303	A	TRUE	3	1	2	1
1	97502798	A	TRUE	3	1	2	1
1	97533876	A	TRUE	3	1	2	1
1	97537487	A	TRUE	1	0.779443234162084	2	1
1	97548076	A	TRUE	3	1	2	1
1	97551630	A	TRUE	3	1	2	1
1	97568738	A	TRUE	3	1	2	1
1	97596369	A	TRUE	3	1	2	1
1	97597236	A	TRUE	3	1	2	1
1	97607394	A	TRUE	3	1	2	1
1	97638509	A	TRUE	1	0.779443234162084	2	1
1	97640874	A	TRUE	3	1	2	1
1	97651487	A	TRUE	3	1	2	1
1	97666594	A	TRUE	1	0.779443234162084	2	1
1	97708727	A	TRUE	1	0.779443234162084	2	1
1	97739508	A	TRUE	3	1	2	1
1	97753680	A	TRUE	1	0.779443234162084	2	1
1	97755319	A	TRUE	1	0.779443234162084	2	1
1	97784179	A	TRUE	1	0.779443234162084	2	1
1	97821387	A	TRUE	1	0.779443234162084	2	1
1	97842126	A	TRUE	3	1	2	1
1	97856688	A	TRUE	3	1	2	1
1	97865696	A	TRUE	3	1	2	1
1	97867462	A	TRUE	3	1	2	1
1	97882321	A	TRUE	3	1	2	1
1	97930114	A	TRUE	1	0.779443234162084	2	1
1	97954947	A	TRUE	1	0.779443234162084	2	1
1	97984808	A	TRUE	3	1	2	1
1	98062594	A	TRUE	3	1	2	1
1	98084019	A	TRUE	1	0.779443234162084	2	1
1	98094321	A	TRUE	3	1	2	1
1	98109211	A	TRUE	3	1	2	1
1	98159983	A	TRUE	1	0.779443234162084	2	1
1	98205921	A	TRUE	3	1	2	1
1	98207552	A	TRUE	3	1	2	1
1	98220511	A	TRUE	3	1	2	1
1	98222489	A	TRUE	3	1	2	1
1	98261661	A	TRUE	1	0.779443234162084	2	1
1	98276496	A	TRUE	3	1	2	1
1	98352267	A	TRUE	3	1	2	1
1	98370896	A	TRUE	3	1	2	1
1	98392518	A	TRUE	3	1	2	1
1	98459125	A	TRUE	1	0.779443234162084	2	1
1	98462115	A	TRUE	3	1	2	1
1	98481211	A	TRUE	3	1	2	1
1	98511653	A	TRUE	3	1	2	1
1	98538598	A	TRUE	3	1	2	1
1	98548851	A	TRUE	3	1	2	1
1	98566350	A	TRUE	1	0.779443234162084	2	1
1	98571954	A	TRUE	3	1	2	1
1	98581539	A	TRUE	3	1	2	1
1	98610940	A	TRUE	1	0.779443234162084	2	1
1	98692709	A	TRUE	3	1	2	1
1	98708167	A	TRUE	3	1	2	1
1	98732827	A	TRUE	3	1	2	1
1	98739950	A	TRUE	3	1	2	1
1	98766669	A	TRUE	3	1	2	1
1	98921323	A	TRUE	3	1	2	1
1	98979259	A	TRUE	3	1	2	1
1	98981972	A	TRUE	3	1	2	1
1	99001142	A	TRUE	1	0.779443234162084	2	1
1	99089356	A	TRUE	3	1	2	1
1	99108288	A	TRUE	1	0.779443234162084	2	1
1	99147913	A	TRUE	3	1	2	1
1	99159321	A	TRUE	3	1	2	1
1	99215288	A	TRUE	3	1	2	1
1	99286902	A	TRUE	1	0.779443234162084	2	1
1	99301639	A	TRUE	3	1	2	1
1	99313010	A	TRUE	3	1	2	1
1	99320525	A	TRUE	3	1	2	1
1	99335404	A	TRUE	1	0.779443234162084	2	1
1	99352232	A	TRUE	3	1	2	1
1	99370644	A	TRUE	3	1	2	1
1	99452364	A	TRUE	3	1	2	1
1	99501120	A	TRUE	1	0.779443234162084	2	1
1	99516139	A	TRUE	3	1	2	1
1	99553948	A	TRUE	3	1	2	1
1	99556171	A	TRUE	3	1	2	1
1	99564221	A	TRUE	1	0.779443234162084	2	1
1	99571314	A	TRUE	3	1	2	1
1	99576874	A	TRUE	1	0.779443234162084	2	1
1	99637053	A	TRUE	3	1	2	1
1	99657463	A	TRUE	3	1	2	1
1	99680131	A	TRUE	3	1	2	1
1	99718467	A	TRUE	3	1	2	1
1	99750970	A	TRUE	3	1	2	1
1	99791720	A	TRUE	3	1	2	1
1	99820817	A	TRUE	3	1	2	1
1	99914332	A	TRUE	1	0.779443234162084	2	1
1	99972627	A	TRUE	1	0.779443234162084	2	1
1	99972804	A	TRUE	3	1	2	1
