chr	pos	most_likely_assignment	average_proportion
1	7185	1	0.0325805001210528
1	173711	1	0.225950579009757
1	188651	1	0.0671670182962681
1	208727	1	0.0958485211732759
1	268172	2	0.236805655060419
1	276366	1	0.0435853013586213
1	320072	2	0.48726667808303
1	421659	1	0.109439429399309
1	447408	1	0.198595787362086
1	461955	2	0.618035925959697
1	468144	1	0.134767940184189
1	479769	1	0.189043320437503
1	489613	1	0.0891766207714051
1	492849	1	0.0587824078295493
1	509860	1	0.180359259596973
1	574802	2	0.349926973904169
1	586552	2	0.255175783761541
1	615357	1	0.137948729910662
1	619714	1	0.103573879533337
1	641213	1	0.165162153126045
1	657572	2	0.35621149161771
1	715566	1	0.126037687530677
1	841982	1	0.238716148445336
1	872694	1	0.0935186511916702
1	873480	1	0.0736927764425351
1	887318	1	0.173960477925003
1	901138	1	0.126037687530677
1	905846	2	0.48726667808303
1	905873	1	0.111542173690884
1	906777	1	0.131728518890003
1	910717	1	0.0298355383611151
1	948074	2	0.2905382815112
1	998014	1	0.198595787362086
1	1048952	1	0.160644094445499
1	1096194	1	0.0606820461384152
1	1117692	1	0.0425721609272261
1	1242477	1	0.0358433791941863
1	1274873	1	0.103573879533337
1	1285981	2	0.37120664318537
1	1355634	2	0.362724537248108
1	1364653	1	0.0457563165687539
1	1371186	1	0.155328731291915
1	1378195	1	0.0457563165687539
1	1381558	1	0.229457603579971
1	1386845	1	0.128821246347739
1	1431311	2	0.629518184182176
1	1442935	1	0.15230306303526
1	1620651	1	0.165162153126045
1	1631215	2	0.27154189842254
1	1777564	2	0.563793945940385
1	1778971	1	0.170926572821914
1	1881968	2	0.295181841821762
1	1945295	1	0.100866702672119
1	1965002	2	0.340484869241872
1	1968673	1	0.0935186511916702
1	1987931	1	0.0397860247408893
1	2032601	2	0.2905382815112
1	2082475	1	0.0397860247408893
1	2092808	2	0.25964851074964
1	2239684	2	0.296762628310463
1	2251914	1	0.0912971472557207
1	2271951	2	0.634048486924187
1	2295880	1	0.184600312565604
1	2348722	1	0.193703060400714
1	2350583	1	0.0736927764425351
1	2366575	1	0.0416030700798046
1	2452819	2	0.354619413796946
1	2462555	2	0.265463055834169
1	2551163	1	0.190880333307615
1	2679134	1	0.143886204066746
1	2696543	1	0.123370110330993
1	2746107	2	0.255175783761541
1	2766757	2	0.337997041973378
1	2829326	1	0.198595787362086
1	2903919	1	0.079872269870837
1	2976405	1	0.111542173690884
1	3036216	2	0.317133217835324
1	3134500	1	0.0481444332998997
1	3187414	1	0.0935186511916702
1	3238014	1	0.0958485211732759
1	3248076	2	0.284567989683336
1	3251347	1	0.134767940184189
1	3285754	2	0.332330324306252
1	3321680	1	0.136340054646699
1	3659567	2	0.254081393115517
1	3701386	2	0.415914409896356
1	3758454	1	0.141280985814587
1	3762543	1	0.0381143430290873
1	3821990	2	0.32329420694516
1	3833500	2	0.332330324306252
1	3844649	1	0.123370110330993
1	4008319	2	0.303257598883607
1	4080828	2	0.37120664318537
1	4132513	2	0.25964851074964
1	4156881	1	0.113725792762904
1	4159568	1	0.127414501569224
1	4223937	1	0.0935186511916702
1	4233170	2	0.296762628310463
1	4298202	1	0.113725792762904
1	4313450	1	0.220884876852781
1	4351945	1	0.165162153126045
1	4360847	2	0.261943725914586
1	4405634	2	0.255175783761541
1	4416535	2	0.653020285345833
1	4451011	2	0.362724537248108
1	4465594	1	0.120811413833337
1	4487503	1	0.198595787362086
1	4488232	1	0.0494303423089782
1	4495061	2	0.261943725914586
1	4510356	1	0.0469212515595567
1	4512768	1	0.118355065195587
1	4750709	1	0.078234704112337
1	4758767	2	0.314733674708336
1	4758855	2	0.532932129722501
1	4828735	1	0.193703060400714
1	4838248	1	0.079872269870837
1	4844197	2	0.198595787362086
1	4871857	2	0.399197592778335
1	4880965	1	0.0397860247408893
1	4892275	2	0.348251102513891
1	4899053	1	0.0446455646007791
1	4957218	1	0.119570833713261
1	4966077	2	0.265463055834169
1	4987621	1	0.131728518890003
1	5081317	1	0.184600312565604
1	5150773	1	0.190880333307615
1	5174728	1	0.134767940184189
1	5207999	1	0.0406752171407841
1	5218987	1	0.165162153126045
1	5229325	2	0.33944386350541
1	5280698	1	0.0406752171407841
1	5288189	1	0.0522106861123912
1	5293820	2	0.332330324306252
1	5307804	2	0.220884876852781
1	5368990	1	0.202689701758336
1	5388175	1	0.103573879533337
1	5392091	1	0.0373276692823569
1	5447524	1	0.184600312565604
1	5473568	1	0.131728518890003
1	5482576	1	0.165162153126045
1	5494492	1	0.1465879118838
1	5501971	2	0.248746238716148
1	5633747	1	0.194662418628434
1	5642515	1	0.194662418628434
1	5685841	1	0.0569945129506166
1	5750021	1	0.244347076316669
1	5763423	1	0.0469212515595567
1	5764990	1	0.0537167056725733
1	5830887	1	0.15230306303526
1	5833461	1	0.165162153126045
1	5837949	1	0.202689701758336
1	5875531	1	0.0522106861123912
1	5910489	1	0.180359259596973
1	5947813	1	0.137948729910662
1	5980358	1	0.0494303423089782
1	5989468	1	0.131728518890003
1	6053771	1	0.0553087834933371
1	6067397	2	0.648594431944482
1	6097076	1	0.0815780675359412
1	6139143	1	0.0683805803375037
1	6145637	1	0.103573879533337
1	6162521	1	0.106427390278945
1	6226611	1	0.0406752171407841
1	6252325	1	0.0425721609272261
1	6286769	2	0.540161023611375
1	6327907	2	0.390475775151542
1	6370114	1	0.187240968187582
1	6476371	2	0.354619413796946
1	6483134	1	0.0833564523357306
1	6596416	2	0.262939762684279
1	6614498	1	0.134767940184189
1	6616975	1	0.168718922725624
1	6647517	2	0.32329420694516
1	6663483	2	0.314733674708336
1	6719359	1	0.21140015792057
1	6727671	2	0.43066454264755
1	6729159	1	0.0469212515595567
1	6746253	1	0.106427390278945
1	6748092	2	0.2905382815112
1	6749092	2	0.310041234815558
1	6750404	1	0.193703060400714
1	6751220	1	0.0373276692823569
1	6827875	1	0.131728518890003
1	6845232	1	0.0344670374760646
1	6881709	1	0.105459234847399
1	6927616	1	0.131728518890003
1	7009479	2	0.884374052389727
1	7028644	2	0.499498495486459
1	7054758	1	0.0852121582137718
1	7062932	2	0.303257598883607
1	7072052	1	0.0469212515595567
1	7078509	1	0.113725792762904
1	7115024	1	0.148445336008024
1	7131287	1	0.0912971472557207
1	7141713	2	0.301936111364396
1	7257626	2	0.464509808495253
1	7316487	2	0.268034873852326
1	7363246	1	0.107413148536519
1	7364316	1	0.137948729910662
1	7397317	1	0.0446455646007791
1	7452064	2	0.341882791230835
1	7452268	1	0.131728518890003
1	7469032	1	0.0397860247408893
1	7523845	1	0.137948729910662
1	7529294	1	0.148445336008024
1	7567721	1	0.0982948846539619
1	7655061	2	0.46999822998407
1	7675756	2	0.298896690070211
1	7744738	1	0.169938386588336
1	7750837	1	0.106427390278945
1	7755553	1	0.109439429399309
1	7828773	2	0.345189414397037
1	7843501	1	0.0435853013586213
1	7849472	1	0.180359259596973
1	7872070	2	0.449348044132397
1	7897292	1	0.113725792762904
1	7909613	1	0.158475426278837
1	7946402	1	0.0871503399086147
1	7974065	1	0.0891766207714051
1	7987264	2	0.399197592778335
1	8003232	1	0.106427390278945
1	8100184	1	0.0766613566188762
1	8107177	1	0.184600312565604
1	8125976	2	0.273329793301473
1	8141364	1	0.202689701758336
1	8194396	2	0.277903477875487
1	8213587	1	0.101753536471483
1	8216904	1	0.0815780675359412
1	8221175	1	0.0481444332998997
1	8221420	2	0.277903477875487
1	8250044	1	0.100866702672119
1	8304408	2	0.300789159932628
1	8380934	1	0.143886204066746
1	8434375	1	0.103573879533337
1	8478686	1	0.168718922725624
1	8511894	1	0.176306697871392
1	8513412	1	0.036571252218193
1	8524189	1	0.079872269870837
1	8585615	1	0.161750557795836
1	8601167	2	0.773046411963162
1	8642307	2	0.300789159932628
1	8662132	1	0.120811413833337
1	8679181	2	0.345189414397037
1	8680028	2	0.408315856660892
1	8716581	1	0.225950579009757
1	8736961	1	0.156363828327087
1	8746635	1	0.189043320437503
1	8773282	2	0.513827195873334
1	8794405	2	0.291557599628153
1	8800858	1	0.161750557795836
1	8801763	2	0.236805655060419
1	8813329	1	0.0425721609272261
1	8832129	1	0.0397860247408893
1	8844294	2	0.303257598883607
1	8853404	2	0.43833940846931
1	8914251	1	0.0537167056725733
1	8926440	2	0.536193947696749
1	8975212	1	0.202689701758336
1	9023832	1	0.143886204066746
1	9060539	1	0.0852121582137718
1	9178357	1	0.128821246347739
1	9205386	1	0.137948729910662
1	9228588	1	0.0435853013586213
1	9317851	2	0.268034873852326
1	9324353	1	0.193703060400714
1	9346304	1	0.176306697871392
1	9353497	1	0.0815780675359412
1	9393916	1	0.176306697871392
1	9394663	1	0.216039422615673
1	9500931	1	0.0709400930062916
1	9513914	1	0.0871503399086147
1	9562643	2	0.410997698979291
1	9569451	1	0.21140015792057
1	9609293	1	0.209153777120836
1	9632603	1	0.128821246347739
1	9689154	2	0.48726667808303
1	9742392	1	0.233996105964954
1	9829223	2	0.610943942939931
1	9883419	2	0.638212509870036
1	9910753	2	0.638212509870036
1	9961096	2	0.248746238716148
1	9985895	2	0.457706452691408
1	10063958	2	0.585121217310468
1	10084331	2	0.43066454264755
1	10089836	2	0.449348044132397
1	10126443	2	0.242630330014434
1	10215130	2	0.42351296313182
1	10291928	2	0.443775771759724
1	10301585	2	0.548665604657109
1	10414055	2	0.545089814899243
1	10586640	1	0.193703060400714
1	10588848	2	0.284567989683336
1	10594087	2	0.549648946840522
1	10601614	2	0.488353950741112
1	10637708	2	0.536193947696749
1	10745606	2	0.443775771759724
1	10823875	2	0.362724537248108
1	10832050	2	0.366446277608335
1	11164816	2	0.340484869241872
1	11194947	2	0.525893469883334
1	11201439	2	0.448324565533335
1	11323546	2	0.666666666666667
1	11400020	2	0.68662704531505
1	11470769	2	0.351997167974512
1	11514336	2	0.414337351677675
1	11515025	2	0.680040120361083
1	11524114	2	0.488353950741112
1	11536429	2	0.456512394325835
1	11560038	2	0.629518184182176
1	11603680	2	0.648594431944482
1	11614165	2	0.452186748926023
1	11619185	2	0.389412138855591
1	11660826	2	0.578683418677084
1	11726543	2	0.648594431944482
1	11774003	1	0.193703060400714
1	11877545	2	0.366446277608335
1	11897313	2	0.608521215821377
1	11938319	2	0.666666666666667
1	11948654	2	0.473103521089585
1	11992722	2	0.455506871491668
1	12000205	2	0.407385421570835
1	12000254	2	0.289190151098457
1	12044674	1	0.0435853013586213
1	12048492	2	0.449348044132397
1	12069403	2	0.536193947696749
1	12081454	2	0.377510911111714
1	12090783	2	0.545089814899243
1	12092735	2	0.434084863285509
1	12123247	2	0.383766684669393
1	12130077	2	0.643999795998164
1	12154785	2	0.499498495486459
1	12186828	2	0.467487569090249
1	12218182	2	0.56491212768741
1	12257439	2	0.25964851074964
1	12307525	2	0.499498495486459
1	12313683	2	0.499498495486459
1	12358222	2	0.306612144124682
1	12437648	2	0.622088487685278
1	12484450	2	0.390475775151542
1	12616614	2	0.460921225214104
1	12620773	2	0.697767721769961
1	12628671	2	0.479438314944834
1	12639081	2	0.243628845720836
1	12639260	2	0.833834837846874
1	12659909	2	0.475617328175001
1	12697708	2	0.56491212768741
1	12743789	2	0.682975756537906
1	12768224	2	0.434084863285509
1	12769476	2	0.571141997420834
1	12808547	2	0.587999291993628
1	12808670	2	0.585121217310468
1	12830316	2	0.392620484404032
1	12839325	2	0.57665303603117
1	12855751	2	0.46999822998407
1	12867703	2	0.284567989683336
1	12887027	2	0.296762628310463
1	12894117	2	0.577510308703889
1	12961733	2	0.489263709495834
1	13049579	2	0.612081141383334
1	13059737	2	0.65111613911502
1	13075913	2	0.43999795998164
1	13237185	2	0.634048486924187
1	13242521	2	0.521303039553443
1	13261366	1	0.21140015792057
1	13265521	2	0.545089814899243
1	13293951	2	0.511161391150195
1	13302823	2	0.499498495486459
1	13305856	2	0.453907176073676
1	13324217	2	0.332330324306252
1	13325933	2	0.278836509528586
1	13338927	2	0.666666666666667
1	13353647	2	0.615230306303526
1	13353969	2	0.681863773137594
1	13364794	2	0.511161391150195
1	13395737	2	0.409484864850963
1	13395796	2	0.362724537248108
1	13465484	2	0.390475775151542
1	13484205	1	0.238716148445336
1	13500247	2	0.434084863285509
1	13523868	2	0.43833940846931
1	13526034	2	0.449348044132397
1	13553828	2	0.399197592778335
1	13584202	2	0.687562688064193
1	13584372	2	0.540161023611375
1	13587121	2	0.332330324306252
1	13607748	2	0.61890433204375
1	13614096	2	0.720160481444333
1	13619167	2	0.711244845648055
1	13634998	2	0.532932129722501
1	13676718	2	0.332330324306252
1	13722701	2	0.555221219213195
1	13819284	2	0.653020285345833
1	13823662	2	0.681863773137594
1	13828331	2	0.374122367101304
1	13838594	2	0.680893745064982
1	13839517	2	0.427854993552085
1	13859146	2	0.390475775151542
1	13890993	2	0.374122367101304
1	13911655	2	0.552850039480143
1	13950456	2	0.523379662797918
1	13984890	2	0.408315856660892
1	13987838	2	0.27154189842254
1	14061880	2	0.524162651890097
1	14155682	2	0.571141997420834
1	14223288	2	0.374122367101304
1	14239910	2	0.557812973805136
1	14296381	2	0.563793945940385
1	14296569	2	0.380092658929168
1	14306095	2	0.692384846848237
1	14323577	2	0.314733674708336
1	14359926	2	0.837722469734786
1	14367592	2	0.467487569090249
1	14446735	2	0.980533437045831
1	14475365	2	0.35621149161771
1	14596199	2	0.727455092550378
1	14698189	2	0.523379662797918
1	14704549	2	0.65111613911502
1	14705462	2	0.399197592778335
1	14770953	2	0.714429001289583
1	14784482	2	0.638212509870036
1	14830229	2	0.727455092550378
1	14915398	2	0.377510911111714
1	14966312	2	0.472143703838789
1	14969063	2	0.325507133645836
1	15011686	2	0.530202853458334
1	15051158	1	0.176306697871392
1	15069827	2	0.284567989683336
1	15076294	2	0.33944386350541
1	15103564	2	0.46999822998407
1	15132942	2	0.585964790924498
1	15146878	1	0.229457603579971
1	15192948	2	0.682975756537906
1	15247629	2	0.555221219213195
1	15275037	2	0.340484869241872
1	15285068	2	0.88955756157361
1	15327157	2	0.541290538281511
1	15416871	2	0.60999948999541
1	15472528	2	0.666666666666667
1	15497519	2	0.612081141383334
1	15498609	2	0.631473367470833
1	15536543	2	0.265463055834169
1	15589851	2	0.236805655060419
1	15632111	2	0.612081141383334
1	15639654	2	0.652130303955344
1	15658897	2	0.530202853458334
1	15669649	2	0.33944386350541
1	15686643	2	0.479438314944834
1	15739227	2	0.420313572295835
1	15762512	2	0.615230306303526
1	15765636	2	0.800401203610833
1	15794123	2	0.32329420694516
1	15809430	2	0.527885543422721
1	15813094	2	0.833834837846874
1	15823578	2	0.351997167974512
1	15857429	2	0.48726667808303
1	15897141	2	0.464509808495253
1	15920136	2	0.499498495486459
1	15926018	2	0.362724537248108
1	15995216	2	0.390475775151542
1	16006581	2	0.57665303603117
1	16052988	2	0.622088487685278
1	16112175	2	0.399197592778335
1	16136127	2	0.595531274675089
1	16147242	2	0.562186559679037
1	16225910	2	0.499498495486459
1	16245603	2	0.243628845720836
1	16266575	2	0.549648946840522
1	16292833	2	0.545089814899243
1	16337830	2	0.417858225840312
1	16345662	2	0.367523623502085
1	16350607	2	0.417858225840312
1	16369900	2	0.390475775151542
1	16387045	2	0.536193947696749
1	16421207	2	0.464509808495253
1	16444007	2	0.532932129722501
1	16524604	2	0.541290538281511
1	16530977	2	0.443775771759724
1	16543856	2	0.467487569090249
1	16591373	2	0.431727615278267
1	16596174	2	0.541290538281511
1	16632939	2	0.261943725914586
1	16671161	2	0.332330324306252
1	16682133	2	0.766256215454875
1	16719437	2	1.00100300902708
1	16731123	2	0.25964851074964
1	16837201	2	0.296762628310463
1	16850858	2	0.383766684669393
1	16877818	2	0.457706452691408
1	16883301	2	0.530202853458334
1	16909116	2	0.377510911111714
1	16913700	2	0.472143703838789
1	16983839	2	0.56491212768741
1	17083149	2	0.318956870611835
1	17095529	2	0.743086402063333
1	17137871	2	0.548665604657109
1	17175288	2	0.666666666666667
1	17191219	2	0.519558676028084
1	17202529	2	0.301936111364396
1	17206230	2	0.599799398194584
1	17213200	2	0.599799398194584
1	17217061	2	0.612741450156922
1	17222937	2	0.467487569090249
1	17228093	2	0.443775771759724
1	17277108	2	0.739348480223278
1	17314659	2	0.358048504487822
1	17339704	2	0.509331917320589
1	17386311	2	0.620551309099713
1	17395069	2	0.399197592778335
1	17424985	2	0.420313572295835
1	17443490	2	0.636272453724811
1	17508837	2	0.552850039480143
1	17526775	2	0.631473367470833
1	17537394	2	0.383766684669393
1	17586761	2	0.57665303603117
1	17607320	2	0.608521215821377
1	17622087	2	0.528998760988849
1	17631784	2	0.666666666666667
1	17638705	2	0.697767721769961
1	17848103	2	0.417858225840312
1	17900248	2	0.666666666666667
1	17954405	2	0.541998877989902
1	17972048	2	0.431727615278267
1	17984622	2	0.332330324306252
1	18062792	2	0.541290538281511
1	18085234	2	0.540161023611375
1	18088679	2	0.261943725914586
1	18090409	2	0.417858225840312
1	18140845	2	0.666666666666667
1	18144476	2	0.800401203610833
1	18149306	2	0.341882791230835
1	18150841	2	0.857716005158332
1	18216492	2	0.408315856660892
1	18220964	2	0.42351296313182
1	18224933	2	0.523379662797918
1	18225805	2	0.399197592778335
1	18239832	2	0.477693951419476
1	18253376	2	0.477693951419476
1	18299008	1	0.172430334481706
1	18335984	2	0.902668790685783
1	18372165	2	0.706000354003186
1	18377081	2	0.905478339781248
1	18395513	2	0.488353950741112
1	18404527	2	0.340484869241872
1	18454994	2	0.490036146174372
1	18463087	2	0.599799398194584
1	18471705	2	0.499498495486459
1	18517367	2	0.590681134312027
1	18543232	2	0.265463055834169
1	18620572	2	0.624874623871615
1	18632093	1	0.216039422615673
1	18675104	2	0.46999822998407
1	18717456	2	0.242630330014434
1	18728834	2	0.634048486924187
1	18875872	2	0.540161023611375
1	18880342	2	0.349047141424273
1	18900201	2	0.697767721769961
1	18905846	2	0.615230306303526
1	18957237	2	0.443775771759724
1	18978262	2	0.509331917320589
1	19038223	2	0.345189414397037
1	19068967	2	0.577510308703889
1	19115088	2	0.460921225214104
1	19132630	2	0.499498495486459
1	19358868	2	0.325507133645836
1	19383022	2	0.346866687017574
1	19386854	2	0.590681134312027
1	19398034	2	0.666666666666667
1	19402483	2	0.351997167974512
1	19429445	2	0.585964790924498
1	19465110	2	0.648594431944482
1	19721358	2	0.317133217835324
1	19806574	2	0.343859163697991
1	19841732	2	0.587999291993628
1	19846904	2	0.385120273100002
1	19875411	2	0.499498495486459
1	19887713	2	0.464509808495253
1	19901686	2	0.48726667808303
1	19917390	2	0.551378272749282
1	19926280	2	0.296762628310463
1	19955257	2	0.909820370201514
1	20033850	2	0.73353393513875
1	20096913	2	0.599799398194584
1	20115819	2	0.483320930533536
1	20236313	2	0.407385421570835
1	20243580	2	0.46999822998407
1	20248328	2	0.603584337919419
1	20375802	2	0.480924254244214
1	20385760	2	0.477693951419476
1	20389107	2	0.595531274675089
1	20417562	2	0.695739392089311
1	20481229	2	0.608521215821377
1	20492531	2	1.08822118529502
1	20534533	2	0.48726667808303
1	20569087	2	0.351997167974512
1	20573802	2	0.33944386350541
1	20576472	2	0.410997698979291
1	20631925	2	0.809953670535416
1	20685221	2	0.405997653978886
1	20698580	2	0.414337351677675
1	20746925	2	0.415914409896356
1	20757245	2	0.499498495486459
1	20760651	1	0.220884876852781
1	20761532	2	0.578683418677084
1	20793594	2	0.692384846848237
1	20816812	2	0.634048486924187
1	20817051	2	0.578683418677084
1	20841173	2	0.604464556460078
1	20853861	2	0.460921225214104
1	20923401	2	0.702811136111036
1	20967790	2	0.278836509528586
1	20996959	2	0.590681134312027
1	20999663	2	0.666666666666667
1	21004054	2	0.349047141424273
1	21106113	2	0.65111613911502
1	21164129	2	0.545089814899243
1	21176509	2	0.720160481444333
1	21213549	2	0.800401203610833
1	21230991	2	0.75025075225677
1	21231024	2	0.666666666666667
1	21234767	2	0.443775771759724
1	21290750	2	0.460921225214104
1	21303446	2	0.477693951419476
1	21326552	2	0.366446277608335
1	21342591	2	0.622088487685278
1	21394824	2	0.618035925959697
1	21464019	2	0.666666666666667
1	21506466	2	0.443775771759724
1	21538542	2	0.821894254191145
1	21547792	2	0.37120664318537
1	21570374	2	0.604464556460078
1	21580429	2	0.555221219213195
1	21715651	1	0.0999948999540996
1	21761141	2	0.844979382592221
1	21783330	2	0.56573494067107
1	21844985	2	0.682975756537906
1	21996912	2	0.332330324306252
1	22009553	2	0.608521215821377
1	22020350	2	0.599799398194584
1	22026021	2	0.782957568357246
1	22034281	2	0.578683418677084
1	22103461	2	0.532932129722501
1	22186974	2	0.521303039553443
1	22366415	2	0.475617328175001
1	22374240	2	0.510168804285196
1	22383733	2	0.422343954941748
1	22399390	2	0.417858225840312
1	22408980	2	0.499498495486459
1	22488608	2	0.374122367101304
1	22494891	2	0.439317953861585
1	22503706	2	0.499498495486459
1	22526851	2	0.460921225214104
1	22543973	2	0.545089814899243
1	22605102	2	0.490700170687501
1	22617183	2	0.354619413796946
1	22700811	2	0.409484864850963
1	22777534	2	0.599799398194584
1	22779355	2	0.555221219213195
1	22790025	2	0.532932129722501
1	22814395	2	0.303257598883607
1	22828857	2	0.622088487685278
1	22907529	2	0.443775771759724
1	22914966	2	0.56491212768741
1	22935679	2	0.56491212768741
1	22949080	2	0.243628845720836
1	23013874	2	0.577510308703889
1	23043571	2	0.485944319444821
1	23067071	2	0.583082581076563
1	23112393	2	0.43833940846931
1	23112855	2	0.42351296313182
1	23120816	2	0.594377727777928
1	23178922	2	0.636272453724811
1	23202614	2	0.479438314944834
1	23265800	2	0.351997167974512
1	23310670	2	0.25964851074964
1	23394687	2	0.514695601957387
1	23400031	2	0.507998571987148
1	23506322	2	0.399197592778335
1	23511956	2	0.479438314944834
1	23512040	2	0.628456798968334
1	23527864	2	0.700100300902708
1	23544463	2	0.377510911111714
1	23564251	2	0.723574980259929
1	23625067	2	0.527885543422721
1	23658320	2	0.427854993552085
1	23672286	2	0.46999822998407
1	23707823	2	0.666666666666667
1	23791250	2	0.97767721769961
1	23812996	2	0.555221219213195
1	23829151	2	0.37120664318537
1	23971123	2	0.292996636969733
1	24008104	2	0.43833940846931
1	24040494	2	0.499498495486459
1	24060982	2	0.540161023611375
1	24101229	2	0.413032200048421
1	24124109	2	0.762191335912499
1	24145940	2	0.475617328175001
1	24264454	2	0.479438314944834
1	24286147	2	0.518072736728705
1	24351646	2	0.599799398194584
1	24374306	2	0.641433735167767
1	24388346	2	0.9267060440581
1	24449002	2	0.317133217835324
1	24481431	2	0.679283132416116
1	24556349	2	0.577510308703889
1	24557468	2	0.599799398194584
1	24607997	2	0.460921225214104
1	24609661	2	0.75025075225677
1	24622604	2	0.909820370201514
1	24658773	2	0.56491212768741
1	24700578	2	0.346866687017574
1	24718066	2	0.530202853458334
1	24781664	2	0.557812973805136
1	24833429	2	0.690982037020151
1	24840292	2	0.424806333895303
1	24899714	2	0.610943942939931
1	24963204	2	0.409484864850963
1	25036494	2	0.380092658929168
1	25071318	2	0.417858225840312
1	25072608	2	0.580386320251076
1	25079029	2	0.284567989683336
1	25135350	2	0.545089814899243
1	25165468	2	0.48726667808303
1	25234866	2	0.666666666666667
1	25291328	2	0.303257598883607
1	25314041	2	0.448324565533335
1	25385138	2	0.571141997420834
1	25388593	2	0.513827195873334
1	25421443	2	0.624874623871615
1	25423926	2	0.399197592778335
1	25505544	2	0.545089814899243
1	25533876	2	0.523379662797918
1	25564948	2	0.238716148445336
1	25574052	2	0.427854993552085
1	25604400	2	0.499498495486459
1	25610634	2	0.509331917320589
1	25623672	2	0.65111613911502
1	25691118	2	0.388053048032988
1	25755234	2	0.406627289275233
1	25779742	2	0.615230306303526
1	25822819	2	0.409484864850963
1	25823605	2	0.684263316264583
1	25851885	1	0.172430334481706
1	25876073	2	0.57665303603117
1	25905918	2	0.636272453724811
1	25923711	2	0.449348044132397
1	26064335	2	0.563793945940385
1	26095368	2	0.456512394325835
1	26156450	2	0.427854993552085
1	26179329	1	0.214860798612052
1	26196160	2	0.624874623871615
1	26238772	2	0.382125098700356
1	26254002	2	0.453907176073676
1	26261749	2	0.332330324306252
1	26277107	2	0.599799398194584
1	26351945	2	0.599799398194584
1	26354574	2	0.744419304424903
1	26417527	2	0.475617328175001
1	26437653	2	0.536193947696749
1	26509261	2	0.424806333895303
1	26516318	2	0.548665604657109
1	26527952	2	0.755823024629444
1	26536066	2	0.634048486924187
1	26540032	2	0.739348480223278
1	26552824	2	0.43833940846931
1	26555483	2	0.525893469883334
1	26599512	2	0.475617328175001
1	26622231	2	0.545089814899243
1	26679576	2	0.306612144124682
1	26707407	2	0.489263709495834
1	26719331	2	0.367523623502085
1	26779942	2	0.406627289275233
1	26838513	2	0.702811136111036
1	26882197	2	0.473103521089585
1	26931067	2	0.399197592778335
1	26943251	2	0.415914409896356
1	26984685	2	0.399197592778335
1	26993817	2	0.628456798968334
1	27045057	2	0.306612144124682
1	27082283	2	0.390475775151542
1	27097465	2	0.666666666666667
1	27123357	2	0.594377727777928
1	27218442	2	0.424806333895303
1	27233809	2	0.631473367470833
1	27253118	2	0.475617328175001
1	27272540	2	0.571141997420834
1	27273316	2	0.409484864850963
1	27282656	2	0.464509808495253
1	27292415	2	0.818637731375946
1	27319723	2	0.56573494067107
1	27327756	2	0.499498495486459
1	27351456	2	0.653807576575882
1	27355831	2	0.499498495486459
1	27372123	2	0.382125098700356
1	27409076	2	0.434084863285509
1	27414899	1	0.21140015792057
1	27445419	1	0.168718922725624
1	27468068	2	0.638212509870036
1	27536756	2	0.530202853458334
1	27571009	1	0.194662418628434
1	27626252	2	0.439317953861585
1	27633147	2	0.727455092550378
1	27638099	2	0.377510911111714
1	27735534	2	0.376487954429326
1	27784179	2	0.369478806790743
1	27854711	2	0.624874623871615
1	27872674	2	0.510168804285196
1	27905579	2	0.706000354003186
1	27930512	2	0.332330324306252
1	27937981	2	0.499498495486459
1	27948272	2	0.511161391150195
1	28001918	2	0.477693951419476
1	28037891	2	0.46999822998407
1	28076950	2	0.324555060530429
1	28142257	2	0.499498495486459
1	28180451	2	0.499498495486459
1	28202180	2	0.332330324306252
1	28247919	2	0.325507133645836
1	28290346	2	0.590681134312027
1	28422499	2	0.212924487748961
1	28487673	2	0.248746238716148
1	28491770	2	0.634048486924187
1	28643093	2	0.58156287042947
1	28687721	2	0.332330324306252
1	28719893	2	0.439317953861585
1	28751476	2	0.530202853458334
1	28811295	2	0.43066454264755
1	28811801	2	0.380092658929168
1	28845486	2	0.56491212768741
1	28880187	2	0.571141997420834
1	28979455	2	0.457706452691408
1	28985972	2	0.638212509870036
1	29001802	2	0.604464556460078
1	29011689	2	0.541290538281511
1	29049315	2	0.833834837846874
1	29051966	2	0.563793945940385
1	29127598	1	0.123370110330993
1	29129334	2	0.427854993552085
1	29188445	2	0.56573494067107
1	29263838	2	0.622819277504645
1	29307658	2	0.521303039553443
1	29340015	2	0.521303039553443
1	29356531	2	0.692384846848237
1	29367349	2	0.369478806790743
1	29381271	2	0.362724537248108
1	29394072	2	0.399197592778335
1	29428226	1	0.198595787362086
1	29435707	1	0.0494303423089782
1	29441616	2	0.479438314944834
1	29460854	2	0.548665604657109
1	29473930	2	0.457706452691408
1	29528597	2	0.406627289275233
1	29530631	2	0.697767721769961
1	29555880	2	0.332330324306252
1	29563443	2	0.374122367101304
1	29586669	2	0.638212509870036
1	29678151	2	0.525893469883334
1	29691508	2	0.687562688064193
1	29722555	2	0.75025075225677
1	29783453	2	0.555221219213195
1	29814631	2	0.682975756537906
1	29823179	2	0.417858225840312
1	29864719	2	0.265463055834169
1	29928546	2	0.318956870611835
1	29941170	2	0.578683418677084
1	30030679	2	0.408315856660892
1	30149102	2	0.463676744519272
1	30169055	2	0.386255540815996
1	30194356	2	0.435670648308562
1	30194775	2	0.291557599628153
1	30217338	2	0.532932129722501
1	30226633	2	0.549648946840522
1	30238385	2	0.467487569090249
1	30260049	2	0.499498495486459
1	30270306	2	0.555221219213195
1	30324152	2	0.499498495486459
1	30338227	2	0.422343954941748
1	30433979	2	0.490036146174372
1	30464496	2	0.714429001289583
1	30544569	2	0.248746238716148
1	30545680	2	0.703815149151157
1	30577799	2	0.475617328175001
1	30621706	2	0.443775771759724
1	30719051	2	0.693959429308333
1	30742509	2	0.37120664318537
1	30770315	2	0.599799398194584
1	30770940	2	0.578683418677084
1	30848266	2	0.559679037111334
1	30909684	2	0.485944319444821
1	30963561	2	0.711244845648055
1	30976266	2	0.666666666666667
1	30987346	2	0.359077231695085
1	30992474	2	0.545089814899243
1	31005377	2	0.532932129722501
1	31012870	2	0.490036146174372
1	31026130	2	0.488353950741112
1	31097735	2	0.975284828845511
1	31151036	2	0.382125098700356
1	31194002	2	0.530202853458334
1	31206989	2	0.634048486924187
1	31326403	2	0.269077502778606
1	31352920	2	0.399197592778335
1	31375115	2	0.563793945940385
1	31408821	2	0.604464556460078
1	31433945	2	0.362724537248108
1	31471677	2	0.773046411963162
1	31494492	2	0.475617328175001
1	31512253	2	0.248746238716148
1	31526307	2	0.507458884590279
1	31527224	2	0.420313572295835
1	31538189	2	0.549648946840522
1	31620547	2	0.595531274675089
1	31620604	2	0.464509808495253
1	31683668	2	0.443775771759724
1	31702707	2	0.652130303955344
1	31713050	2	0.562186559679037
1	31789818	2	0.399197592778335
1	31807804	2	0.340484869241872
1	31815398	2	0.399197592778335
1	32004260	2	0.545089814899243
1	32037948	2	0.511161391150195
1	32080055	2	0.530202853458334
1	32084066	2	0.435670648308562
1	32147684	2	0.383766684669393
1	32156831	2	0.622088487685278
1	32210659	2	0.427854993552085
1	32232968	2	0.422343954941748
1	32236383	1	0.193703060400714
1	32296340	2	0.75025075225677
1	32366700	2	0.508616759369016
1	32387827	2	0.791070887079844
1	32400432	2	0.510168804285196
1	32444051	2	0.643999795998164
1	32445726	2	0.61890433204375
1	32480898	2	0.374122367101304
1	32513687	2	0.603584337919419
1	32609729	2	0.727455092550378
1	32626957	2	0.648594431944482
1	32673913	2	0.557812973805136
1	32696609	2	0.532932129722501
1	32769032	2	0.453907176073676
1	32877114	2	0.43833940846931
1	32905654	2	0.57665303603117
1	32916944	2	0.75702784027759
1	32955368	2	0.525893469883334
1	33003873	2	0.545089814899243
1	33007490	2	0.261943725914586
1	33045365	2	0.590681134312027
1	33069832	2	0.43833940846931
1	33127959	2	0.606963748388021
1	33140147	2	0.435670648308562
1	33191925	2	0.460921225214104
1	33291630	2	0.298896690070211
1	33540246	2	0.578683418677084
1	33609815	2	0.306612144124682
1	33712819	2	0.566365763958542
1	33795872	2	0.695739392089311
1	33821185	2	0.43833940846931
1	33823363	1	0.160644094445499
1	33865269	2	0.354619413796946
1	33876588	2	0.714429001289583
1	33909053	2	0.499498495486459
1	33923898	2	0.571141997420834
1	33930011	2	0.332330324306252
1	33976475	2	0.415914409896356
1	33991497	2	0.48726667808303
1	34032940	2	0.362724537248108
1	34038862	2	0.2905382815112
1	34085357	2	0.706000354003186
1	34099174	2	0.254081393115517
1	34173731	2	0.578683418677084
1	34217956	2	0.303257598883607
1	34227920	2	0.714429001289583
1	34244230	2	0.298896690070211
1	34248971	2	0.340484869241872
1	34282151	2	0.608521215821377
1	34353218	2	0.409484864850963
1	34378125	2	0.727455092550378
1	34453434	2	0.407385421570835
1	34472123	2	0.521303039553443
1	34560872	2	0.499498495486459
1	34628225	2	0.450965800627689
1	34643560	2	0.479438314944834
1	34647601	2	0.571141997420834
1	34673217	2	0.37120664318537
1	34734221	2	0.695739392089311
1	34753144	2	0.46999822998407
1	34808879	2	0.33944386350541
1	34847883	2	0.399197592778335
1	34877447	2	0.374122367101304
1	34949249	2	0.563793945940385
1	34951675	2	0.291557599628153
1	34960325	2	0.809953670535416
1	34989270	2	0.548665604657109
1	34993820	2	0.561086769079167
1	35001709	2	0.745334041339705
1	35017262	2	0.624874623871615
1	35019140	2	0.608521215821377
1	35072750	2	0.532932129722501
1	35245275	2	0.730962117120593
1	35245637	2	0.318956870611835
1	35256075	2	0.317133217835324
1	35256545	2	0.590681134312027
1	35262793	2	0.800401203610833
1	35264985	2	0.399197592778335
1	35293714	2	0.310041234815558
1	35307926	2	0.499498495486459
1	35374259	2	0.332330324306252
1	35460647	2	0.359077231695085
1	35548295	2	0.700100300902708
1	35589026	2	0.265463055834169
1	35686520	2	0.332330324306252
1	35692812	2	0.427854993552085
1	35763874	2	0.33944386350541
1	35822418	2	0.399197592778335
1	35834557	2	0.762191335912499
1	35951117	2	0.649949849548646
1	35955497	2	0.666666666666667
1	36007054	2	0.909820370201514
1	36019389	2	0.523379662797918
1	36036277	2	0.43833940846931
1	36037842	2	0.389412138855591
1	36064946	2	0.739348480223278
1	36093618	2	0.599799398194584
1	36100508	2	0.399197592778335
1	36112856	2	0.648594431944482
1	36200353	1	0.165162153126045
1	36237482	2	0.466064861250418
1	36298096	2	0.58156287042947
1	36356458	2	0.369478806790743
1	36414416	2	0.571141997420834
1	36420959	2	0.43833940846931
1	36512711	2	0.499498495486459
1	36620340	2	0.276607600579516
1	36625591	2	0.448324565533335
1	36645796	2	0.354619413796946
1	36742194	2	0.296762628310463
1	36764340	2	0.519558676028084
1	36771618	2	0.473103521089585
1	36772361	2	0.431727615278267
1	36793123	2	0.578683418677084
1	36868708	2	0.424806333895303
1	36930037	2	0.703815149151157
1	37000535	2	0.43066454264755
1	37017042	2	0.354619413796946
1	37071465	2	0.479438314944834
1	37094628	2	0.636272453724811
1	37118395	2	0.808116657665304
1	37133097	2	0.56573494067107
1	37160211	2	0.666666666666667
1	37172098	2	0.37120664318537
1	37226411	2	0.424806333895303
1	37237394	2	0.545089814899243
1	37335354	2	0.427854993552085
1	37373461	2	0.450965800627689
1	37442044	2	0.610943942939931
1	37442061	2	0.706000354003186
1	37449839	2	0.453907176073676
1	37491065	2	0.92384846848237
1	37530323	2	0.467487569090249
1	37565694	2	0.325507133645836
1	37719980	2	0.646999822998407
1	37742568	2	0.666666666666667
1	37806776	2	0.458391568147064
1	37820931	2	0.608521215821377
1	37843969	2	0.314733674708336
1	37854610	2	0.37120664318537
1	37927274	2	0.306612144124682
1	37940500	2	0.439317953861585
1	37954440	2	0.434084863285509
1	37964527	2	1.15702663546194
1	37975689	2	0.583082581076563
1	38020213	2	0.46999822998407
1	38060478	2	0.376487954429326
1	38082416	1	0.198595787362086
1	38089767	2	0.499498495486459
1	38141873	2	0.25964851074964
1	38214261	2	0.608521215821377
1	38236765	2	0.351997167974512
1	38250200	2	0.604464556460078
1	38259353	2	0.477693951419476
1	38316510	2	0.578683418677084
1	38441728	2	0.934135740554998
1	38445051	2	0.33944386350541
1	38457883	2	0.405997653978886
1	38473398	2	0.457706452691408
1	38616719	2	0.760280842527583
1	38662733	2	0.475617328175001
1	38672411	2	0.358048504487822
1	38752322	2	0.646999822998407
1	38773706	2	0.903937619309542
1	38781153	2	0.562186559679037
1	38782335	2	0.409484864850963
1	38847433	2	0.599799398194584
1	38865672	2	0.389412138855591
1	38913264	2	0.727455092550378
1	38915023	2	0.443775771759724
1	38919201	2	0.634048486924187
1	38995653	2	0.577510308703889
1	39001151	2	0.523379662797918
1	39042286	2	0.37120664318537
1	39083883	2	0.380092658929168
1	39097107	2	0.711244845648055
1	39169510	2	0.255175783761541
1	39201820	2	0.516791754574067
1	39208619	2	0.284567989683336
1	39228868	2	0.762191335912499
1	39324893	2	0.37120664318537
1	39326467	2	0.499498495486459
1	39342522	2	0.695739392089311
1	39399538	2	0.346866687017574
1	39401380	1	0.220884876852781
1	39406811	2	0.499498495486459
1	39503995	2	0.358048504487822
1	39564401	2	0.561086769079167
1	39567481	2	0.649949849548646
1	39576991	2	0.585121217310468
1	39619004	2	0.610943942939931
1	39647080	2	0.408315856660892
1	39681716	2	0.338638557180977
1	39800343	2	0.636272453724811
1	39825613	2	0.362724537248108
1	39884760	2	0.791070887079844
1	39893454	2	0.508616759369016
1	39915566	2	0.587999291993628
1	39919414	2	0.33944386350541
1	39922839	2	0.875626880641926
1	39924161	2	0.265463055834169
1	39945401	2	0.577510308703889
1	40005722	2	0.386255540815996
1	40013013	2	0.310041234815558
1	40041727	2	0.718103027029807
1	40049168	2	0.362724537248108
1	40068231	2	0.680040120361083
1	40272401	2	0.354619413796946
1	40331734	2	0.571141997420834
1	40351832	2	0.427854993552085
1	40397889	2	0.682975756537906
1	40429157	2	0.530202853458334
1	40470485	2	0.782957568357246
1	40510124	2	0.695739392089311
1	40530454	2	0.374122367101304
1	40539959	2	0.231251895220545
1	40542934	2	0.578683418677084
1	40547838	2	0.422343954941748
1	40617497	2	0.346866687017574
1	40662644	2	0.399197592778335
1	40675624	2	0.631473367470833
1	40686197	2	0.380092658929168
1	40698706	2	0.443775771759724
1	40705674	2	0.278836509528586
1	40712844	2	0.510168804285196
1	40720400	2	0.649949849548646
1	40755224	2	0.800401203610833
1	40796752	2	0.595531274675089
1	40798345	1	0.252277960642491
1	40823163	2	0.680893745064982
1	40838371	2	0.58156287042947
1	40848045	2	0.590681134312027
1	40888346	2	0.552850039480143
1	40893048	2	0.681863773137594
1	40931010	2	0.746000714006426
1	40934760	2	0.641433735167767
1	40936504	2	0.277903477875487
1	40950953	2	0.27154189842254
1	40968581	2	0.408315856660892
1	41079727	2	0.844979382592221
1	41082458	2	0.682975756537906
1	41113624	2	0.680040120361083
1	41122398	2	0.227253188135836
1	41138549	2	0.318956870611835
1	41140740	2	0.325507133645836
1	41160061	2	0.48726667808303
1	41161825	2	0.349047141424273
1	41166157	2	0.417858225840312
1	41242122	2	0.473103521089585
1	41249580	2	0.744419304424903
1	41258344	2	0.83687425914106
1	41274047	2	0.312663480637992
1	41293289	2	0.25964851074964
1	41314470	2	0.448324565533335
1	41330538	2	0.551378272749282
1	41356997	2	0.303257598883607
1	41371715	2	0.782957568357246
1	41422891	2	0.518072736728705
1	41426476	2	0.332330324306252
1	41444621	2	0.343859163697991
1	41514284	2	0.684263316264583
1	41523051	2	0.636272453724811
1	41526131	2	0.557812973805136
1	41534932	2	0.693959429308333
1	41559939	2	0.737053265058333
1	41623944	2	0.424806333895303
1	41684055	2	0.552850039480143
1	41686759	2	0.873347314671287
1	41981434	2	0.608521215821377
1	42002317	2	0.407385421570835
1	42011242	2	0.345189414397037
1	42018428	2	0.475617328175001
1	42062016	2	0.775837717233333
1	42067231	2	0.510168804285196
1	42071904	2	0.75025075225677
1	42191495	2	0.443775771759724
1	42221175	2	0.460921225214104
1	42311477	2	0.552850039480143
1	42330642	2	0.417858225840312
1	42337357	2	0.399197592778335
1	42342934	2	0.491783041431988
1	42355190	2	0.306612144124682
1	42358392	2	0.473103521089585
1	42362605	2	0.362724537248108
1	42377767	2	0.473103521089585
1	42405940	2	0.595531274675089
1	42463569	2	0.408315856660892
1	42549897	2	0.439317953861585
1	42563621	2	0.455506871491668
1	42588327	2	0.273329793301473
1	42604111	2	0.399197592778335
1	42638746	2	0.254081393115517
1	42668512	2	0.332330324306252
1	42678561	2	0.354619413796946
1	42741338	2	0.399197592778335
1	42821782	2	0.571141997420834
1	42840646	2	0.408315856660892
1	42848326	2	0.575999183992656
1	42882271	2	0.362724537248108
1	42913683	2	0.610943942939931
1	42921128	2	0.532932129722501
1	42938282	2	0.453907176073676
1	42955440	2	0.324555060530429
1	42998019	2	0.784667728676225
1	43030634	2	0.32329420694516
1	43041572	2	0.362724537248108
1	43059238	1	0.156363828327087
1	43088132	2	0.680893745064982
1	43196276	2	0.594377727777928
1	43204608	2	0.708458709461719
1	43206858	2	0.724310863625359
1	43232641	2	0.332330324306252
1	43237996	2	0.56573494067107
1	43280954	1	0.0696374838802121
1	43297597	2	0.306612144124682
1	43337711	2	0.769539387392948
1	43338620	2	0.731903026151626
1	43353918	2	0.443775771759724
1	43372879	2	0.420313572295835
1	43400955	2	0.510168804285196
1	43435166	2	0.525893469883334
1	43442266	2	0.557812973805136
1	43471870	2	0.409484864850963
1	43522283	2	0.679283132416116
1	43538074	2	0.467487569090249
1	43546714	2	0.513827195873334
1	43588046	2	0.599799398194584
1	43676100	2	0.479438314944834
1	43719803	2	0.351997167974512
1	43740284	2	0.555221219213195
1	43744711	2	0.325507133645836
1	43763413	2	0.549648946840522
1	43788029	2	0.488353950741112
1	43797285	2	0.816776861195832
1	43873210	2	0.578683418677084
1	43893199	2	0.577510308703889
1	43978501	2	0.338638557180977
1	43980026	2	0.488353950741112
1	43985364	2	0.58156287042947
1	44035421	2	0.261943725914586
1	44052420	2	0.592369701697686
1	44087541	2	0.612081141383334
1	44093117	1	0.22509036543593
1	44095893	2	0.538075765758815
1	44125158	2	0.780830295765345
1	44133319	2	0.420313572295835
1	44149704	2	0.399197592778335
1	44234465	2	0.789843213852083
1	44264568	2	0.720160481444333
1	44274702	2	0.590681134312027
1	44277456	2	0.75025075225677
1	44299505	2	0.509331917320589
1	44421594	2	0.599799398194584
1	44431000	1	0.202689701758336
1	44434115	1	0.21140015792057
1	44453388	2	0.641433735167767
1	44458167	2	0.624874623871615
1	44473325	2	0.405997653978886
1	44475139	2	0.424806333895303
1	44503135	2	0.417858225840312
1	44523243	2	0.714429001289583
1	44577951	2	0.557812973805136
1	44644481	2	0.346866687017574
1	44708056	2	0.284567989683336
1	44749156	2	0.587999291993628
1	44776980	2	0.366446277608335
1	44779253	2	0.571141997420834
1	44816429	2	0.362724537248108
1	44824644	2	0.532932129722501
1	44827557	2	0.499498495486459
1	44866950	2	0.599799398194584
1	44867646	2	0.563793945940385
1	44899932	2	0.27468612734756
1	44909441	2	0.610943942939931
1	44976537	2	0.389412138855591
1	45002997	2	0.815260596604629
1	45030225	2	0.284567989683336
1	45049083	2	0.362724537248108
1	45054137	2	0.555221219213195
1	45120033	2	0.88955756157361
1	45138957	2	0.424806333895303
1	45177359	2	0.443775771759724
1	45215984	2	0.680893745064982
1	45269087	2	0.46999822998407
1	45280311	2	0.590681134312027
1	45306364	2	0.61890433204375
1	45446831	2	0.399197592778335
1	45448331	2	0.577510308703889
1	45473037	2	0.466064861250418
1	45483812	2	0.820975747756089
1	45509452	2	0.666666666666667
1	45515219	1	0.214860798612052
1	45515936	2	0.641433735167767
1	45547969	2	0.490036146174372
1	45570887	2	0.464509808495253
1	45603801	2	0.580386320251076
1	45613137	2	0.499498495486459
1	45613314	2	0.727455092550378
1	45619619	2	0.472143703838789
1	45622832	2	0.755823024629444
1	45643114	2	0.578683418677084
1	45691639	2	0.32329420694516
1	45697835	2	0.532932129722501
1	45706677	2	0.284567989683336
1	45707227	2	0.562186559679037
1	45714339	2	0.399197592778335
1	45718537	2	0.744419304424903
1	45722543	2	0.612081141383334
1	45770857	2	0.509331917320589
1	45789870	2	0.320389740650523
1	45866299	2	0.639919759277834
1	45895458	2	0.521303039553443
1	45902152	2	0.697767721769961
1	45951433	2	0.33944386350541
1	45969250	2	0.587999291993628
1	45994720	2	0.453907176073676
1	45997326	2	0.577510308703889
1	45997981	2	0.464509808495253
1	46019344	2	0.310041234815558
1	46072283	2	0.450965800627689
1	46208543	2	0.649949849548646
1	46209130	2	0.389412138855591
1	46226147	2	0.536193947696749
1	46264550	2	0.399197592778335
1	46317378	2	0.545089814899243
1	46410530	2	0.549648946840522
1	46418143	2	0.255175783761541
1	46436363	2	0.366446277608335
1	46525472	2	0.639919759277834
1	46527696	2	0.587999291993628
1	46564018	2	0.359077231695085
1	46567925	2	0.762191335912499
1	46585916	2	0.317133217835324
1	46586228	2	0.409484864850963
1	46630090	2	0.382125098700356
1	46670877	2	0.527885543422721
1	46685930	2	0.399197592778335
1	46688145	2	0.666666666666667
1	46799538	2	0.604464556460078
1	46830159	2	0.532932129722501
1	46830874	2	0.545089814899243
1	46858638	2	0.452186748926023
1	46919151	2	0.354619413796946
1	46929811	2	0.399197592778335
1	46975246	2	0.449348044132397
1	47001275	2	0.519558676028084
1	47029349	2	0.552850039480143
1	47043270	2	0.382125098700356
1	47057839	2	0.743086402063333
1	47094923	2	0.638212509870036
1	47109815	2	0.510168804285196
1	47129513	2	0.303257598883607
1	47160386	2	0.577510308703889
1	47169333	2	0.58156287042947
1	47228772	2	0.766256215454875
1	47273564	2	0.295181841821762
1	47321799	2	0.541290538281511
1	47357764	2	0.457706452691408
1	47363642	2	0.291557599628153
1	47374345	1	0.229457603579971
1	47456030	2	0.346866687017574
1	47500854	2	0.590681134312027
1	47533163	2	0.627332979330147
1	47537370	2	0.399197592778335
1	47552340	2	0.453907176073676
1	47631463	2	0.362724537248108
1	47653301	2	0.511161391150195
1	47705825	2	0.443775771759724
1	47710634	2	0.499498495486459
1	47772365	2	0.571141997420834
1	47851134	2	0.261943725914586
1	47924036	2	0.460921225214104
1	47939394	2	0.510168804285196
1	47962879	2	0.622088487685278
1	47975849	2	0.528998760988849
1	47988226	2	0.666666666666667
1	48055942	2	0.563793945940385
1	48120174	2	0.653020285345833
1	48146822	2	0.420313572295835
1	48165579	2	0.769539387392948
1	48169129	2	0.457706452691408
1	48182594	2	0.536193947696749
1	48260527	2	0.519558676028084
1	48482114	2	0.595531274675089
1	48484576	2	0.332330324306252
1	48506470	2	0.654508981489924
1	48514576	2	0.499498495486459
1	48696779	2	0.489263709495834
1	48719615	2	0.596280068275
1	48728506	1	0.225950579009757
1	48805212	2	0.791070887079844
1	48805870	2	0.587999291993628
1	48880211	2	0.75702784027759
1	48937703	2	0.399197592778335
1	48944067	2	0.415914409896356
1	48948081	2	0.399197592778335
1	48964845	2	0.532932129722501
1	48979893	2	0.399197592778335
1	49028528	2	0.681863773137594
1	49057774	2	0.422343954941748
1	49108649	2	0.427854993552085
1	49109971	2	0.571141997420834
1	49154496	2	0.800401203610833
1	49211455	2	0.443775771759724
1	49212455	2	0.56491212768741
1	49279112	2	0.612081141383334
1	49279138	2	0.278836509528586
1	49285007	2	1.03335813893293
1	49398158	2	0.523379662797918
1	49403282	2	0.417858225840312
1	49480705	2	0.434084863285509
1	49503952	2	0.359077231695085
1	49554094	2	0.317133217835324
1	49596271	2	0.690982037020151
1	49601565	1	0.206954195921097
1	49604440	2	0.351997167974512
1	49619669	2	0.443775771759724
1	49634847	2	0.636272453724811
1	49650760	2	0.43833940846931
1	49701109	2	0.499498495486459
1	49747043	2	0.599799398194584
1	49767968	2	1.10130391173521
1	49777389	2	0.727455092550378
1	49867203	2	0.351997167974512
1	49895861	2	0.499498495486459
1	49935779	2	0.608521215821377
1	49937999	2	0.351997167974512
1	49952441	2	0.475617328175001
1	49989758	2	0.708458709461719
1	49991436	2	0.578683418677084
1	49992185	2	0.303257598883607
1	50331090	2	1.04659432843987
1	50374725	2	0.332330324306252
1	50428743	2	0.523379662797918
1	50431912	2	0.467487569090249
1	50496186	2	0.489263709495834
1	50584716	2	0.737053265058333
1	50636438	2	0.399197592778335
1	50657495	2	0.57665303603117
1	50686971	2	0.43066454264755
1	50708977	2	0.624874623871615
1	50759613	2	0.408315856660892
1	50773556	2	0.515676060439383
1	50774745	2	0.414337351677675
1	50835465	2	0.606963748388021
1	50930762	2	0.374122367101304
1	50933574	2	0.380092658929168
1	50973710	2	0.536193947696749
1	51042388	2	0.399197592778335
1	51083963	2	0.682975756537906
1	51091905	2	0.405997653978886
1	51124397	2	0.399197592778335
1	51182003	2	0.467487569090249
1	51203422	2	0.521303039553443
1	51212839	2	0.377510911111714
1	51219124	2	0.559679037111334
1	51269603	2	0.648594431944482
1	51303274	2	0.473103521089585
1	51318225	2	0.325507133645836
1	51373939	2	0.475617328175001
1	51451040	2	0.519558676028084
1	51503116	2	0.300789159932628
1	51620675	2	0.627332979330147
1	51717107	2	0.684263316264583
1	51722222	2	0.530842527582748
1	51810741	2	0.636272453724811
1	51876598	1	0.225950579009757
1	51891955	1	0.216039422615673
1	51899447	2	0.521303039553443
1	51900390	2	0.519558676028084
1	51908589	2	0.727455092550378
1	51932758	2	0.460921225214104
1	52026849	2	0.666666666666667
1	52029104	2	0.755823024629444
1	52041236	2	0.406627289275233
1	52074451	2	0.541290538281511
1	52085296	2	0.666666666666667
1	52101068	2	0.730962117120593
1	52152653	2	0.525893469883334
1	52215474	1	0.112623585040837
1	52272879	1	0.2037394233984
1	52292860	2	0.61890433204375
1	52362002	2	0.518072736728705
1	52384002	2	0.427854993552085
1	52463673	2	0.340484869241872
1	52464484	2	0.389412138855591
1	52572066	2	0.549648946840522
1	52596948	2	0.618035925959697
1	52597729	2	0.464509808495253
1	52625461	2	0.580386320251076
1	52662267	2	0.562186559679037
1	52697333	2	0.43066454264755
1	52699700	2	0.603584337919419
1	52700858	2	0.374122367101304
1	52701393	2	0.562186559679037
1	52756238	2	0.723574980259929
1	52773956	2	0.448324565533335
1	52777545	2	0.2905382815112
1	52819478	2	0.427854993552085
1	52831501	2	0.610943942939931
1	52933667	2	0.460921225214104
1	53006361	2	0.25683502119261
1	53021376	2	0.731903026151626
1	53037553	2	0.324555060530429
1	53043431	2	0.815260596604629
1	53054211	2	0.479438314944834
1	53092132	2	0.512357585577245
1	53147367	2	0.666666666666667
1	53159583	2	0.695739392089311
1	53181963	2	0.634048486924187
1	53188880	2	0.332330324306252
1	53203595	2	0.475617328175001
1	53218565	2	0.57665303603117
1	53230078	2	0.549648946840522
1	53237050	2	0.332330324306252
1	53287969	2	0.532932129722501
1	53291840	2	0.765000885007965
1	53293807	2	0.298896690070211
1	53330922	2	0.532932129722501
1	53440338	2	0.566365763958542
1	53514262	2	0.37120664318537
1	53526048	2	0.571141997420834
1	53560374	2	0.220884876852781
1	53610581	2	0.65111613911502
1	53634770	2	0.25683502119261
1	53672195	2	0.242630330014434
1	53684248	1	0.1465879118838
1	53692461	2	0.434084863285509
1	53711076	2	0.467487569090249
1	53743852	2	0.46999822998407
1	53768591	2	0.88955756157361
1	53814183	2	0.563793945940385
1	53834711	2	0.25964851074964
1	53864274	2	0.511161391150195
1	53911630	2	0.358048504487822
1	53925874	2	0.420313572295835
1	53981986	2	0.523379662797918
1	54008290	2	0.248746238716148
1	54120637	2	0.467487569090249
1	54147130	2	0.727455092550378
1	54203535	2	0.594377727777928
1	54209043	2	0.464509808495253
1	54302479	2	0.636272453724811
1	54315849	2	0.615230306303526
1	54373649	2	0.473103521089585
1	54397320	2	0.695739392089311
1	54529854	2	0.509331917320589
1	54534430	2	0.220884876852781
1	54558193	2	0.615230306303526
1	54639503	2	0.410997698979291
1	54666473	2	0.693959429308333
1	54675206	2	0.521303039553443
1	54680876	2	0.490036146174372
1	54683550	2	0.833834837846874
1	54713777	2	0.389412138855591
1	54746045	2	0.789843213852083
1	54802815	2	0.499498495486459
1	54827836	2	0.420313572295835
1	54840488	2	0.382125098700356
1	54864988	2	0.340484869241872
1	54869450	2	0.703815149151157
1	54882210	2	0.585121217310468
1	54885062	2	0.605878240782955
1	54899528	2	0.295181841821762
1	54921489	2	0.417858225840312
1	54936129	2	0.762191335912499
1	54957047	2	0.414337351677675
1	54996464	2	0.443775771759724
1	55017119	2	0.541290538281511
1	55043360	2	0.737053265058333
1	55056137	2	0.608521215821377
1	55057459	2	0.583082581076563
1	55083749	2	0.453907176073676
1	55096085	2	0.420313572295835
1	55098448	2	0.488353950741112
1	55111671	2	0.424806333895303
1	55127990	2	0.407385421570835
1	55146067	2	0.530202853458334
1	55147175	2	0.545089814899243
1	55164870	2	0.666666666666667
1	55167880	2	0.317133217835324
1	55176412	2	0.436810431293882
1	55187414	2	0.65111613911502
1	55198027	2	0.516791754574067
1	55206318	2	0.359077231695085
1	55259474	2	0.324555060530429
1	55286996	2	0.571141997420834
1	55323092	2	0.638212509870036
1	55338988	1	0.161750557795836
1	55346465	2	0.536193947696749
1	55425235	2	0.610943942939931
1	55433645	2	0.453907176073676
1	55436843	2	0.540161023611375
1	55476968	2	0.499498495486459
1	55505150	2	0.343859163697991
1	55545792	2	0.479438314944834
1	55557667	2	0.464509808495253
1	55577125	2	0.408315856660892
1	55594867	2	0.284567989683336
1	55613539	2	0.642785499355209
1	55702660	2	0.473103521089585
1	55747638	2	0.755823024629444
1	55827917	2	0.56491212768741
1	55865088	2	0.314733674708336
1	55877413	2	0.276607600579516
1	55885304	2	0.75025075225677
1	55901351	2	0.452186748926023
1	55984758	2	0.292996636969733
1	56013579	2	0.577510308703889
1	56019315	2	0.65111613911502
1	56038929	2	0.78824351843409
1	56064165	1	0.078234704112337
1	56171462	2	0.583082581076563
1	56231283	2	0.382125098700356
1	56251389	2	0.968647879121235
1	56254109	2	0.641433735167767
1	56265695	2	0.604464556460078
1	56273016	2	0.457706452691408
1	56287475	2	0.559679037111334
1	56355122	2	0.61890433204375
1	56357533	2	0.439317953861585
1	56379445	2	0.509331917320589
1	56476863	2	0.231251895220545
1	56490848	2	0.521303039553443
1	56568798	2	0.679283132416116
1	56597543	2	0.399197592778335
1	56645532	2	0.624874623871615
1	56668775	2	0.682975756537906
1	56690221	2	0.457706452691408
1	56745785	2	0.427854993552085
1	56756369	2	0.615230306303526
1	56779560	2	0.557812973805136
1	56791444	2	0.386255540815996
1	56794286	2	0.499498495486459
1	56896293	2	0.548665604657109
1	57065585	2	0.571141997420834
1	57066281	2	0.548665604657109
1	57095688	2	0.844979382592221
1	57119810	2	0.61890433204375
1	57121580	2	0.587999291993628
1	57150645	2	0.258033359337271
1	57175117	2	0.525893469883334
1	57204991	2	0.511161391150195
1	57215986	2	0.420313572295835
1	57248952	2	0.590681134312027
1	57252494	2	0.56491212768741
1	57271199	2	0.615230306303526
1	57281016	2	0.382125098700356
1	57293423	2	0.56573494067107
1	57322449	2	0.460921225214104
1	57335250	2	0.740963631635648
1	57366103	2	0.415914409896356
1	57409223	2	0.43833940846931
1	57456481	2	0.87017574462518
1	57480401	2	0.48726667808303
1	57547871	2	0.449348044132397
1	57556192	2	0.489263709495834
1	57612942	2	0.369478806790743
1	57638550	2	0.628456798968334
1	57650073	2	0.769539387392948
1	57654672	2	0.409484864850963
1	57656669	2	0.615230306303526
1	57716081	2	0.61890433204375
1	57795441	2	0.95000255002295
1	57829801	2	0.332330324306252
1	57837434	2	0.599799398194584
1	57953305	2	0.453907176073676
1	57980889	2	0.46999822998407
1	57995192	2	0.265463055834169
1	58001369	2	0.549648946840522
1	58034286	2	0.43066454264755
1	58062143	2	0.620551309099713
1	58076093	2	0.789843213852083
1	58118282	2	0.857716005158332
1	58139221	2	0.846693927937659
1	58229186	2	0.590681134312027
1	58401058	2	0.443775771759724
1	58411155	2	0.61890433204375
1	58427302	2	0.324555060530429
1	58461476	2	0.566365763958542
1	58488056	2	0.490700170687501
1	58580958	2	0.727455092550378
1	58645257	2	0.563793945940385
1	58646414	2	0.377510911111714
1	58683035	2	0.499498495486459
1	58775797	2	0.612081141383334
1	58799515	2	0.636272453724811
1	58809831	2	0.608521215821377
1	58832202	2	0.585121217310468
1	58923919	2	0.48726667808303
1	58924815	2	0.931829972676651
1	58937479	2	0.457706452691408
1	58969202	2	0.587999291993628
1	58995785	2	0.406627289275233
1	58997228	1	0.225950579009757
1	59048013	2	0.484301389015531
1	59091047	2	0.452186748926023
1	59155018	2	0.439317953861585
1	59211125	1	0.238716148445336
1	59292396	2	0.284567989683336
1	59295875	2	0.587999291993628
1	59307058	2	0.43066454264755
1	59355479	2	0.439317953861585
1	59378064	2	0.417858225840312
1	59444939	2	0.548665604657109
1	59493154	2	0.291557599628153
1	59494118	2	0.499498495486459
1	59507777	2	0.479438314944834
1	59537187	2	0.61890433204375
1	59632972	2	0.408315856660892
1	59733537	2	0.577510308703889
1	59778816	2	0.680893745064982
1	59812100	2	0.32329420694516
1	59815905	2	0.540161023611375
1	59914352	2	0.541290538281511
1	59924734	2	0.604464556460078
1	59995837	2	0.562186559679037
1	60026392	2	0.408315856660892
1	60029664	2	0.702811136111036
1	60042720	2	0.447618718223636
1	60060501	2	0.919677952777251
1	60061922	2	0.464509808495253
1	60063383	2	0.666666666666667
1	60117458	2	0.242630330014434
1	60124450	2	0.731903026151626
1	60133449	2	0.714429001289583
1	60173862	2	0.374122367101304
1	60201067	2	0.65111613911502
1	60392863	2	0.528998760988849
1	60470186	2	0.420313572295835
1	60540468	2	0.399197592778335
1	60679573	2	0.599799398194584
1	60729868	1	0.198595787362086
1	60763064	2	0.499498495486459
1	60789289	2	0.636272453724811
1	60855322	2	0.475617328175001
1	60858074	2	0.349047141424273
1	60899532	2	0.499498495486459
1	60992511	2	0.510168804285196
1	61028387	2	0.599799398194584
1	61030262	2	0.388053048032988
1	61032641	2	0.413032200048421
1	61050751	2	0.314733674708336
1	61058853	2	0.552850039480143
1	61067603	2	0.399197592778335
1	61108543	2	0.615230306303526
1	61113814	2	0.615230306303526
1	61149512	2	0.338638557180977
1	61154605	2	0.261943725914586
1	61215490	2	0.354619413796946
1	61257755	2	0.682975756537906
1	61263157	2	0.557048193761613
1	61294402	2	0.443775771759724
1	61366106	2	0.615230306303526
1	61376126	2	0.427854993552085
1	61504939	2	0.540161023611375
1	61547070	2	0.628456798968334
1	61569829	2	0.449348044132397
1	61611203	2	0.775837717233333
1	61624253	2	0.277903477875487
1	61633852	2	0.578683418677084
1	61718124	2	0.359077231695085
1	61754306	2	0.571141997420834
1	61772361	2	0.407385421570835
1	61824404	2	0.473103521089585
1	61906336	2	0.561086769079167
1	61957527	2	0.678607250322396
1	61960617	2	0.61890433204375
1	61969020	2	0.590681134312027
1	62047380	2	0.408315856660892
1	62050342	2	0.512357585577245
1	62091860	2	0.389412138855591
1	62184266	2	0.408315856660892
1	62231521	2	0.499498495486459
1	62259764	2	0.485944319444821
1	62497794	2	0.61890433204375
1	62534321	2	0.523379662797918
1	62660621	1	0.225950579009757
1	62732471	2	0.399197592778335
1	62736162	2	0.649949849548646
1	62811818	2	0.479438314944834
1	62864689	2	0.311434302908726
1	62867375	2	0.488353950741112
1	62911899	2	0.714429001289583
1	62916299	2	0.434084863285509
1	62942503	2	0.680040120361083
1	62961883	2	0.548665604657109
1	62966052	2	0.571141997420834
1	62970235	2	0.296762628310463
1	63008059	2	0.369478806790743
1	63153365	2	0.678607250322396
1	63158128	2	0.477693951419476
1	63178486	2	0.417858225840312
1	63225313	2	0.399197592778335
1	63282247	2	0.552850039480143
1	63307562	2	0.399197592778335
1	63357897	2	0.383766684669393
1	63367727	2	0.552850039480143
1	63414094	2	0.485944319444821
1	63436219	2	0.25964851074964
1	63437559	2	0.453907176073676
1	63493387	1	0.206954195921097
1	63546260	2	0.61890433204375
1	63550623	2	0.745334041339705
1	63678197	2	0.521303039553443
1	63692737	2	0.615230306303526
1	63693415	2	0.734898573270833
1	63694633	2	0.521303039553443
1	63712481	2	0.65111613911502
1	63761946	2	0.464509808495253
1	63762828	2	0.456512394325835
1	63792244	2	0.782957568357246
1	63809182	2	0.666666666666667
1	63817545	2	0.571141997420834
1	63887901	2	0.603584337919419
1	63893465	2	0.376487954429326
1	63943307	2	0.443775771759724
1	63964109	2	0.37120664318537
1	63968550	2	0.477693951419476
1	63983380	2	0.443775771759724
1	63988272	2	0.622088487685278
1	64001842	2	0.359077231695085
1	64102364	2	0.453907176073676
1	64200306	2	0.578683418677084
1	64237551	2	0.376487954429326
1	64250536	2	0.702811136111036
1	64355176	2	0.436810431293882
1	64377580	2	0.743086402063333
1	64384981	2	0.646999822998407
1	64400352	1	0.194662418628434
1	64404014	2	0.383766684669393
1	64416121	2	0.464509808495253
1	64442768	1	0.194662418628434
1	64451952	2	0.528998760988849
1	64497866	2	0.595531274675089
1	64520837	2	0.722389390393402
1	64562079	2	0.731903026151626
1	64597070	2	0.430059408996219
1	64606519	2	0.583082581076563
1	64610896	1	0.189043320437503
1	64621562	2	0.653807576575882
1	64654499	2	0.577510308703889
1	64676070	2	0.530202853458334
1	64704717	2	0.577510308703889
1	64729570	2	0.762191335912499
1	64746870	2	0.366446277608335
1	64764304	2	0.407385421570835
1	64820620	2	0.248746238716148
1	64872307	2	0.389412138855591
1	64936461	2	0.594377727777928
1	64993760	2	0.33944386350541
1	64995929	2	0.37120664318537
1	65011270	2	0.466064861250418
1	65088866	2	0.377510911111714
1	65124582	2	0.284567989683336
1	65192900	2	0.590681134312027
1	65206626	2	0.415914409896356
1	65207217	2	0.490036146174372
1	65220780	2	0.318956870611835
1	65236843	2	0.473103521089585
1	65246521	2	0.389412138855591
1	65291418	2	0.700100300902708
1	65298116	2	0.510168804285196
1	65299018	2	0.431727615278267
1	65332900	2	0.349047141424273
1	65362604	2	0.254081393115517
1	65402593	2	0.488353950741112
1	65561388	2	0.332330324306252
1	65586205	2	0.306612144124682
1	65595266	2	0.325507133645836
1	65626765	2	0.407385421570835
1	65665383	2	0.408315856660892
1	65857089	2	0.666666666666667
1	65962140	2	0.648594431944482
1	66036415	2	0.439317953861585
1	66038000	2	0.480924254244214
1	66041492	2	0.755823024629444
1	66116834	2	0.680893745064982
1	66193103	2	0.464509808495253
1	66198128	2	0.608521215821377
1	66257402	2	0.349926973904169
1	66258674	2	0.652130303955344
1	66266232	2	0.338638557180977
1	66267579	2	0.434084863285509
1	66289903	2	0.571141997420834
1	66294338	2	0.408315856660892
1	66305760	2	0.457706452691408
1	66323998	2	0.467487569090249
1	66343292	2	0.58156287042947
1	66356068	2	0.599799398194584
1	66357060	2	0.467487569090249
1	66366796	2	0.37120664318537
1	66374625	2	0.557812973805136
1	66395229	2	0.612081141383334
1	66431160	2	0.523379662797918
1	66443688	2	0.460921225214104
1	66464872	2	0.666666666666667
1	66489827	2	0.452186748926023
1	66510493	2	0.499498495486459
1	66515304	2	0.590681134312027
1	66601567	2	0.453907176073676
1	66635982	2	0.431727615278267
1	66656975	2	0.56491212768741
1	66678292	2	0.33944386350541
1	66734826	2	0.391330855311031
1	66743689	2	0.340484869241872
1	66778428	2	0.525893469883334
1	66816250	2	0.829757565379064
1	66828213	2	0.390475775151542
1	66934850	2	0.685771600515833
1	66965209	2	0.555221219213195
1	66975186	2	0.460921225214104
1	66993153	2	0.744419304424903
1	67041105	2	0.562186559679037
1	67077596	2	0.306612144124682
1	67089031	2	0.439317953861585
1	67112702	2	0.399197592778335
1	67206291	2	0.629518184182176
1	67218810	2	0.57665303603117
1	67239261	2	0.318956870611835
1	67264495	2	0.513827195873334
1	67358975	2	0.571141997420834
1	67455315	2	0.521303039553443
1	67468816	2	0.243628845720836
1	67580107	2	0.389412138855591
1	67634702	2	0.431727615278267
1	67657381	2	0.399197592778335
1	67694972	2	0.559679037111334
1	67729765	2	0.666666666666667
1	67746678	2	0.927612104606502
1	67747903	2	0.399197592778335
1	67786763	2	0.780830295765345
1	67839992	2	0.464509808495253
1	67891341	2	0.431727615278267
1	67910753	2	0.599799398194584
1	68018550	2	0.499498495486459
1	68030690	2	0.563793945940385
1	68044049	2	0.557812973805136
1	68103827	2	0.557812973805136
1	68171420	2	0.358048504487822
1	68227468	2	0.392033242584898
1	68234316	2	0.37120664318537
1	68275964	2	0.351997167974512
1	68279009	2	0.512357585577245
1	68283669	2	0.555221219213195
1	68300323	2	0.648594431944482
1	68341899	2	0.758897381800574
1	68358363	2	0.56491212768741
1	68384610	2	0.409484864850963
1	68405574	2	0.431727615278267
1	68591409	2	0.362724537248108
1	68597998	2	0.420313572295835
1	68639665	2	0.399197592778335
1	68649729	2	0.477693951419476
1	68680134	2	0.457706452691408
1	68685757	2	0.604464556460078
1	68702661	2	0.389412138855591
1	68725812	2	0.326251481717881
1	68729843	2	0.265463055834169
1	68791476	2	0.399197592778335
1	68805353	2	0.792042795051822
1	68862607	2	0.417858225840312
1	68865056	2	0.436810431293882
1	68910468	2	0.284567989683336
1	68928981	2	0.693959429308333
1	68974707	2	0.653807576575882
1	69013549	2	0.57665303603117
1	69022665	2	0.559679037111334
1	69038020	2	0.312663480637992
1	69076788	2	0.383766684669393
1	69081934	2	0.298896690070211
1	69087450	2	0.457706452691408
1	69100835	2	0.377510911111714
1	69131477	2	0.643999795998164
1	69146115	2	0.610943942939931
1	69174146	2	0.332330324306252
1	69180169	2	0.577510308703889
1	69236840	2	0.390475775151542
1	69259078	2	0.636272453724811
1	69267946	2	0.643999795998164
1	69314744	2	0.536193947696749
1	69331970	2	0.399197592778335
1	69339431	2	0.359077231695085
1	69363411	2	0.37120664318537
1	69453977	2	0.649949849548646
1	69455947	2	0.666666666666667
1	69463069	2	0.472143703838789
1	69480955	2	0.413032200048421
1	69518143	2	0.618035925959697
1	69613927	2	0.561086769079167
1	69617164	2	0.276607600579516
1	69626191	1	0.232029421598128
1	69702348	1	0.209153777120836
1	69842494	2	0.477693951419476
1	69844168	2	0.545089814899243
1	69848279	2	0.389412138855591
1	69902903	2	0.37120664318537
1	69909151	2	0.792042795051822
1	69921912	2	0.317133217835324
1	69922091	2	0.460921225214104
1	69936394	2	0.629518184182176
1	69946445	2	0.427854993552085
1	69952494	2	0.56573494067107
1	70031511	2	0.337473960342566
1	70032375	2	0.408315856660892
1	70036964	2	0.399197592778335
1	70130462	2	0.314733674708336
1	70137357	2	0.277903477875487
1	70143552	2	0.510168804285196
1	70147853	2	0.42351296313182
1	70217206	2	0.37120664318537
1	70243809	2	0.359734942532516
1	70249161	2	0.763928148080605
1	70251665	2	0.25964851074964
1	70332180	2	0.453907176073676
1	70367672	2	0.415914409896356
1	70383640	2	0.65111613911502
1	70408100	2	0.618035925959697
1	70420639	2	0.367523623502085
1	70487291	2	0.457706452691408
1	70487547	2	0.414337351677675
1	70490501	2	0.434084863285509
1	70515771	2	0.422343954941748
1	70556337	2	0.717132529664465
1	70636856	2	0.276607600579516
1	70753555	2	0.693959429308333
1	70787931	2	0.627332979330147
1	70809066	2	0.615230306303526
1	70822852	2	0.648594431944482
1	70885114	2	0.310041234815558
1	70950000	2	0.399197592778335
1	70972950	2	0.585964790924498
1	70983860	2	0.711244845648055
1	70997853	2	0.578683418677084
1	71052742	2	0.349047141424273
1	71083477	2	0.837722469734786
1	71193109	2	0.236805655060419
1	71199504	2	0.563793945940385
1	71228119	2	0.332330324306252
1	71239061	2	0.523379662797918
1	71248476	2	0.46999822998407
1	71255422	1	0.165162153126045
1	71277522	2	0.697767721769961
1	71287962	2	0.317133217835324
1	71299989	2	0.449348044132397
1	71318535	2	0.739348480223278
1	71326593	2	0.608521215821377
1	71389491	2	0.467487569090249
1	71410812	2	0.25964851074964
1	71412359	2	0.793483899975789
1	71437003	2	0.774517099686155
1	71459538	2	0.306612144124682
1	71467067	2	0.399197592778335
1	71524726	2	0.479438314944834
1	71539918	2	0.362724537248108
1	71607472	2	0.599799398194584
1	71690530	2	0.87241210811923
1	71714747	2	0.489263709495834
1	71736653	2	0.697767721769961
1	71743310	2	0.378445681873206
1	71767451	2	0.56491212768741
1	71792445	2	0.473998265984394
1	71795307	2	0.434084863285509
1	71831334	2	0.369478806790743
1	71881110	2	0.354619413796946
1	71906843	2	0.894299921039715
1	71908580	2	0.65111613911502
1	71913374	2	0.399197592778335
1	72004779	2	0.612081141383334
1	72051087	2	0.248746238716148
1	72051711	2	0.42351296313182
1	72126628	2	0.312663480637992
1	72139730	2	0.57665303603117
1	72154672	2	0.420313572295835
1	72164483	2	0.622088487685278
1	72173885	2	0.415914409896356
1	72177649	2	0.314733674708336
1	72216925	2	0.791070887079844
1	72267964	2	0.254081393115517
1	72342100	2	0.306612144124682
1	72425833	2	0.399197592778335
1	72448026	2	0.292996636969733
1	72460257	2	0.549648946840522
1	72480436	2	0.354619413796946
1	72482210	2	0.324555060530429
1	72501612	2	0.488353950741112
1	72545710	2	0.638212509870036
1	72588548	2	0.389412138855591
1	72606623	2	0.595531274675089
1	72621105	2	0.27468612734756
1	72627667	2	0.351997167974512
1	72630377	2	0.422343954941748
1	72641477	2	0.362724537248108
1	72734912	2	0.641433735167767
1	72779153	2	0.295181841821762
1	72801745	2	0.291557599628153
1	72851231	2	0.399197592778335
1	72970299	2	0.349047141424273
1	72995797	2	0.510168804285196
1	73088640	2	0.366446277608335
1	73089855	2	0.510168804285196
1	73101862	2	0.760280842527583
1	73117714	2	0.595531274675089
1	73162230	2	0.48726667808303
1	73203401	2	0.680893745064982
1	73236198	2	0.731903026151626
1	73270219	2	0.541290538281511
1	73298093	2	0.424806333895303
1	73308745	2	0.548665604657109
1	73374010	2	0.475617328175001
1	73408319	2	0.499498495486459
1	73436011	2	0.236805655060419
1	73459856	2	0.408315856660892
1	73464753	2	0.510168804285196
1	73511675	2	0.610943942939931
1	73545448	2	0.499498495486459
1	73548488	2	0.508616759369016
1	73616456	2	0.340484869241872
1	73625952	2	0.269077502778606
1	73650926	2	0.399197592778335
1	73657841	2	0.578683418677084
1	73669748	2	0.457706452691408
1	73672205	2	0.511161391150195
1	73692015	2	0.653807576575882
1	73709490	2	0.43066454264755
1	73750488	2	0.417858225840312
1	73773721	2	0.782957568357246
1	73778632	2	0.571141997420834
1	73795687	2	0.536193947696749
1	73806877	2	0.849031944317802
1	73809452	2	0.604464556460078
1	73826369	2	0.523379662797918
1	73841771	2	0.499498495486459
1	73919514	2	0.382125098700356
1	73937448	2	0.61890433204375
1	73946980	2	0.86422905078873
1	73958115	2	0.578683418677084
1	73960349	2	0.499498495486459
1	73964628	2	0.499498495486459
1	73988823	2	0.800401203610833
1	74006878	2	0.605878240782955
1	74106774	2	0.682975756537906
1	74131990	2	0.377510911111714
1	74146674	2	0.627332979330147
1	74199818	2	0.390475775151542
1	74209271	2	0.449348044132397
1	74216135	2	0.338638557180977
1	74323427	2	0.509331917320589
1	74342309	2	0.695739392089311
1	74370611	2	0.346866687017574
1	74415210	2	0.818637731375946
1	74417156	2	0.512357585577245
1	74423878	2	0.521303039553443
1	74428849	2	0.815260596604629
1	74448921	2	0.511161391150195
1	74501736	2	0.666666666666667
1	74549154	2	0.769539387392948
1	74589070	2	0.627332979330147
1	74594645	2	0.585121217310468
1	74611342	2	0.552850039480143
1	74628528	2	0.528998760988849
1	74634187	2	0.571141997420834
1	74768268	2	0.769539387392948
1	74786728	2	0.453907176073676
1	74794840	2	0.654508981489924
1	74833731	2	0.434084863285509
1	74856288	2	0.552850039480143
1	74875337	2	0.499498495486459
1	74968456	2	0.380092658929168
1	74978409	2	0.427854993552085
1	74980751	2	0.532932129722501
1	74996749	2	0.467487569090249
1	75017541	2	0.346866687017574
1	75019486	2	0.332330324306252
1	75019500	2	1.02811136111036
1	75019628	2	0.532932129722501
1	75097185	2	0.678000102000918
1	75230242	2	0.800401203610833
1	75231795	2	0.593530591775326
1	75262229	2	0.792042795051822
1	75263579	2	0.697767721769961
1	75288845	2	0.525893469883334
1	75296469	2	0.417858225840312
1	75324107	2	0.555221219213195
1	75336578	2	0.608521215821377
1	75357855	2	0.56491212768741
1	75359613	2	0.380092658929168
1	75395126	2	0.652130303955344
1	75427940	2	0.603584337919419
1	75436466	2	0.377510911111714
1	75447704	2	0.467487569090249
1	75489676	2	0.622088487685278
1	75515711	2	0.276607600579516
1	75528149	2	0.499498495486459
1	75531496	2	0.578683418677084
1	75534530	2	0.499498495486459
1	75566572	2	0.508616759369016
1	75569905	2	0.367523623502085
1	75686867	2	0.477693951419476
1	75762538	2	0.511161391150195
1	75763432	1	0.158475426278837
1	75767039	2	0.25964851074964
1	75768917	2	0.555221219213195
1	75800399	2	0.599799398194584
1	75807917	2	0.420313572295835
1	75810069	2	0.292996636969733
1	75825976	2	0.678607250322396
1	75883607	2	0.745334041339705
1	75894084	2	0.739348480223278
1	75939359	2	0.649949849548646
1	75988762	2	0.499498495486459
1	76015696	2	0.680893745064982
1	76048448	1	0.198595787362086
1	76054328	2	0.42351296313182
1	76058078	2	0.349047141424273
1	76063424	2	0.473103521089585
1	76074851	2	0.248746238716148
1	76103082	2	0.545089814899243
1	76104750	2	0.490700170687501
1	76182265	2	0.519558676028084
1	76184021	2	0.326251481717881
1	76203643	2	0.362724537248108
1	76220305	2	0.553506673867757
1	76238666	2	0.499498495486459
1	76264195	2	0.408315856660892
1	76264982	2	0.577510308703889
1	76266390	2	0.317133217835324
1	76342663	2	0.414337351677675
1	76401048	2	0.376487954429326
1	76407793	2	0.488353950741112
1	76450520	2	0.464509808495253
1	76503765	2	0.374122367101304
1	76521762	2	0.48726667808303
1	76549377	2	0.800401203610833
1	76557086	2	0.449348044132397
1	76557500	2	0.242630330014434
1	76567270	2	0.480924254244214
1	76690509	2	0.477693951419476
1	76783027	2	0.552850039480143
1	76878900	2	0.443775771759724
1	76893551	2	0.392033242584898
1	76912548	2	0.380092658929168
1	76916358	2	0.566365763958542
1	76917682	2	0.332330324306252
1	76947817	2	0.37120664318537
1	76970207	2	0.525893469883334
1	76974271	2	0.706000354003186
1	77026343	2	0.43833940846931
1	77030935	2	0.523379662797918
1	77033061	2	0.261943725914586
1	77079873	2	0.682975756537906
1	77089229	2	0.279540375512502
1	77157750	2	0.351997167974512
1	77171637	2	0.324555060530429
1	77182200	2	0.46999822998407
1	77200012	2	0.349047141424273
1	77225907	2	0.399197592778335
1	77268786	2	0.745334041339705
1	77372238	2	0.571141997420834
1	77478837	2	0.711244845648055
1	77482303	2	0.324555060530429
1	77482924	2	0.296762628310463
1	77526157	2	0.415914409896356
1	77534063	2	0.525893469883334
1	77545124	2	0.443775771759724
1	77619773	2	0.545089814899243
1	77623487	1	0.165162153126045
1	77784063	2	0.408315856660892
1	77832363	2	0.369478806790743
1	77852210	2	0.622088487685278
1	77909738	2	0.424806333895303
1	77988247	2	0.354619413796946
1	77995624	2	0.479438314944834
1	77997412	2	0.431727615278267
1	78026802	2	0.583082581076563
1	78084688	2	0.525893469883334
1	78123505	2	0.399197592778335
1	78142510	2	0.434084863285509
1	78191661	2	0.700100300902708
1	78239766	2	0.708458709461719
1	78272797	2	0.695739392089311
1	78318584	2	0.648594431944482
1	78329935	2	0.306612144124682
1	78370216	2	0.312663480637992
1	78397186	1	0.187240968187582
1	78416259	2	0.666666666666667
1	78462814	2	0.477693951419476
1	78475118	2	0.460921225214104
1	78525563	2	0.399197592778335
1	78528244	2	0.457706452691408
1	78534763	2	0.608521215821377
1	78536409	2	0.711244845648055
1	78543516	2	0.571141997420834
1	78544843	2	0.341882791230835
1	78598103	2	0.254081393115517
1	78603041	2	0.499498495486459
1	78632903	2	0.65111613911502
1	78787023	2	0.518072736728705
1	78789252	2	0.499498495486459
1	78850190	2	0.552850039480143
1	78895411	2	0.608521215821377
1	78940777	2	0.43066454264755
1	78948904	2	0.552850039480143
1	78990551	2	0.415914409896356
1	79029491	2	0.420313572295835
1	79047548	2	0.772246564254166
1	79050746	2	0.552850039480143
1	79090561	2	0.488353950741112
1	79110602	2	0.666666666666667
1	79172436	2	0.585121217310468
1	79192754	2	0.460921225214104
1	79195531	2	0.562186559679037
1	79263253	2	0.702811136111036
1	79274021	1	0.2037394233984
1	79283594	2	0.346866687017574
1	79355743	2	0.563793945940385
1	79357269	2	0.548665604657109
1	79359444	2	0.443775771759724
1	79375982	2	0.464509808495253
1	79412023	2	0.499498495486459
1	79412911	2	0.681863773137594
1	79422388	2	0.391330855311031
1	79424077	2	0.227253188135836
1	79466350	2	0.359077231695085
1	79472934	2	0.499498495486459
1	79483197	2	0.530202853458334
1	79536685	1	0.141280985814587
1	79576023	2	0.654508981489924
1	79636084	2	0.431727615278267
1	79638226	2	0.499498495486459
1	79674116	2	0.545089814899243
1	79688958	2	0.577510308703889
1	79725286	2	0.374122367101304
1	79748201	2	0.317133217835324
1	79818158	2	0.276607600579516
1	79833161	2	0.521303039553443
1	79834290	2	0.33944386350541
1	79882734	2	0.460921225214104
1	79903569	2	0.480924254244214
1	79946688	2	0.653020285345833
1	79949694	2	0.666666666666667
1	79952258	2	0.548665604657109
1	79999211	2	0.374122367101304
1	80146862	2	0.254081393115517
1	80179836	2	0.284567989683336
1	80248713	2	0.37120664318537
1	80308291	2	0.37120664318537
1	80317395	2	0.383766684669393
1	80339920	2	0.612081141383334
1	80349774	2	0.475617328175001
1	80444169	2	0.25964851074964
1	80444974	2	0.303257598883607
1	80446256	2	0.467487569090249
1	80572466	2	0.408315856660892
1	80609979	2	0.711244845648055
1	80631253	2	0.43066454264755
1	80637068	2	0.773046411963162
1	80643502	2	0.435670648308562
1	80668426	2	0.545089814899243
1	80755514	2	0.512357585577245
1	80820269	2	0.488353950741112
1	80848016	2	0.590681134312027
1	80866922	2	0.369478806790743
1	80898640	2	0.434084863285509
1	80913380	2	0.273329793301473
1	80919887	2	0.612081141383334
1	80946776	2	0.693959429308333
1	81039458	2	0.56491212768741
1	81118443	2	0.37120664318537
1	81144376	2	0.695739392089311
1	81154849	2	0.399197592778335
1	81219158	2	0.448324565533335
1	81238632	2	0.409484864850963
1	81263236	2	0.571141997420834
1	81288599	2	0.610943942939931
1	81309379	2	0.555221219213195
1	81331039	1	0.193703060400714
1	81335477	2	0.377510911111714
1	81362978	2	0.414337351677675
1	81368810	2	0.362724537248108
1	81386919	2	0.443775771759724
1	81471665	2	0.346866687017574
1	81477847	2	0.377510911111714
1	81527809	2	0.453907176073676
1	81580597	1	0.15230306303526
1	81583936	2	0.636272453724811
1	81592439	1	0.134767940184189
1	81668750	2	0.639919759277834
1	81687032	1	0.189043320437503
1	81713060	2	0.638212509870036
1	81782121	2	0.477693951419476
1	81833781	2	0.525893469883334
1	81835557	2	0.909820370201514
1	81852227	2	0.362724537248108
1	81869122	2	0.427854993552085
1	81899041	2	0.434084863285509
1	81964892	2	0.646999822998407
1	81998771	2	0.303257598883607
1	82039137	2	0.634048486924187
1	82069585	2	0.587999291993628
1	82077281	2	0.583082581076563
1	82089372	2	0.758897381800574
1	82101343	2	0.392033242584898
1	82102355	2	0.25964851074964
1	82136997	2	0.75025075225677
1	82175600	2	0.332330324306252
1	82205580	2	0.448324565533335
1	82258797	2	0.380092658929168
1	82269360	2	0.679283132416116
1	82289681	2	0.399197592778335
1	82326720	2	0.460921225214104
1	82340243	2	0.524162651890097
1	82384510	2	0.700100300902708
1	82409761	2	0.499498495486459
1	82447942	2	0.585121217310468
1	82482357	2	0.489263709495834
1	82483634	2	0.692384846848237
1	82517301	2	0.477693951419476
1	82560038	2	0.284567989683336
1	82589995	2	0.61890433204375
1	82636616	2	0.488353950741112
1	82677485	2	0.521303039553443
1	82710353	2	0.407385421570835
1	82737296	2	0.499498495486459
1	82836260	2	0.499498495486459
1	82868832	2	0.666666666666667
1	82897446	2	0.530202853458334
1	82910439	2	0.75025075225677
1	82981355	2	0.61890433204375
1	82992180	2	0.765000885007965
1	82995268	1	0.120811413833337
1	83009087	2	0.431727615278267
1	83049680	2	0.700100300902708
1	83066235	2	0.382125098700356
1	83083893	2	0.488353950741112
1	83136494	2	0.439317953861585
1	83147824	2	0.480924254244214
1	83219083	2	0.277903477875487
1	83235197	2	0.351997167974512
1	83249792	2	0.604464556460078
1	83372920	2	0.391330855311031
1	83428654	2	0.615230306303526
1	83469576	2	0.548665604657109
1	83505359	2	0.604464556460078
1	83516617	1	0.220884876852781
1	83549837	2	0.555221219213195
1	83574610	2	0.457706452691408
1	83629092	2	0.306612144124682
1	83686202	2	0.415914409896356
1	83772231	2	0.448324565533335
1	83787060	2	0.692384846848237
1	83813729	2	0.680893745064982
1	83818309	2	0.409484864850963
1	83883984	2	0.639919759277834
1	83908267	2	0.780830295765345
1	83926298	2	0.549648946840522
1	83975694	2	0.731903026151626
1	83999109	2	0.479438314944834
1	84118387	2	0.678000102000918
1	84120294	2	0.479438314944834
1	84128198	2	0.86422905078873
1	84157088	2	0.56491212768741
1	84175062	2	0.578683418677084
1	84199703	2	0.358048504487822
1	84277198	2	0.666666666666667
1	84292782	2	0.399197592778335
1	84314658	2	0.351997167974512
1	84316895	2	0.604464556460078
1	84376132	2	0.467487569090249
1	84406328	2	0.443775771759724
1	84409088	2	0.43833940846931
1	84423445	2	0.739348480223278
1	84434248	1	0.119570833713261
1	84564664	2	0.508616759369016
1	84619623	2	0.512357585577245
1	84649611	2	0.552850039480143
1	84717737	2	0.631473367470833
1	84722557	2	0.540161023611375
1	84728078	2	0.88955756157361
1	84752372	2	0.306612144124682
1	84775455	2	0.284567989683336
1	84796994	2	0.46999822998407
1	84840690	2	0.324555060530429
1	84888781	2	0.563793945940385
1	84929990	2	0.374122367101304
1	84931687	2	0.35621149161771
1	84939177	2	0.649949849548646
1	84985560	2	0.460921225214104
1	84986936	2	0.652130303955344
1	85036504	2	0.519558676028084
1	85111998	2	0.367523623502085
1	85125420	2	0.37120664318537
1	85163337	2	0.509331917320589
1	85164216	2	0.610943942939931
1	85179184	2	0.443775771759724
1	85245567	2	0.624874623871615
1	85267435	2	0.482205236398852
1	85275533	2	0.358048504487822
1	85293893	2	0.595531274675089
1	85312172	1	0.119570833713261
1	85381740	2	0.48726667808303
1	85413109	2	0.499498495486459
1	85452282	2	0.685771600515833
1	85456719	2	0.477693951419476
1	85466978	2	0.447618718223636
1	85502108	2	0.499498495486459
1	85568309	2	0.236805655060419
1	85616694	2	0.711244845648055
1	85617256	2	0.727455092550378
1	85674626	2	0.944228913154558
1	85676984	2	0.549648946840522
1	85786166	1	0.198595787362086
1	85790579	2	0.563793945940385
1	85803845	2	0.681863773137594
1	85813019	2	0.833834837846874
1	85835433	2	0.399197592778335
1	85886103	2	0.499498495486459
1	85951356	1	0.233996105964954
1	85964154	2	1.07098038300949
1	85976654	2	0.666666666666667
1	85995964	2	0.374122367101304
1	86039929	2	0.563793945940385
1	86106692	2	0.443775771759724
1	86109823	2	0.552850039480143
1	86150826	1	0.233996105964954
1	86162999	2	0.312663480637992
1	86190219	2	0.460921225214104
1	86204080	2	0.367523623502085
1	86253159	2	0.499498495486459
1	86261068	2	0.545089814899243
1	86385208	2	0.714429001289583
1	86408714	2	0.499498495486459
1	86447496	2	0.541290538281511
1	86467705	2	0.700100300902708
1	86513582	2	0.434084863285509
1	86566881	2	0.284567989683336
1	86580791	2	0.43833940846931
1	86614339	2	0.608521215821377
1	86624772	2	0.32329420694516
1	86644965	2	0.475617328175001
1	86649435	2	0.425506026275548
1	86657996	2	0.511161391150195
1	86668563	2	0.548665604657109
1	86679067	2	0.745334041339705
1	86689595	2	0.559679037111334
1	86696619	2	0.467487569090249
1	86726916	2	0.829757565379064
1	86772265	2	0.241147685480684
1	86822904	2	0.43066454264755
1	86887563	2	0.351997167974512
1	86914418	2	0.291557599628153
1	86940988	2	0.284567989683336
1	87021828	2	0.509331917320589
1	87036501	2	0.443775771759724
1	87062894	2	0.552850039480143
1	87094562	2	0.545089814899243
1	87125038	2	0.340484869241872
1	87127829	2	0.605878240782955
1	87211588	2	0.37120664318537
1	87219123	2	0.376487954429326
1	87267518	2	0.594377727777928
1	87318159	2	0.75025075225677
1	87351328	2	0.332330324306252
1	87361107	2	0.585121217310468
1	87375394	2	0.666666666666667
1	87381783	2	0.75025075225677
1	87439014	2	0.587999291993628
1	87463812	2	0.499498495486459
1	87465961	2	0.431727615278267
1	87487333	2	0.439317953861585
1	87504137	2	0.525893469883334
1	87529536	2	0.499498495486459
1	87600022	2	0.857716005158332
1	87718151	2	0.878684834992783
1	87719878	1	0.2037394233984
1	87728029	2	0.358048504487822
1	87758826	2	0.666666666666667
1	87771870	2	0.325507133645836
1	87793098	2	0.499498495486459
1	87797592	2	0.58156287042947
1	87877856	2	0.577510308703889
1	87888220	2	0.354619413796946
1	87891471	2	0.450965800627689
1	87915058	2	0.652130303955344
1	87932899	2	0.2905382815112
1	87946300	2	0.362724537248108
1	87980174	2	0.382125098700356
1	88015234	2	0.475617328175001
1	88085350	2	0.536193947696749
1	88106429	2	0.460921225214104
1	88187088	2	0.532932129722501
1	88188071	2	0.310041234815558
1	88190230	2	0.508616759369016
1	88223508	2	0.527885543422721
1	88244940	2	0.358048504487822
1	88298873	2	0.636272453724811
1	88307931	2	0.443775771759724
1	88313779	2	0.413032200048421
1	88335571	2	0.615230306303526
1	88366801	2	0.65111613911502
1	88372343	2	0.43833940846931
1	88372954	2	0.682975756537906
1	88390655	2	0.641433735167767
1	88402402	2	0.477693951419476
1	88423653	2	0.711244845648055
1	88436072	2	0.636272453724811
1	88446577	2	0.559679037111334
1	88519246	2	0.457706452691408
1	88579832	2	0.766256215454875
1	88607633	2	0.458391568147064
1	88715605	2	0.634048486924187
1	88722561	2	0.351997167974512
1	88802863	2	0.434084863285509
1	88812922	2	0.499498495486459
1	88900703	2	0.475617328175001
1	88925342	2	0.48726667808303
1	88932243	2	0.521303039553443
1	88957777	2	0.340484869241872
1	88978726	2	0.37120664318537
1	89090029	2	0.340484869241872
1	89091162	2	0.648594431944482
1	89166204	2	0.499498495486459
1	89263637	2	0.850551654964895
1	89280327	2	0.695739392089311
1	89305127	2	0.42351296313182
1	89333449	2	0.509331917320589
1	89339316	2	0.420313572295835
1	89344230	2	0.488353950741112
1	89371644	2	0.415914409896356
1	89402729	2	0.555221219213195
1	89424199	2	0.511161391150195
1	89466544	2	0.857716005158332
1	89474264	1	0.2037394233984
1	89475234	2	0.443775771759724
1	89491800	2	0.731903026151626
1	89495632	2	0.697767721769961
1	89505055	2	0.443775771759724
1	89520092	2	0.407385421570835
1	89540149	2	0.634048486924187
1	89595175	2	0.325507133645836
1	89651719	2	0.784667728676225
1	89760132	2	0.472143703838789
1	89760363	2	0.269077502778606
1	89802742	2	0.383766684669393
1	89888107	2	0.349047141424273
1	89925122	2	0.424806333895303
1	89953557	2	0.399197592778335
1	90009817	2	0.490036146174372
1	90051449	2	0.488353950741112
1	90075654	2	0.354619413796946
1	90077235	2	0.599799398194584
1	90111753	2	0.475617328175001
1	90187631	2	0.490036146174372
1	90189275	2	0.808937450649822
1	90192076	2	0.415914409896356
1	90222731	1	0.15230306303526
1	90243822	2	0.557812973805136
1	90270005	2	0.284567989683336
1	90292201	2	0.489263709495834
1	90316776	2	0.340484869241872
1	90332880	2	0.638212509870036
1	90416886	2	0.652130303955344
1	90456852	2	0.467487569090249
1	90513706	2	0.652130303955344
1	90516871	2	0.532932129722501
1	90583652	2	0.415914409896356
1	90588262	2	0.43066454264755
1	90612764	2	0.388053048032988
1	90629030	2	0.489263709495834
1	90659388	2	0.464509808495253
1	90678112	2	0.390475775151542
1	90687741	2	0.43066454264755
1	90712670	2	0.624874623871615
1	90722209	2	0.340484869241872
1	90726083	2	0.391330855311031
1	90757078	2	0.583082581076563
1	90774133	2	0.87241210811923
1	90816890	2	0.391330855311031
1	90873128	2	0.479438314944834
1	90937799	2	0.464509808495253
1	90962340	2	0.479438314944834
1	90993306	2	0.717132529664465
1	90998639	2	0.655704819376161
1	91017888	2	0.618035925959697
1	91025905	2	0.432631227014376
1	91095453	2	0.485944319444821
1	91101431	2	0.917418923436978
1	91136555	1	0.216039422615673
1	91158278	2	0.32329420694516
1	91178559	2	0.652130303955344
1	91244159	2	0.714429001289583
1	91247008	2	0.489263709495834
1	91281329	1	0.198595787362086
1	91325452	2	0.448324565533335
1	91348900	2	0.362724537248108
1	91369150	2	0.61890433204375
1	91446875	2	0.415914409896356
1	91460741	2	0.332330324306252
1	91478053	2	0.599799398194584
1	91512641	2	0.596280068275
1	91533392	2	0.618035925959697
1	91613675	2	0.571141997420834
1	91631246	2	0.513827195873334
1	91631978	2	0.685771600515833
1	91727315	2	0.289778426187654
1	91728730	2	0.727455092550378
1	91743107	2	0.46999822998407
1	91784613	2	0.253305370657427
1	91800871	2	0.585121217310468
1	91904505	2	0.595531274675089
1	91908889	2	0.443775771759724
1	91931590	2	0.399197592778335
1	91934711	2	0.56573494067107
1	91979435	2	0.615230306303526
1	92010351	2	0.562186559679037
1	92053614	2	0.460921225214104
1	92060808	2	0.382125098700356
1	92120378	2	0.638212509870036
1	92122732	2	0.409484864850963
1	92126412	2	0.452186748926023
1	92130450	2	0.277903477875487
1	92151178	2	0.563793945940385
1	92183884	2	0.434084863285509
1	92255146	2	0.592369701697686
1	92261251	2	0.427854993552085
1	92266242	2	0.599799398194584
1	92313343	2	0.2905382815112
1	92341224	2	0.354619413796946
1	92381170	2	0.265463055834169
1	92403005	2	0.477693951419476
1	92414494	2	0.392033242584898
1	92495161	2	0.580386320251076
1	92570415	2	0.417858225840312
1	92580556	2	0.415914409896356
1	92650539	2	0.261943725914586
1	92655081	2	0.828070418151005
1	92670882	2	0.306612144124682
1	92680306	2	0.682975756537906
1	92747891	2	0.43833940846931
1	92754394	2	0.391330855311031
1	92853532	2	0.56491212768741
1	92856446	2	0.33944386350541
1	92857726	2	0.608521215821377
1	92912168	2	0.681863773137594
1	93011745	2	0.422343954941748
1	93020923	2	0.33944386350541
1	93060052	2	0.479438314944834
1	93150836	1	0.220884876852781
1	93159065	2	0.800401203610833
1	93221329	2	0.595531274675089
1	93246253	2	0.390475775151542
1	93268692	2	0.638212509870036
1	93309478	2	0.278836509528586
1	93349655	2	0.807439863449999
1	93435733	2	0.236805655060419
1	93475848	2	0.42351296313182
1	93585564	2	0.443775771759724
1	93588448	1	0.198595787362086
1	93616895	2	0.424806333895303
1	93633255	2	0.359077231695085
1	93669813	2	0.338638557180977
1	93718783	2	0.499498495486459
1	93721278	2	0.407385421570835
1	93731219	2	0.563793945940385
1	93734777	2	0.457706452691408
1	93735315	2	0.374122367101304
1	93841139	1	0.198595787362086
1	93926671	2	0.248746238716148
1	93971063	2	0.489263709495834
1	94078508	2	0.666666666666667
1	94080565	2	0.332330324306252
1	94134429	2	0.555221219213195
1	94151208	2	0.236805655060419
1	94223320	2	0.599799398194584
1	94262877	2	0.578683418677084
1	94348713	2	0.608521215821377
1	94370974	2	0.318956870611835
1	94382377	2	0.410997698979291
1	94383463	2	0.590681134312027
1	94420879	2	0.453907176073676
1	94447423	2	0.653807576575882
1	94467830	2	0.56491212768741
1	94514317	2	0.324555060530429
1	94563440	2	0.703815149151157
1	94568381	2	0.463676744519272
1	94615398	2	0.456512394325835
1	94640693	2	0.291557599628153
1	94667758	2	0.523379662797918
1	94684377	2	0.473998265984394
1	94691831	2	0.382125098700356
1	94692937	2	0.549648946840522
1	94718037	2	0.358048504487822
1	94724831	2	0.420313572295835
1	94765735	2	0.362724537248108
1	94795929	2	0.532932129722501
1	94892416	2	0.449348044132397
1	94900383	2	0.390475775151542
1	94906227	2	0.78000102000918
1	95058230	2	0.254081393115517
1	95131529	2	0.519558676028084
1	95151031	2	0.488353950741112
1	95191097	2	0.649949849548646
1	95194920	2	0.314733674708336
1	95200262	2	0.284567989683336
1	95257396	2	0.75025075225677
1	95282271	2	0.424806333895303
1	95286667	2	0.549648946840522
1	95306624	2	0.314733674708336
1	95316643	2	0.595531274675089
1	95356850	2	0.639919759277834
1	95391016	2	0.624874623871615
1	95409327	2	0.605878240782955
1	95441972	2	0.684263316264583
1	95443334	2	0.766256215454875
1	95458442	2	0.541290538281511
1	95487672	2	0.706000354003186
1	95513595	2	0.746000714006426
1	95555042	2	0.477693951419476
1	95621690	2	0.453907176073676
1	95637782	2	0.340484869241872
1	95644999	2	0.599799398194584
1	95660787	2	0.422343954941748
1	95734876	2	0.320389740650523
1	95863963	2	0.27154189842254
1	95866888	2	0.61890433204375
1	95895198	2	0.292996636969733
1	95907315	2	0.46999822998407
1	95938735	2	0.499498495486459
1	95959300	2	0.75025075225677
1	96004480	2	0.439317953861585
1	96007663	2	0.367523623502085
1	96016909	2	0.587999291993628
1	96056858	2	0.340484869241872
1	96102205	2	0.32329420694516
1	96108729	2	0.434084863285509
1	96185348	2	0.557812973805136
1	96248012	2	0.499498495486459
1	96289582	2	0.599799398194584
1	96292466	2	0.549648946840522
1	96308040	2	0.325507133645836
1	96333217	2	0.577510308703889
1	96335389	2	0.763928148080605
1	96343099	2	0.571141997420834
1	96358263	2	0.636272453724811
1	96391597	2	0.678607250322396
1	96396808	2	0.606963748388021
1	96403971	2	0.649949849548646
1	96409986	2	0.43066454264755
1	96479330	2	0.538075765758815
1	96504784	2	0.32329420694516
1	96527314	2	0.530202853458334
1	96541931	2	0.467487569090249
1	96614701	2	0.571141997420834
1	96637398	2	0.479438314944834
1	96683984	2	0.95921096623203
1	96744396	2	0.528998760988849
1	96753867	2	0.314733674708336
1	96772922	2	0.773046411963162
1	96820103	2	0.816776861195832
1	96860061	2	0.512357585577245
1	96915390	2	0.510168804285196
1	96919538	2	0.60999948999541
1	96925255	2	0.43833940846931
1	96927265	2	0.236805655060419
1	96929035	2	0.56491212768741
1	96948538	1	0.240099609172345
1	96960315	2	0.242630330014434
1	97010812	2	0.551378272749282
1	97015482	2	0.306612144124682
1	97022416	2	0.592369701697686
1	97052700	2	0.399197592778335
1	97056054	2	0.590681134312027
1	97065964	2	0.48726667808303
1	97089291	1	0.244347076316669
1	97091838	2	0.857716005158332
1	97200736	2	0.510168804285196
1	97205132	2	0.477693951419476
1	97205268	2	0.61890433204375
1	97242935	2	0.65111613911502
1	97289336	2	0.390475775151542
1	97352221	2	0.306612144124682
1	97353510	2	0.684263316264583
1	97439301	2	0.578683418677084
1	97447467	2	0.65111613911502
1	97473253	2	0.414337351677675
1	97507357	2	0.851618685844768
1	97575944	2	0.639919759277834
1	97617285	2	0.628456798968334
1	97618727	2	0.408315856660892
1	97630167	2	0.35621149161771
1	97658085	2	0.389412138855591
1	97706584	2	0.708458709461719
1	97766971	2	0.317133217835324
1	97784649	2	0.415914409896356
1	97797579	2	0.317133217835324
1	97803785	2	0.627332979330147
1	97890559	2	0.388053048032988
1	97901526	2	0.540161023611375
1	97979021	2	0.571141997420834
1	98004537	2	0.65111613911502
1	98011434	2	0.510168804285196
1	98055293	2	0.541290538281511
1	98077242	2	0.265463055834169
1	98142303	2	0.555221219213195
1	98144150	2	0.460921225214104
1	98218826	2	0.666666666666667
1	98223914	2	0.595531274675089
1	98227060	2	0.473103521089585
1	98324337	2	0.840521564694082
1	98361823	2	0.475617328175001
1	98381419	2	0.362724537248108
1	98444449	1	0.0852121582137718
1	98484732	2	0.758897381800574
1	98504868	2	0.48726667808303
1	98563944	2	0.608521215821377
1	98574491	2	0.466064861250418
1	98596419	2	0.587999291993628
1	98631399	1	0.136340054646699
1	98681014	2	0.535320246453647
1	98692226	2	0.530202853458334
1	98755073	2	0.431727615278267
1	98761705	2	0.431727615278267
1	98902420	2	0.525893469883334
1	98917302	2	0.424806333895303
1	98946653	2	0.382125098700356
1	98970588	2	0.549648946840522
1	98976153	2	0.532932129722501
1	99002909	2	0.692384846848237
1	99038420	2	0.488353950741112
1	99046988	2	0.624874623871615
1	99153136	2	0.291557599628153
1	99195469	2	0.477693951419476
1	99202766	2	0.362724537248108
1	99217549	2	0.467487569090249
1	99257745	2	0.61890433204375
1	99280872	2	0.457706452691408
1	99316945	2	0.457706452691408
1	99381041	2	0.524162651890097
1	99411497	2	0.2905382815112
1	99474073	2	0.666666666666667
1	99492937	2	0.359077231695085
1	99534365	2	0.332330324306252
1	99583364	2	0.714429001289583
1	99629059	2	0.480924254244214
1	99643677	2	0.399197592778335
1	99650308	2	0.571141997420834
1	99715536	2	0.512357585577245
1	99822594	2	0.714429001289583
1	99886554	2	0.58156287042947
1	99942744	2	0.541290538281511
1	99982828	2	0.43066454264755
